216 171 1
0 0
0.166666666666667 0
0.166666666666667 0.166666666666667
0 0.166666666666667
0.166666666666667 0.25
0.166666666666667 0.333333333333333
0 0.333333333333333
0.166666666666667 0.416666666666667
0.166666666666667 0.5
0 0.5
0.166666666666667 0.583333333333333
0.166666666666667 0.666666666666667
0 0.666666666666667
0.166666666666667 0.75
0.166666666666667 0.833333333333333
0 0.833333333333333
0.166666666666667 1
0 1
0.333333333333333 0
0.333333333333333 0.166666666666667
0.25 0.166666666666667
0.25 0.25
0.333333333333333 0.25
0.25 0.333333333333333
0.333333333333333 0.333333333333333
0.25 0.416666666666667
0.333333333333333 0.375
0.333333333333333 0.416666666666667
0.25 0.5
0.333333333333333 0.458333333333333
0.333333333333333 0.5
0.25 0.583333333333333
0.333333333333333 0.541666666666667
0.333333333333333 0.583333333333333
0.25 0.666666666666667
0.333333333333333 0.625
0.333333333333333 0.666666666666667
0.25 0.75
0.333333333333333 0.75
0.25 0.833333333333333
0.333333333333333 0.833333333333333
0.333333333333333 1
0.5 0
0.5 0.166666666666667
0.416666666666667 0.166666666666667
0.416666666666667 0.25
0.5 0.25
0.416666666666667 0.333333333333333
0.375 0.333333333333333
0.5 0.333333333333333
0.458333333333333 0.333333333333333
0.375 0.375
0.416666666666667 0.375
0.375 0.416666666666667
0.416666666666667 0.416666666666667
0.458333333333333 0.375
0.5 0.375
0.458333333333333 0.416666666666667
0.4375 0.416666666666667
0.5 0.416666666666667
0.479166666666667 0.416666666666667
0.375 0.458333333333333
0.416666666666667 0.4375
0.416666666666667 0.458333333333333
0.375 0.5
0.416666666666667 0.479166666666667
0.416666666666667 0.5
0.4375 0.4375
0.458333333333333 0.4375
0.4375 0.458333333333333
0.458333333333333 0.458333333333333
0.479166666666667 0.4375
0.5 0.4375
0.479166666666667 0.458333333333333
0.46875 0.458333333333333
0.5 0.458333333333333
0.489583333333333 0.458333333333333
0.4375 0.479166666666667
0.458333333333333 0.46875
0.458333333333333 0.479166666666667
0.4375 0.5
0.458333333333333 0.489583333333333
0.458333333333333 0.5
0.46875 0.46875
0.479166666666667 0.46875
0.46875 0.479166666666667
0.479166666666667 0.479166666666667
0.489583333333333 0.46875
0.5 0.46875
0.489583333333333 0.479166666666667
0.5 0.479166666666667
0.46875 0.489583333333333
0.479166666666667 0.489583333333333
0.46875 0.5
0.479166666666667 0.5
0.489583333333333 0.489583333333333
0.5 0.489583333333333
0.489583333333333 0.5
0.5 0.5
0.375 0.541666666666667
0.416666666666667 0.520833333333333
0.416666666666667 0.541666666666667
0.375 0.583333333333333
0.416666666666667 0.5625
0.416666666666667 0.583333333333333
0.4375 0.520833333333333
0.458333333333333 0.510416666666667
0.458333333333333 0.520833333333333
0.4375 0.541666666666667
0.458333333333333 0.53125
0.458333333333333 0.541666666666667
0.46875 0.510416666666667
0.479166666666667 0.510416666666667
0.46875 0.520833333333333
0.479166666666667 0.520833333333333
0.489583333333333 0.510416666666667
0.5 0.510416666666667
0.489583333333333 0.520833333333333
0.5 0.520833333333333
0.46875 0.53125
0.479166666666667 0.53125
0.46875 0.541666666666667
0.479166666666667 0.541666666666667
0.489583333333333 0.53125
0.5 0.53125
0.489583333333333 0.541666666666667
0.5 0.541666666666667
0.4375 0.5625
0.458333333333333 0.5625
0.4375 0.583333333333333
0.458333333333333 0.583333333333333
0.479166666666667 0.5625
0.5 0.5625
0.479166666666667 0.583333333333333
0.5 0.583333333333333
0.375 0.625
0.416666666666667 0.625
0.375 0.666666666666667
0.416666666666667 0.666666666666667
0.458333333333333 0.625
0.5 0.625
0.458333333333333 0.666666666666667
0.5 0.666666666666667
0.416666666666667 0.75
0.5 0.75
0.416666666666667 0.833333333333333
0.5 0.833333333333333
0.5 1
0.666666666666667 0
0.666666666666667 0.166666666666667
0.583333333333333 0.166666666666667
0.583333333333333 0.25
0.666666666666667 0.25
0.583333333333333 0.333333333333333
0.541666666666667 0.333333333333333
0.666666666666667 0.333333333333333
0.625 0.333333333333333
0.541666666666667 0.375
0.583333333333333 0.375
0.541666666666667 0.416666666666667
0.520833333333333 0.416666666666667
0.583333333333333 0.416666666666667
0.5625 0.416666666666667
0.625 0.375
0.666666666666667 0.375
0.625 0.416666666666667
0.666666666666667 0.416666666666667
0.520833333333333 0.4375
0.541666666666667 0.4375
0.520833333333333 0.458333333333333
0.510416666666667 0.458333333333333
0.541666666666667 0.458333333333333
0.53125 0.458333333333333
0.5625 0.4375
0.583333333333333 0.4375
0.5625 0.458333333333333
0.583333333333333 0.458333333333333
0.510416666666667 0.46875
0.520833333333333 0.46875
0.510416666666667 0.479166666666667
0.520833333333333 0.479166666666667
0.53125 0.46875
0.541666666666667 0.46875
0.53125 0.479166666666667
0.541666666666667 0.479166666666667
0.510416666666667 0.489583333333333
0.520833333333333 0.489583333333333
0.510416666666667 0.5
0.520833333333333 0.5
0.53125 0.489583333333333
0.541666666666667 0.489583333333333
0.53125 0.5
0.541666666666667 0.5
0.5625 0.479166666666667
0.583333333333333 0.479166666666667
0.5625 0.5
0.583333333333333 0.5
0.625 0.458333333333333
0.666666666666667 0.458333333333333
0.625 0.5
0.666666666666667 0.5
0.833333333333333 0
0.833333333333333 0.166666666666667
0.75 0.166666666666667
0.75 0.25
0.833333333333333 0.25
0.75 0.333333333333333
0.833333333333333 0.333333333333333
0.75 0.416666666666667
0.833333333333333 0.416666666666667
0.75 0.5
0.833333333333333 0.5
1 0
1 0.166666666666667
1 0.333333333333333
1 0.5
4 1 2 3 4
5 4 3 5 6 7
5 7 6 8 9 10
5 10 9 11 12 13
5 13 12 14 15 16
4 16 15 17 18
5 2 19 20 21 3
4 3 21 22 5
4 21 20 23 22
4 5 22 24 6
4 22 23 25 24
4 6 24 26 8
5 24 25 27 28 26
4 8 26 29 9
5 26 28 30 31 29
4 9 29 32 11
5 29 31 33 34 32
4 11 32 35 12
5 32 34 36 37 35
4 12 35 38 14
4 35 37 39 38
4 14 38 40 15
4 38 39 41 40
5 15 40 41 42 17
5 19 43 44 45 20
4 20 45 46 23
4 45 44 47 46
5 23 46 48 49 25
5 46 47 50 51 48
4 25 49 52 27
4 49 48 53 52
4 27 52 54 28
4 52 53 55 54
4 48 51 56 53
4 51 50 57 56
5 53 56 58 59 55
5 56 57 60 61 58
4 28 54 62 30
5 54 55 63 64 62
4 30 62 65 31
5 62 64 66 67 65
4 55 59 68 63
4 59 58 69 68
4 63 68 70 64
4 68 69 71 70
4 58 61 72 69
4 61 60 73 72
5 69 72 74 75 71
5 72 73 76 77 74
4 64 70 78 66
5 70 71 79 80 78
4 66 78 81 67
5 78 80 82 83 81
4 71 75 84 79
4 75 74 85 84
4 79 84 86 80
4 84 85 87 86
4 74 77 88 85
4 77 76 89 88
4 85 88 90 87
4 88 89 91 90
4 80 86 92 82
4 86 87 93 92
4 82 92 94 83
4 92 93 95 94
4 87 90 96 93
4 90 91 97 96
4 93 96 98 95
4 96 97 99 98
4 31 65 100 33
5 65 67 101 102 100
4 33 100 103 34
5 100 102 104 105 103
4 67 81 106 101
5 81 83 107 108 106
4 101 106 109 102
5 106 108 110 111 109
4 83 94 112 107
4 94 95 113 112
4 107 112 114 108
4 112 113 115 114
4 95 98 116 113
4 98 99 117 116
4 113 116 118 115
4 116 117 119 118
4 108 114 120 110
4 114 115 121 120
4 110 120 122 111
4 120 121 123 122
4 115 118 124 121
4 118 119 125 124
4 121 124 126 123
4 124 125 127 126
4 102 109 128 104
4 109 111 129 128
4 104 128 130 105
4 128 129 131 130
5 111 122 123 132 129
5 123 126 127 133 132
4 129 132 134 131
4 132 133 135 134
4 34 103 136 36
4 103 105 137 136
4 36 136 138 37
4 136 137 139 138
5 105 130 131 140 137
5 131 134 135 141 140
4 137 140 142 139
4 140 141 143 142
5 37 138 139 144 39
5 139 142 143 145 144
4 39 144 146 41
4 144 145 147 146
5 41 146 147 148 42
5 43 149 150 151 44
4 44 151 152 47
4 151 150 153 152
5 47 152 154 155 50
5 152 153 156 157 154
4 50 155 158 57
4 155 154 159 158
5 57 158 160 161 60
5 158 159 162 163 160
4 154 157 164 159
4 157 156 165 164
4 159 164 166 162
4 164 165 167 166
4 60 161 168 73
4 161 160 169 168
5 73 168 170 171 76
5 168 169 172 173 170
4 160 163 174 169
4 163 162 175 174
4 169 174 176 172
4 174 175 177 176
4 76 171 178 89
4 171 170 179 178
4 89 178 180 91
4 178 179 181 180
4 170 173 182 179
4 173 172 183 182
4 179 182 184 181
4 182 183 185 184
4 91 180 186 97
4 180 181 187 186
4 97 186 188 99
4 186 187 189 188
4 181 184 190 187
4 184 185 191 190
4 187 190 192 189
4 190 191 193 192
5 172 176 194 185 183
4 176 177 195 194
5 185 194 196 193 191
4 194 195 197 196
5 162 166 198 177 175
4 166 167 199 198
5 177 198 200 197 195
4 198 199 201 200
5 149 202 203 204 150
4 150 204 205 153
4 204 203 206 205
4 153 205 207 156
4 205 206 208 207
5 156 207 209 167 165
4 207 208 210 209
5 167 209 211 201 199
4 209 210 212 211
4 202 213 214 203
5 203 214 215 208 206
5 208 215 216 212 210
1 2 4 7 10 13 16 17 18 19 42 43 99 117 119 125 127 133 135 141 143 145 147 148 149 188 189 192 193 196 197 200 201 202 211 212 213 214 215 216
