1493 1308 1
0 0
0.03125 0
0.03125 0.03125
0 0.03125
0.0625 0
0.0625 0.03125
0.03125 0.0625
0 0.0625
0.0625 0.0625
0.09375 0
0.09375 0.03125
0.125 0
0.125 0.03125
0.09375 0.0625
0.125 0.0625
0.03125 0.09375
0 0.09375
0.0625 0.09375
0.03125 0.125
0 0.125
0.0625 0.125
0.09375 0.09375
0.125 0.09375
0.09375 0.125
0.125 0.125
0.15625 0
0.15625 0.03125
0.1875 0
0.1875 0.03125
0.15625 0.0625
0.1875 0.0625
0.21875 0
0.21875 0.03125
0.25 0
0.25 0.03125
0.21875 0.0625
0.25 0.0625
0.15625 0.09375
0.1875 0.09375
0.15625 0.125
0.1875 0.125
0.21875 0.09375
0.25 0.09375
0.21875 0.125
0.25 0.125
0.03125 0.15625
0 0.15625
0.0625 0.15625
0.03125 0.1875
0 0.1875
0.0625 0.1875
0.09375 0.15625
0.125 0.15625
0.09375 0.1875
0.125 0.1875
0.03125 0.21875
0 0.21875
0.0625 0.21875
0.03125 0.25
0 0.25
0.0625 0.25
0.09375 0.21875
0.125 0.21875
0.09375 0.25
0.125 0.25
0.15625 0.15625
0.1875 0.15625
0.15625 0.1875
0.1875 0.1875
0.21875 0.15625
0.25 0.15625
0.21875 0.1875
0.25 0.1875
0.15625 0.21875
0.1875 0.21875
0.15625 0.25
0.1875 0.25
0.21875 0.21875
0.25 0.21875
0.21875 0.25
0.25 0.25
0.03125 0.28125
0 0.28125
0.0625 0.28125
0.03125 0.3125
0 0.3125
0.0625 0.3125
0.09375 0.28125
0.125 0.28125
0.09375 0.3125
0.125 0.3125
0.03125 0.34375
0 0.34375
0.0625 0.34375
0.03125 0.375
0 0.375
0.0625 0.375
0.09375 0.34375
0.125 0.34375
0.09375 0.375
0.125 0.375
0.15625 0.28125
0.1875 0.28125
0.15625 0.3125
0.1875 0.3125
0.21875 0.28125
0.25 0.28125
0.21875 0.3125
0.25 0.3125
0.15625 0.34375
0.1875 0.34375
0.15625 0.375
0.1875 0.375
0.21875 0.34375
0.25 0.34375
0.21875 0.375
0.25 0.375
0.03125 0.40625
0 0.40625
0.0625 0.40625
0.03125 0.4375
0 0.4375
0.0625 0.4375
0.09375 0.40625
0.125 0.40625
0.09375 0.4375
0.125 0.4375
0.03125 0.46875
0 0.46875
0.0625 0.46875
0.03125 0.5
0 0.5
0.0625 0.5
0.09375 0.46875
0.125 0.46875
0.09375 0.5
0.125 0.5
0.15625 0.40625
0.1875 0.40625
0.15625 0.4375
0.1875 0.4375
0.21875 0.40625
0.25 0.40625
0.21875 0.4375
0.25 0.4375
0.15625 0.46875
0.1875 0.46875
0.15625 0.5
0.1875 0.5
0.21875 0.46875
0.25 0.46875
0.21875 0.5
0.25 0.5
0.03125 0.53125
0 0.53125
0.0625 0.53125
0.03125 0.5625
0 0.5625
0.0625 0.5625
0.09375 0.53125
0.125 0.53125
0.09375 0.5625
0.125 0.5625
0.03125 0.59375
0 0.59375
0.0625 0.59375
0.03125 0.625
0 0.625
0.0625 0.625
0.09375 0.59375
0.125 0.59375
0.09375 0.625
0.125 0.625
0.15625 0.53125
0.1875 0.53125
0.15625 0.5625
0.1875 0.5625
0.21875 0.53125
0.25 0.53125
0.21875 0.5625
0.25 0.5625
0.15625 0.59375
0.1875 0.59375
0.15625 0.625
0.1875 0.625
0.21875 0.59375
0.25 0.59375
0.21875 0.625
0.25 0.625
0.03125 0.65625
0 0.65625
0.0625 0.65625
0.03125 0.6875
0 0.6875
0.0625 0.6875
0.09375 0.65625
0.125 0.65625
0.09375 0.6875
0.125 0.6875
0.03125 0.71875
0 0.71875
0.0625 0.71875
0.03125 0.75
0 0.75
0.0625 0.75
0.09375 0.71875
0.125 0.71875
0.09375 0.75
0.125 0.75
0.15625 0.65625
0.1875 0.65625
0.15625 0.6875
0.1875 0.6875
0.21875 0.65625
0.25 0.65625
0.21875 0.6875
0.25 0.6875
0.15625 0.71875
0.1875 0.71875
0.15625 0.75
0.1875 0.75
0.21875 0.71875
0.25 0.71875
0.21875 0.75
0.25 0.75
0.03125 0.78125
0 0.78125
0.0625 0.78125
0.03125 0.8125
0 0.8125
0.0625 0.8125
0.09375 0.78125
0.125 0.78125
0.09375 0.8125
0.125 0.8125
0.03125 0.84375
0 0.84375
0.0625 0.84375
0.03125 0.875
0 0.875
0.0625 0.875
0.09375 0.84375
0.125 0.84375
0.09375 0.875
0.125 0.875
0.15625 0.78125
0.1875 0.78125
0.15625 0.8125
0.1875 0.8125
0.21875 0.78125
0.25 0.78125
0.21875 0.8125
0.25 0.8125
0.15625 0.84375
0.1875 0.84375
0.15625 0.875
0.1875 0.875
0.21875 0.84375
0.25 0.84375
0.21875 0.875
0.25 0.875
0.03125 0.90625
0 0.90625
0.0625 0.90625
0.03125 0.9375
0 0.9375
0.0625 0.9375
0.09375 0.90625
0.125 0.90625
0.09375 0.9375
0.125 0.9375
0.03125 0.96875
0 0.96875
0.0625 0.96875
0.03125 1
0 1
0.0625 1
0.09375 0.96875
0.125 0.96875
0.09375 1
0.125 1
0.15625 0.90625
0.1875 0.90625
0.15625 0.9375
0.1875 0.9375
0.21875 0.90625
0.25 0.90625
0.21875 0.9375
0.25 0.9375
0.15625 0.96875
0.1875 0.96875
0.15625 1
0.1875 1
0.21875 0.96875
0.25 0.96875
0.21875 1
0.25 1
0.28125 0
0.28125 0.03125
0.3125 0
0.3125 0.03125
0.28125 0.0625
0.3125 0.0625
0.34375 0
0.34375 0.03125
0.375 0
0.375 0.03125
0.34375 0.0625
0.375 0.0625
0.28125 0.09375
0.3125 0.09375
0.28125 0.125
0.3125 0.125
0.34375 0.09375
0.375 0.09375
0.34375 0.125
0.375 0.125
0.40625 0
0.40625 0.03125
0.4375 0
0.4375 0.03125
0.40625 0.0625
0.4375 0.0625
0.46875 0
0.46875 0.03125
0.5 0
0.5 0.03125
0.46875 0.0625
0.5 0.0625
0.40625 0.09375
0.4375 0.09375
0.40625 0.125
0.4375 0.125
0.46875 0.09375
0.5 0.09375
0.46875 0.125
0.5 0.125
0.28125 0.15625
0.3125 0.15625
0.28125 0.1875
0.3125 0.1875
0.34375 0.15625
0.375 0.15625
0.34375 0.1875
0.375 0.1875
0.28125 0.21875
0.3125 0.21875
0.28125 0.25
0.3125 0.25
0.34375 0.21875
0.375 0.21875
0.34375 0.25
0.375 0.25
0.40625 0.15625
0.4375 0.15625
0.40625 0.1875
0.4375 0.1875
0.46875 0.15625
0.5 0.15625
0.46875 0.1875
0.5 0.1875
0.40625 0.21875
0.4375 0.21875
0.40625 0.25
0.4375 0.25
0.46875 0.21875
0.5 0.21875
0.46875 0.25
0.5 0.25
0.28125 0.28125
0.3125 0.28125
0.28125 0.3125
0.3125 0.3125
0.34375 0.28125
0.375 0.28125
0.34375 0.3125
0.375 0.3125
0.28125 0.34375
0.3125 0.34375
0.28125 0.375
0.3125 0.375
0.34375 0.34375
0.375 0.34375
0.34375 0.375
0.375 0.375
0.40625 0.28125
0.4375 0.28125
0.40625 0.3125
0.4375 0.3125
0.46875 0.28125
0.5 0.28125
0.46875 0.3125
0.5 0.3125
0.40625 0.34375
0.4375 0.34375
0.40625 0.375
0.4375 0.375
0.46875 0.34375
0.5 0.34375
0.46875 0.375
0.5 0.375
0.28125 0.40625
0.3125 0.40625
0.28125 0.4375
0.3125 0.4375
0.34375 0.40625
0.375 0.40625
0.34375 0.4375
0.375 0.4375
0.28125 0.46875
0.3125 0.46875
0.28125 0.5
0.3125 0.5
0.34375 0.46875
0.375 0.46875
0.34375 0.5
0.375 0.5
0.40625 0.40625
0.4375 0.40625
0.40625 0.4375
0.4375 0.4375
0.46875 0.40625
0.5 0.40625
0.46875 0.4375
0.453125 0.4375
0.5 0.4375
0.484375 0.4375
0.40625 0.46875
0.4375 0.453125
0.4375 0.46875
0.40625 0.5
0.4375 0.484375
0.4375 0.5
0.453125 0.453125
0.46875 0.453125
0.453125 0.46875
0.46875 0.46875
0.484375 0.453125
0.5 0.453125
0.484375 0.46875
0.4765625 0.46875
0.5 0.46875
0.4921875 0.46875
0.453125 0.484375
0.46875 0.4765625
0.46875 0.484375
0.453125 0.5
0.46875 0.4921875
0.46875 0.5
0.4765625 0.4765625
0.484375 0.4765625
0.4765625 0.484375
0.484375 0.484375
0.4921875 0.4765625
0.5 0.4765625
0.4921875 0.484375
0.48828125 0.484375
0.5 0.484375
0.49609375 0.484375
0.4765625 0.4921875
0.484375 0.48828125
0.484375 0.4921875
0.4765625 0.5
0.484375 0.49609375
0.484375 0.5
0.48828125 0.48828125
0.4921875 0.48828125
0.48828125 0.4921875
0.4921875 0.4921875
0.49609375 0.48828125
0.5 0.48828125
0.49609375 0.4921875
0.494140625 0.4921875
0.5 0.4921875
0.498046875 0.4921875
0.48828125 0.49609375
0.4921875 0.494140625
0.4921875 0.49609375
0.48828125 0.5
0.4921875 0.498046875
0.4921875 0.5
0.494140625 0.494140625
0.49609375 0.494140625
0.494140625 0.49609375
0.49609375 0.49609375
0.498046875 0.494140625
0.5 0.494140625
0.498046875 0.49609375
0.4970703125 0.49609375
0.5 0.49609375
0.4990234375 0.49609375
0.494140625 0.498046875
0.49609375 0.4970703125
0.49609375 0.498046875
0.494140625 0.5
0.49609375 0.4990234375
0.49609375 0.5
0.4970703125 0.4970703125
0.498046875 0.4970703125
0.4970703125 0.498046875
0.498046875 0.498046875
0.4990234375 0.4970703125
0.5 0.4970703125
0.4990234375 0.498046875
0.49853515625 0.498046875
0.5 0.498046875
0.49951171875 0.498046875
0.4970703125 0.4990234375
0.498046875 0.49853515625
0.498046875 0.4990234375
0.4970703125 0.5
0.498046875 0.49951171875
0.498046875 0.5
0.49853515625 0.49853515625
0.4990234375 0.49853515625
0.49853515625 0.4990234375
0.4990234375 0.4990234375
0.49951171875 0.49853515625
0.5 0.49853515625
0.49951171875 0.4990234375
0.499267578125 0.4990234375
0.5 0.4990234375
0.499755859375 0.4990234375
0.49853515625 0.49951171875
0.4990234375 0.499267578125
0.4990234375 0.49951171875
0.49853515625 0.5
0.4990234375 0.499755859375
0.4990234375 0.5
0.499267578125 0.499267578125
0.49951171875 0.499267578125
0.499267578125 0.49951171875
0.49951171875 0.49951171875
0.499755859375 0.499267578125
0.5 0.499267578125
0.499755859375 0.49951171875
0.4996337890625 0.49951171875
0.5 0.49951171875
0.4998779296875 0.49951171875
0.499267578125 0.499755859375
0.49951171875 0.4996337890625
0.49951171875 0.499755859375
0.499267578125 0.5
0.49951171875 0.4998779296875
0.49951171875 0.5
0.4996337890625 0.4996337890625
0.499755859375 0.4996337890625
0.4996337890625 0.499755859375
0.499755859375 0.499755859375
0.4998779296875 0.4996337890625
0.5 0.4996337890625
0.4998779296875 0.499755859375
0.49981689453125 0.499755859375
0.5 0.499755859375
0.49993896484375 0.499755859375
0.4996337890625 0.4998779296875
0.499755859375 0.49981689453125
0.499755859375 0.4998779296875
0.4996337890625 0.5
0.499755859375 0.49993896484375
0.499755859375 0.5
0.49981689453125 0.49981689453125
0.4998779296875 0.49981689453125
0.49981689453125 0.4998779296875
0.4998779296875 0.4998779296875
0.49993896484375 0.49981689453125
0.5 0.49981689453125
0.49993896484375 0.4998779296875
0.499908447265625 0.4998779296875
0.5 0.4998779296875
0.499969482421875 0.4998779296875
0.49981689453125 0.49993896484375
0.4998779296875 0.499908447265625
0.4998779296875 0.49993896484375
0.49981689453125 0.5
0.4998779296875 0.499969482421875
0.4998779296875 0.5
0.499908447265625 0.499908447265625
0.49993896484375 0.499908447265625
0.499908447265625 0.49993896484375
0.49993896484375 0.49993896484375
0.499969482421875 0.499908447265625
0.5 0.499908447265625
0.499969482421875 0.49993896484375
0.499954223632812 0.49993896484375
0.5 0.49993896484375
0.499984741210938 0.49993896484375
0.499908447265625 0.499969482421875
0.49993896484375 0.499954223632812
0.49993896484375 0.499969482421875
0.499908447265625 0.5
0.49993896484375 0.499984741210938
0.49993896484375 0.5
0.499954223632812 0.499954223632812
0.499969482421875 0.499954223632812
0.499954223632812 0.499969482421875
0.499969482421875 0.499969482421875
0.499984741210938 0.499954223632812
0.5 0.499954223632812
0.499984741210938 0.499969482421875
0.499977111816406 0.499969482421875
0.5 0.499969482421875
0.499992370605469 0.499969482421875
0.499954223632812 0.499984741210938
0.499969482421875 0.499977111816406
0.499969482421875 0.499984741210938
0.499954223632812 0.5
0.499969482421875 0.499992370605469
0.499969482421875 0.5
0.499977111816406 0.499977111816406
0.499984741210938 0.499977111816406
0.499977111816406 0.499984741210938
0.499984741210938 0.499984741210938
0.499992370605469 0.499977111816406
0.5 0.499977111816406
0.499992370605469 0.499984741210938
0.499988555908203 0.499984741210938
0.5 0.499984741210938
0.499996185302734 0.499984741210938
0.499977111816406 0.499992370605469
0.499984741210938 0.499988555908203
0.499984741210938 0.499992370605469
0.499977111816406 0.5
0.499984741210938 0.499996185302734
0.499984741210938 0.5
0.499988555908203 0.499988555908203
0.499992370605469 0.499988555908203
0.499988555908203 0.499992370605469
0.499992370605469 0.499992370605469
0.499996185302734 0.499988555908203
0.5 0.499988555908203
0.499996185302734 0.499992370605469
0.499994277954102 0.499992370605469
0.5 0.499992370605469
0.499998092651367 0.499992370605469
0.499988555908203 0.499996185302734
0.499992370605469 0.499994277954102
0.499992370605469 0.499996185302734
0.499988555908203 0.5
0.499992370605469 0.499998092651367
0.499992370605469 0.5
0.499994277954102 0.499994277954102
0.499996185302734 0.499994277954102
0.499994277954102 0.499996185302734
0.499996185302734 0.499996185302734
0.499998092651367 0.499994277954102
0.5 0.499994277954102
0.499998092651367 0.499996185302734
0.499997138977051 0.499996185302734
0.5 0.499996185302734
0.499999046325684 0.499996185302734
0.499994277954102 0.499998092651367
0.499996185302734 0.499997138977051
0.499996185302734 0.499998092651367
0.499994277954102 0.5
0.499996185302734 0.499999046325684
0.499996185302734 0.5
0.499997138977051 0.499997138977051
0.499998092651367 0.499997138977051
0.499997138977051 0.499998092651367
0.499998092651367 0.499998092651367
0.499999046325684 0.499997138977051
0.5 0.499997138977051
0.499999046325684 0.499998092651367
0.5 0.499998092651367
0.499997138977051 0.499999046325684
0.499998092651367 0.499999046325684
0.499997138977051 0.5
0.499998092651367 0.5
0.499999046325684 0.499999046325684
0.5 0.499999046325684
0.499999046325684 0.5
0.5 0.5
0.28125 0.53125
0.3125 0.53125
0.28125 0.5625
0.3125 0.5625
0.34375 0.53125
0.375 0.53125
0.34375 0.5625
0.375 0.5625
0.28125 0.59375
0.3125 0.59375
0.28125 0.625
0.3125 0.625
0.34375 0.59375
0.375 0.59375
0.34375 0.625
0.375 0.625
0.40625 0.53125
0.4375 0.515625
0.4375 0.53125
0.40625 0.5625
0.4375 0.546875
0.4375 0.5625
0.453125 0.515625
0.46875 0.5078125
0.46875 0.515625
0.453125 0.53125
0.46875 0.5234375
0.46875 0.53125
0.4765625 0.5078125
0.484375 0.50390625
0.484375 0.5078125
0.4765625 0.515625
0.484375 0.51171875
0.484375 0.515625
0.48828125 0.50390625
0.4921875 0.501953125
0.4921875 0.50390625
0.48828125 0.5078125
0.4921875 0.505859375
0.4921875 0.5078125
0.494140625 0.501953125
0.49609375 0.5009765625
0.49609375 0.501953125
0.494140625 0.50390625
0.49609375 0.5029296875
0.49609375 0.50390625
0.4970703125 0.5009765625
0.498046875 0.50048828125
0.498046875 0.5009765625
0.4970703125 0.501953125
0.498046875 0.50146484375
0.498046875 0.501953125
0.49853515625 0.50048828125
0.4990234375 0.500244140625
0.4990234375 0.50048828125
0.49853515625 0.5009765625
0.4990234375 0.500732421875
0.4990234375 0.5009765625
0.499267578125 0.500244140625
0.49951171875 0.5001220703125
0.49951171875 0.500244140625
0.499267578125 0.50048828125
0.49951171875 0.5003662109375
0.49951171875 0.50048828125
0.4996337890625 0.5001220703125
0.499755859375 0.50006103515625
0.499755859375 0.5001220703125
0.4996337890625 0.500244140625
0.499755859375 0.50018310546875
0.499755859375 0.500244140625
0.49981689453125 0.50006103515625
0.4998779296875 0.500030517578125
0.4998779296875 0.50006103515625
0.49981689453125 0.5001220703125
0.4998779296875 0.500091552734375
0.4998779296875 0.5001220703125
0.499908447265625 0.500030517578125
0.49993896484375 0.500015258789062
0.49993896484375 0.500030517578125
0.499908447265625 0.50006103515625
0.49993896484375 0.500045776367188
0.49993896484375 0.50006103515625
0.499954223632812 0.500015258789062
0.499969482421875 0.500007629394531
0.499969482421875 0.500015258789062
0.499954223632812 0.500030517578125
0.499969482421875 0.500022888183594
0.499969482421875 0.500030517578125
0.499977111816406 0.500007629394531
0.499984741210938 0.500003814697266
0.499984741210938 0.500007629394531
0.499977111816406 0.500015258789062
0.499984741210938 0.500011444091797
0.499984741210938 0.500015258789062
0.499988555908203 0.500003814697266
0.499992370605469 0.500001907348633
0.499992370605469 0.500003814697266
0.499988555908203 0.500007629394531
0.499992370605469 0.500005722045898
0.499992370605469 0.500007629394531
0.499994277954102 0.500001907348633
0.499996185302734 0.500000953674316
0.499996185302734 0.500001907348633
0.499994277954102 0.500003814697266
0.499996185302734 0.500002861022949
0.499996185302734 0.500003814697266
0.499997138977051 0.500000953674316
0.499998092651367 0.500000953674316
0.499997138977051 0.500001907348633
0.499998092651367 0.500001907348633
0.499999046325684 0.500000953674316
0.5 0.500000953674316
0.499999046325684 0.500001907348633
0.5 0.500001907348633
0.499997138977051 0.500002861022949
0.499998092651367 0.500002861022949
0.499997138977051 0.500003814697266
0.499998092651367 0.500003814697266
0.499999046325684 0.500002861022949
0.5 0.500002861022949
0.499999046325684 0.500003814697266
0.5 0.500003814697266
0.499994277954102 0.500005722045898
0.499996185302734 0.500005722045898
0.499994277954102 0.500007629394531
0.499996185302734 0.500007629394531
0.499998092651367 0.500005722045898
0.5 0.500005722045898
0.499998092651367 0.500007629394531
0.5 0.500007629394531
0.499988555908203 0.500011444091797
0.499992370605469 0.500011444091797
0.499988555908203 0.500015258789062
0.499992370605469 0.500015258789062
0.499996185302734 0.500011444091797
0.5 0.500011444091797
0.499996185302734 0.500015258789062
0.5 0.500015258789062
0.499977111816406 0.500022888183594
0.499984741210938 0.500022888183594
0.499977111816406 0.500030517578125
0.499984741210938 0.500030517578125
0.499992370605469 0.500022888183594
0.5 0.500022888183594
0.499992370605469 0.500030517578125
0.5 0.500030517578125
0.499954223632812 0.500045776367188
0.499969482421875 0.500045776367188
0.499954223632812 0.50006103515625
0.499969482421875 0.50006103515625
0.499984741210938 0.500045776367188
0.5 0.500045776367188
0.499984741210938 0.50006103515625
0.5 0.50006103515625
0.499908447265625 0.500091552734375
0.49993896484375 0.500091552734375
0.499908447265625 0.5001220703125
0.49993896484375 0.5001220703125
0.499969482421875 0.500091552734375
0.5 0.500091552734375
0.499969482421875 0.5001220703125
0.5 0.5001220703125
0.49981689453125 0.50018310546875
0.4998779296875 0.50018310546875
0.49981689453125 0.500244140625
0.4998779296875 0.500244140625
0.49993896484375 0.50018310546875
0.5 0.50018310546875
0.49993896484375 0.500244140625
0.5 0.500244140625
0.4996337890625 0.5003662109375
0.499755859375 0.5003662109375
0.4996337890625 0.50048828125
0.499755859375 0.50048828125
0.4998779296875 0.5003662109375
0.5 0.5003662109375
0.4998779296875 0.50048828125
0.5 0.50048828125
0.499267578125 0.500732421875
0.49951171875 0.500732421875
0.499267578125 0.5009765625
0.49951171875 0.5009765625
0.499755859375 0.500732421875
0.5 0.500732421875
0.499755859375 0.5009765625
0.5 0.5009765625
0.49853515625 0.50146484375
0.4990234375 0.50146484375
0.49853515625 0.501953125
0.4990234375 0.501953125
0.49951171875 0.50146484375
0.5 0.50146484375
0.49951171875 0.501953125
0.5 0.501953125
0.4970703125 0.5029296875
0.498046875 0.5029296875
0.4970703125 0.50390625
0.498046875 0.50390625
0.4990234375 0.5029296875
0.5 0.5029296875
0.4990234375 0.50390625
0.5 0.50390625
0.494140625 0.505859375
0.49609375 0.505859375
0.494140625 0.5078125
0.49609375 0.5078125
0.498046875 0.505859375
0.5 0.505859375
0.498046875 0.5078125
0.5 0.5078125
0.48828125 0.51171875
0.4921875 0.51171875
0.48828125 0.515625
0.4921875 0.515625
0.49609375 0.51171875
0.5 0.51171875
0.49609375 0.515625
0.5 0.515625
0.4765625 0.5234375
0.484375 0.5234375
0.4765625 0.53125
0.484375 0.53125
0.4921875 0.5234375
0.5 0.5234375
0.4921875 0.53125
0.5 0.53125
0.453125 0.546875
0.46875 0.546875
0.453125 0.5625
0.46875 0.5625
0.484375 0.546875
0.5 0.546875
0.484375 0.5625
0.5 0.5625
0.40625 0.59375
0.4375 0.59375
0.40625 0.625
0.4375 0.625
0.46875 0.59375
0.5 0.59375
0.46875 0.625
0.5 0.625
0.28125 0.65625
0.3125 0.65625
0.28125 0.6875
0.3125 0.6875
0.34375 0.65625
0.375 0.65625
0.34375 0.6875
0.375 0.6875
0.28125 0.71875
0.3125 0.71875
0.28125 0.75
0.3125 0.75
0.34375 0.71875
0.375 0.71875
0.34375 0.75
0.375 0.75
0.40625 0.65625
0.4375 0.65625
0.40625 0.6875
0.4375 0.6875
0.46875 0.65625
0.5 0.65625
0.46875 0.6875
0.5 0.6875
0.40625 0.71875
0.4375 0.71875
0.40625 0.75
0.4375 0.75
0.46875 0.71875
0.5 0.71875
0.46875 0.75
0.5 0.75
0.28125 0.78125
0.3125 0.78125
0.28125 0.8125
0.3125 0.8125
0.34375 0.78125
0.375 0.78125
0.34375 0.8125
0.375 0.8125
0.28125 0.84375
0.3125 0.84375
0.28125 0.875
0.3125 0.875
0.34375 0.84375
0.375 0.84375
0.34375 0.875
0.375 0.875
0.40625 0.78125
0.4375 0.78125
0.40625 0.8125
0.4375 0.8125
0.46875 0.78125
0.5 0.78125
0.46875 0.8125
0.5 0.8125
0.40625 0.84375
0.4375 0.84375
0.40625 0.875
0.4375 0.875
0.46875 0.84375
0.5 0.84375
0.46875 0.875
0.5 0.875
0.28125 0.90625
0.3125 0.90625
0.28125 0.9375
0.3125 0.9375
0.34375 0.90625
0.375 0.90625
0.34375 0.9375
0.375 0.9375
0.28125 0.96875
0.3125 0.96875
0.28125 1
0.3125 1
0.34375 0.96875
0.375 0.96875
0.34375 1
0.375 1
0.40625 0.90625
0.4375 0.90625
0.40625 0.9375
0.4375 0.9375
0.46875 0.90625
0.5 0.90625
0.46875 0.9375
0.5 0.9375
0.40625 0.96875
0.4375 0.96875
0.40625 1
0.4375 1
0.46875 0.96875
0.5 0.96875
0.46875 1
0.5 1
0.53125 0
0.53125 0.03125
0.5625 0
0.5625 0.03125
0.53125 0.0625
0.5625 0.0625
0.59375 0
0.59375 0.03125
0.625 0
0.625 0.03125
0.59375 0.0625
0.625 0.0625
0.53125 0.09375
0.5625 0.09375
0.53125 0.125
0.5625 0.125
0.59375 0.09375
0.625 0.09375
0.59375 0.125
0.625 0.125
0.65625 0
0.65625 0.03125
0.6875 0
0.6875 0.03125
0.65625 0.0625
0.6875 0.0625
0.71875 0
0.71875 0.03125
0.75 0
0.75 0.03125
0.71875 0.0625
0.75 0.0625
0.65625 0.09375
0.6875 0.09375
0.65625 0.125
0.6875 0.125
0.71875 0.09375
0.75 0.09375
0.71875 0.125
0.75 0.125
0.53125 0.15625
0.5625 0.15625
0.53125 0.1875
0.5625 0.1875
0.59375 0.15625
0.625 0.15625
0.59375 0.1875
0.625 0.1875
0.53125 0.21875
0.5625 0.21875
0.53125 0.25
0.5625 0.25
0.59375 0.21875
0.625 0.21875
0.59375 0.25
0.625 0.25
0.65625 0.15625
0.6875 0.15625
0.65625 0.1875
0.6875 0.1875
0.71875 0.15625
0.75 0.15625
0.71875 0.1875
0.75 0.1875
0.65625 0.21875
0.6875 0.21875
0.65625 0.25
0.6875 0.25
0.71875 0.21875
0.75 0.21875
0.71875 0.25
0.75 0.25
0.53125 0.28125
0.5625 0.28125
0.53125 0.3125
0.5625 0.3125
0.59375 0.28125
0.625 0.28125
0.59375 0.3125
0.625 0.3125
0.53125 0.34375
0.5625 0.34375
0.53125 0.375
0.5625 0.375
0.59375 0.34375
0.625 0.34375
0.59375 0.375
0.625 0.375
0.65625 0.28125
0.6875 0.28125
0.65625 0.3125
0.6875 0.3125
0.71875 0.28125
0.75 0.28125
0.71875 0.3125
0.75 0.3125
0.65625 0.34375
0.6875 0.34375
0.65625 0.375
0.6875 0.375
0.71875 0.34375
0.75 0.34375
0.71875 0.375
0.75 0.375
0.53125 0.40625
0.5625 0.40625
0.53125 0.4375
0.515625 0.4375
0.5625 0.4375
0.546875 0.4375
0.59375 0.40625
0.625 0.40625
0.59375 0.4375
0.625 0.4375
0.515625 0.453125
0.53125 0.453125
0.515625 0.46875
0.5078125 0.46875
0.53125 0.46875
0.5234375 0.46875
0.546875 0.453125
0.5625 0.453125
0.546875 0.46875
0.5625 0.46875
0.5078125 0.4765625
0.515625 0.4765625
0.5078125 0.484375
0.50390625 0.484375
0.515625 0.484375
0.51171875 0.484375
0.5234375 0.4765625
0.53125 0.4765625
0.5234375 0.484375
0.53125 0.484375
0.50390625 0.48828125
0.5078125 0.48828125
0.50390625 0.4921875
0.501953125 0.4921875
0.5078125 0.4921875
0.505859375 0.4921875
0.51171875 0.48828125
0.515625 0.48828125
0.51171875 0.4921875
0.515625 0.4921875
0.501953125 0.494140625
0.50390625 0.494140625
0.501953125 0.49609375
0.5009765625 0.49609375
0.50390625 0.49609375
0.5029296875 0.49609375
0.505859375 0.494140625
0.5078125 0.494140625
0.505859375 0.49609375
0.5078125 0.49609375
0.5009765625 0.4970703125
0.501953125 0.4970703125
0.5009765625 0.498046875
0.50048828125 0.498046875
0.501953125 0.498046875
0.50146484375 0.498046875
0.5029296875 0.4970703125
0.50390625 0.4970703125
0.5029296875 0.498046875
0.50390625 0.498046875
0.50048828125 0.49853515625
0.5009765625 0.49853515625
0.50048828125 0.4990234375
0.500244140625 0.4990234375
0.5009765625 0.4990234375
0.500732421875 0.4990234375
0.50146484375 0.49853515625
0.501953125 0.49853515625
0.50146484375 0.4990234375
0.501953125 0.4990234375
0.500244140625 0.499267578125
0.50048828125 0.499267578125
0.500244140625 0.49951171875
0.5001220703125 0.49951171875
0.50048828125 0.49951171875
0.5003662109375 0.49951171875
0.500732421875 0.499267578125
0.5009765625 0.499267578125
0.500732421875 0.49951171875
0.5009765625 0.49951171875
0.5001220703125 0.4996337890625
0.500244140625 0.4996337890625
0.5001220703125 0.499755859375
0.50006103515625 0.499755859375
0.500244140625 0.499755859375
0.50018310546875 0.499755859375
0.5003662109375 0.4996337890625
0.50048828125 0.4996337890625
0.5003662109375 0.499755859375
0.50048828125 0.499755859375
0.50006103515625 0.49981689453125
0.5001220703125 0.49981689453125
0.50006103515625 0.4998779296875
0.500030517578125 0.4998779296875
0.5001220703125 0.4998779296875
0.500091552734375 0.4998779296875
0.50018310546875 0.49981689453125
0.500244140625 0.49981689453125
0.50018310546875 0.4998779296875
0.500244140625 0.4998779296875
0.500030517578125 0.499908447265625
0.50006103515625 0.499908447265625
0.500030517578125 0.49993896484375
0.500015258789062 0.49993896484375
0.50006103515625 0.49993896484375
0.500045776367188 0.49993896484375
0.500091552734375 0.499908447265625
0.5001220703125 0.499908447265625
0.500091552734375 0.49993896484375
0.5001220703125 0.49993896484375
0.500015258789062 0.499954223632812
0.500030517578125 0.499954223632812
0.500015258789062 0.499969482421875
0.500007629394531 0.499969482421875
0.500030517578125 0.499969482421875
0.500022888183594 0.499969482421875
0.500045776367188 0.499954223632812
0.50006103515625 0.499954223632812
0.500045776367188 0.499969482421875
0.50006103515625 0.499969482421875
0.500007629394531 0.499977111816406
0.500015258789062 0.499977111816406
0.500007629394531 0.499984741210938
0.500003814697266 0.499984741210938
0.500015258789062 0.499984741210938
0.500011444091797 0.499984741210938
0.500022888183594 0.499977111816406
0.500030517578125 0.499977111816406
0.500022888183594 0.499984741210938
0.500030517578125 0.499984741210938
0.500003814697266 0.499988555908203
0.500007629394531 0.499988555908203
0.500003814697266 0.499992370605469
0.500001907348633 0.499992370605469
0.500007629394531 0.499992370605469
0.500005722045898 0.499992370605469
0.500011444091797 0.499988555908203
0.500015258789062 0.499988555908203
0.500011444091797 0.499992370605469
0.500015258789062 0.499992370605469
0.500001907348633 0.499994277954102
0.500003814697266 0.499994277954102
0.500001907348633 0.499996185302734
0.500000953674316 0.499996185302734
0.500003814697266 0.499996185302734
0.500002861022949 0.499996185302734
0.500005722045898 0.499994277954102
0.500007629394531 0.499994277954102
0.500005722045898 0.499996185302734
0.500007629394531 0.499996185302734
0.500000953674316 0.499997138977051
0.500001907348633 0.499997138977051
0.500000953674316 0.499998092651367
0.500001907348633 0.499998092651367
0.500002861022949 0.499997138977051
0.500003814697266 0.499997138977051
0.500002861022949 0.499998092651367
0.500003814697266 0.499998092651367
0.500000953674316 0.499999046325684
0.500001907348633 0.499999046325684
0.500000953674316 0.5
0.500001907348633 0.5
0.500002861022949 0.499999046325684
0.500003814697266 0.499999046325684
0.500002861022949 0.5
0.500003814697266 0.5
0.500005722045898 0.499998092651367
0.500007629394531 0.499998092651367
0.500005722045898 0.5
0.500007629394531 0.5
0.500011444091797 0.499996185302734
0.500015258789062 0.499996185302734
0.500011444091797 0.5
0.500015258789062 0.5
0.500022888183594 0.499992370605469
0.500030517578125 0.499992370605469
0.500022888183594 0.5
0.500030517578125 0.5
0.500045776367188 0.499984741210938
0.50006103515625 0.499984741210938
0.500045776367188 0.5
0.50006103515625 0.5
0.500091552734375 0.499969482421875
0.5001220703125 0.499969482421875
0.500091552734375 0.5
0.5001220703125 0.5
0.50018310546875 0.49993896484375
0.500244140625 0.49993896484375
0.50018310546875 0.5
0.500244140625 0.5
0.5003662109375 0.4998779296875
0.50048828125 0.4998779296875
0.5003662109375 0.5
0.50048828125 0.5
0.500732421875 0.499755859375
0.5009765625 0.499755859375
0.500732421875 0.5
0.5009765625 0.5
0.50146484375 0.49951171875
0.501953125 0.49951171875
0.50146484375 0.5
0.501953125 0.5
0.5029296875 0.4990234375
0.50390625 0.4990234375
0.5029296875 0.5
0.50390625 0.5
0.505859375 0.498046875
0.5078125 0.498046875
0.505859375 0.5
0.5078125 0.5
0.51171875 0.49609375
0.515625 0.49609375
0.51171875 0.5
0.515625 0.5
0.5234375 0.4921875
0.53125 0.4921875
0.5234375 0.5
0.53125 0.5
0.546875 0.484375
0.5625 0.484375
0.546875 0.5
0.5625 0.5
0.59375 0.46875
0.625 0.46875
0.59375 0.5
0.625 0.5
0.65625 0.40625
0.6875 0.40625
0.65625 0.4375
0.6875 0.4375
0.71875 0.40625
0.75 0.40625
0.71875 0.4375
0.75 0.4375
0.65625 0.46875
0.6875 0.46875
0.65625 0.5
0.6875 0.5
0.71875 0.46875
0.75 0.46875
0.71875 0.5
0.75 0.5
0.78125 0
0.78125 0.03125
0.8125 0
0.8125 0.03125
0.78125 0.0625
0.8125 0.0625
0.84375 0
0.84375 0.03125
0.875 0
0.875 0.03125
0.84375 0.0625
0.875 0.0625
0.78125 0.09375
0.8125 0.09375
0.78125 0.125
0.8125 0.125
0.84375 0.09375
0.875 0.09375
0.84375 0.125
0.875 0.125
0.90625 0
0.90625 0.03125
0.9375 0
0.9375 0.03125
0.90625 0.0625
0.9375 0.0625
0.96875 0
0.96875 0.03125
1 0
1 0.03125
0.96875 0.0625
1 0.0625
0.90625 0.09375
0.9375 0.09375
0.90625 0.125
0.9375 0.125
0.96875 0.09375
1 0.09375
0.96875 0.125
1 0.125
0.78125 0.15625
0.8125 0.15625
0.78125 0.1875
0.8125 0.1875
0.84375 0.15625
0.875 0.15625
0.84375 0.1875
0.875 0.1875
0.78125 0.21875
0.8125 0.21875
0.78125 0.25
0.8125 0.25
0.84375 0.21875
0.875 0.21875
0.84375 0.25
0.875 0.25
0.90625 0.15625
0.9375 0.15625
0.90625 0.1875
0.9375 0.1875
0.96875 0.15625
1 0.15625
0.96875 0.1875
1 0.1875
0.90625 0.21875
0.9375 0.21875
0.90625 0.25
0.9375 0.25
0.96875 0.21875
1 0.21875
0.96875 0.25
1 0.25
0.78125 0.28125
0.8125 0.28125
0.78125 0.3125
0.8125 0.3125
0.84375 0.28125
0.875 0.28125
0.84375 0.3125
0.875 0.3125
0.78125 0.34375
0.8125 0.34375
0.78125 0.375
0.8125 0.375
0.84375 0.34375
0.875 0.34375
0.84375 0.375
0.875 0.375
0.90625 0.28125
0.9375 0.28125
0.90625 0.3125
0.9375 0.3125
0.96875 0.28125
1 0.28125
0.96875 0.3125
1 0.3125
0.90625 0.34375
0.9375 0.34375
0.90625 0.375
0.9375 0.375
0.96875 0.34375
1 0.34375
0.96875 0.375
1 0.375
0.78125 0.40625
0.8125 0.40625
0.78125 0.4375
0.8125 0.4375
0.84375 0.40625
0.875 0.40625
0.84375 0.4375
0.875 0.4375
0.78125 0.46875
0.8125 0.46875
0.78125 0.5
0.8125 0.5
0.84375 0.46875
0.875 0.46875
0.84375 0.5
0.875 0.5
0.90625 0.40625
0.9375 0.40625
0.90625 0.4375
0.9375 0.4375
0.96875 0.40625
1 0.40625
0.96875 0.4375
1 0.4375
0.90625 0.46875
0.9375 0.46875
0.90625 0.5
0.9375 0.5
0.96875 0.46875
1 0.46875
0.96875 0.5
1 0.5
4 1 2 3 4
4 2 5 6 3
4 4 3 7 8
4 3 6 9 7
4 5 10 11 6
4 10 12 13 11
4 6 11 14 9
4 11 13 15 14
4 8 7 16 17
4 7 9 18 16
4 17 16 19 20
4 16 18 21 19
4 9 14 22 18
4 14 15 23 22
4 18 22 24 21
4 22 23 25 24
4 12 26 27 13
4 26 28 29 27
4 13 27 30 15
4 27 29 31 30
4 28 32 33 29
4 32 34 35 33
4 29 33 36 31
4 33 35 37 36
4 15 30 38 23
4 30 31 39 38
4 23 38 40 25
4 38 39 41 40
4 31 36 42 39
4 36 37 43 42
4 39 42 44 41
4 42 43 45 44
4 20 19 46 47
4 19 21 48 46
4 47 46 49 50
4 46 48 51 49
4 21 24 52 48
4 24 25 53 52
4 48 52 54 51
4 52 53 55 54
4 50 49 56 57
4 49 51 58 56
4 57 56 59 60
4 56 58 61 59
4 51 54 62 58
4 54 55 63 62
4 58 62 64 61
4 62 63 65 64
4 25 40 66 53
4 40 41 67 66
4 53 66 68 55
4 66 67 69 68
4 41 44 70 67
4 44 45 71 70
4 67 70 72 69
4 70 71 73 72
4 55 68 74 63
4 68 69 75 74
4 63 74 76 65
4 74 75 77 76
4 69 72 78 75
4 72 73 79 78
4 75 78 80 77
4 78 79 81 80
4 60 59 82 83
4 59 61 84 82
4 83 82 85 86
4 82 84 87 85
4 61 64 88 84
4 64 65 89 88
4 84 88 90 87
4 88 89 91 90
4 86 85 92 93
4 85 87 94 92
4 93 92 95 96
4 92 94 97 95
4 87 90 98 94
4 90 91 99 98
4 94 98 100 97
4 98 99 101 100
4 65 76 102 89
4 76 77 103 102
4 89 102 104 91
4 102 103 105 104
4 77 80 106 103
4 80 81 107 106
4 103 106 108 105
4 106 107 109 108
4 91 104 110 99
4 104 105 111 110
4 99 110 112 101
4 110 111 113 112
4 105 108 114 111
4 108 109 115 114
4 111 114 116 113
4 114 115 117 116
4 96 95 118 119
4 95 97 120 118
4 119 118 121 122
4 118 120 123 121
4 97 100 124 120
4 100 101 125 124
4 120 124 126 123
4 124 125 127 126
4 122 121 128 129
4 121 123 130 128
4 129 128 131 132
4 128 130 133 131
4 123 126 134 130
4 126 127 135 134
4 130 134 136 133
4 134 135 137 136
4 101 112 138 125
4 112 113 139 138
4 125 138 140 127
4 138 139 141 140
4 113 116 142 139
4 116 117 143 142
4 139 142 144 141
4 142 143 145 144
4 127 140 146 135
4 140 141 147 146
4 135 146 148 137
4 146 147 149 148
4 141 144 150 147
4 144 145 151 150
4 147 150 152 149
4 150 151 153 152
4 132 131 154 155
4 131 133 156 154
4 155 154 157 158
4 154 156 159 157
4 133 136 160 156
4 136 137 161 160
4 156 160 162 159
4 160 161 163 162
4 158 157 164 165
4 157 159 166 164
4 165 164 167 168
4 164 166 169 167
4 159 162 170 166
4 162 163 171 170
4 166 170 172 169
4 170 171 173 172
4 137 148 174 161
4 148 149 175 174
4 161 174 176 163
4 174 175 177 176
4 149 152 178 175
4 152 153 179 178
4 175 178 180 177
4 178 179 181 180
4 163 176 182 171
4 176 177 183 182
4 171 182 184 173
4 182 183 185 184
4 177 180 186 183
4 180 181 187 186
4 183 186 188 185
4 186 187 189 188
4 168 167 190 191
4 167 169 192 190
4 191 190 193 194
4 190 192 195 193
4 169 172 196 192
4 172 173 197 196
4 192 196 198 195
4 196 197 199 198
4 194 193 200 201
4 193 195 202 200
4 201 200 203 204
4 200 202 205 203
4 195 198 206 202
4 198 199 207 206
4 202 206 208 205
4 206 207 209 208
4 173 184 210 197
4 184 185 211 210
4 197 210 212 199
4 210 211 213 212
4 185 188 214 211
4 188 189 215 214
4 211 214 216 213
4 214 215 217 216
4 199 212 218 207
4 212 213 219 218
4 207 218 220 209
4 218 219 221 220
4 213 216 222 219
4 216 217 223 222
4 219 222 224 221
4 222 223 225 224
4 204 203 226 227
4 203 205 228 226
4 227 226 229 230
4 226 228 231 229
4 205 208 232 228
4 208 209 233 232
4 228 232 234 231
4 232 233 235 234
4 230 229 236 237
4 229 231 238 236
4 237 236 239 240
4 236 238 241 239
4 231 234 242 238
4 234 235 243 242
4 238 242 244 241
4 242 243 245 244
4 209 220 246 233
4 220 221 247 246
4 233 246 248 235
4 246 247 249 248
4 221 224 250 247
4 224 225 251 250
4 247 250 252 249
4 250 251 253 252
4 235 248 254 243
4 248 249 255 254
4 243 254 256 245
4 254 255 257 256
4 249 252 258 255
4 252 253 259 258
4 255 258 260 257
4 258 259 261 260
4 240 239 262 263
4 239 241 264 262
4 263 262 265 266
4 262 264 267 265
4 241 244 268 264
4 244 245 269 268
4 264 268 270 267
4 268 269 271 270
4 266 265 272 273
4 265 267 274 272
4 273 272 275 276
4 272 274 277 275
4 267 270 278 274
4 270 271 279 278
4 274 278 280 277
4 278 279 281 280
4 245 256 282 269
4 256 257 283 282
4 269 282 284 271
4 282 283 285 284
4 257 260 286 283
4 260 261 287 286
4 283 286 288 285
4 286 287 289 288
4 271 284 290 279
4 284 285 291 290
4 279 290 292 281
4 290 291 293 292
4 285 288 294 291
4 288 289 295 294
4 291 294 296 293
4 294 295 297 296
4 34 298 299 35
4 298 300 301 299
4 35 299 302 37
4 299 301 303 302
4 300 304 305 301
4 304 306 307 305
4 301 305 308 303
4 305 307 309 308
4 37 302 310 43
4 302 303 311 310
4 43 310 312 45
4 310 311 313 312
4 303 308 314 311
4 308 309 315 314
4 311 314 316 313
4 314 315 317 316
4 306 318 319 307
4 318 320 321 319
4 307 319 322 309
4 319 321 323 322
4 320 324 325 321
4 324 326 327 325
4 321 325 328 323
4 325 327 329 328
4 309 322 330 315
4 322 323 331 330
4 315 330 332 317
4 330 331 333 332
4 323 328 334 331
4 328 329 335 334
4 331 334 336 333
4 334 335 337 336
4 45 312 338 71
4 312 313 339 338
4 71 338 340 73
4 338 339 341 340
4 313 316 342 339
4 316 317 343 342
4 339 342 344 341
4 342 343 345 344
4 73 340 346 79
4 340 341 347 346
4 79 346 348 81
4 346 347 349 348
4 341 344 350 347
4 344 345 351 350
4 347 350 352 349
4 350 351 353 352
4 317 332 354 343
4 332 333 355 354
4 343 354 356 345
4 354 355 357 356
4 333 336 358 355
4 336 337 359 358
4 355 358 360 357
4 358 359 361 360
4 345 356 362 351
4 356 357 363 362
4 351 362 364 353
4 362 363 365 364
4 357 360 366 363
4 360 361 367 366
4 363 366 368 365
4 366 367 369 368
4 81 348 370 107
4 348 349 371 370
4 107 370 372 109
4 370 371 373 372
4 349 352 374 371
4 352 353 375 374
4 371 374 376 373
4 374 375 377 376
4 109 372 378 115
4 372 373 379 378
4 115 378 380 117
4 378 379 381 380
4 373 376 382 379
4 376 377 383 382
4 379 382 384 381
4 382 383 385 384
4 353 364 386 375
4 364 365 387 386
4 375 386 388 377
4 386 387 389 388
4 365 368 390 387
4 368 369 391 390
4 387 390 392 389
4 390 391 393 392
4 377 388 394 383
4 388 389 395 394
4 383 394 396 385
4 394 395 397 396
4 389 392 398 395
4 392 393 399 398
4 395 398 400 397
4 398 399 401 400
4 117 380 402 143
4 380 381 403 402
4 143 402 404 145
4 402 403 405 404
4 381 384 406 403
4 384 385 407 406
4 403 406 408 405
4 406 407 409 408
4 145 404 410 151
4 404 405 411 410
4 151 410 412 153
4 410 411 413 412
4 405 408 414 411
4 408 409 415 414
4 411 414 416 413
4 414 415 417 416
4 385 396 418 407
4 396 397 419 418
4 407 418 420 409
4 418 419 421 420
4 397 400 422 419
4 400 401 423 422
5 419 422 424 425 421
5 422 423 426 427 424
4 409 420 428 415
5 420 421 429 430 428
4 415 428 431 417
5 428 430 432 433 431
4 421 425 434 429
4 425 424 435 434
4 429 434 436 430
4 434 435 437 436
4 424 427 438 435
4 427 426 439 438
5 435 438 440 441 437
5 438 439 442 443 440
4 430 436 444 432
5 436 437 445 446 444
4 432 444 447 433
5 444 446 448 449 447
4 437 441 450 445
4 441 440 451 450
4 445 450 452 446
4 450 451 453 452
4 440 443 454 451
4 443 442 455 454
5 451 454 456 457 453
5 454 455 458 459 456
4 446 452 460 448
5 452 453 461 462 460
4 448 460 463 449
5 460 462 464 465 463
4 453 457 466 461
4 457 456 467 466
4 461 466 468 462
4 466 467 469 468
4 456 459 470 467
4 459 458 471 470
5 467 470 472 473 469
5 470 471 474 475 472
4 462 468 476 464
5 468 469 477 478 476
4 464 476 479 465
5 476 478 480 481 479
4 469 473 482 477
4 473 472 483 482
4 477 482 484 478
4 482 483 485 484
4 472 475 486 483
4 475 474 487 486
5 483 486 488 489 485
5 486 487 490 491 488
4 478 484 492 480
5 484 485 493 494 492
4 480 492 495 481
5 492 494 496 497 495
4 485 489 498 493
4 489 488 499 498
4 493 498 500 494
4 498 499 501 500
4 488 491 502 499
4 491 490 503 502
5 499 502 504 505 501
5 502 503 506 507 504
4 494 500 508 496
5 500 501 509 510 508
4 496 508 511 497
5 508 510 512 513 511
4 501 505 514 509
4 505 504 515 514
4 509 514 516 510
4 514 515 517 516
4 504 507 518 515
4 507 506 519 518
5 515 518 520 521 517
5 518 519 522 523 520
4 510 516 524 512
5 516 517 525 526 524
4 512 524 527 513
5 524 526 528 529 527
4 517 521 530 525
4 521 520 531 530
4 525 530 532 526
4 530 531 533 532
4 520 523 534 531
4 523 522 535 534
5 531 534 536 537 533
5 534 535 538 539 536
4 526 532 540 528
5 532 533 541 542 540
4 528 540 543 529
5 540 542 544 545 543
4 533 537 546 541
4 537 536 547 546
4 541 546 548 542
4 546 547 549 548
4 536 539 550 547
4 539 538 551 550
5 547 550 552 553 549
5 550 551 554 555 552
4 542 548 556 544
5 548 549 557 558 556
4 544 556 559 545
5 556 558 560 561 559
4 549 553 562 557
4 553 552 563 562
4 557 562 564 558
4 562 563 565 564
4 552 555 566 563
4 555 554 567 566
5 563 566 568 569 565
5 566 567 570 571 568
4 558 564 572 560
5 564 565 573 574 572
4 560 572 575 561
5 572 574 576 577 575
4 565 569 578 573
4 569 568 579 578
4 573 578 580 574
4 578 579 581 580
4 568 571 582 579
4 571 570 583 582
5 579 582 584 585 581
5 582 583 586 587 584
4 574 580 588 576
5 580 581 589 590 588
4 576 588 591 577
5 588 590 592 593 591
4 581 585 594 589
4 585 584 595 594
4 589 594 596 590
4 594 595 597 596
4 584 587 598 595
4 587 586 599 598
5 595 598 600 601 597
5 598 599 602 603 600
4 590 596 604 592
5 596 597 605 606 604
4 592 604 607 593
5 604 606 608 609 607
4 597 601 610 605
4 601 600 611 610
4 605 610 612 606
4 610 611 613 612
4 600 603 614 611
4 603 602 615 614
5 611 614 616 617 613
5 614 615 618 619 616
4 606 612 620 608
5 612 613 621 622 620
4 608 620 623 609
5 620 622 624 625 623
4 613 617 626 621
4 617 616 627 626
4 621 626 628 622
4 626 627 629 628
4 616 619 630 627
4 619 618 631 630
5 627 630 632 633 629
5 630 631 634 635 632
4 622 628 636 624
5 628 629 637 638 636
4 624 636 639 625
5 636 638 640 641 639
4 629 633 642 637
4 633 632 643 642
4 637 642 644 638
4 642 643 645 644
4 632 635 646 643
4 635 634 647 646
5 643 646 648 649 645
5 646 647 650 651 648
4 638 644 652 640
5 644 645 653 654 652
4 640 652 655 641
5 652 654 656 657 655
4 645 649 658 653
4 649 648 659 658
4 653 658 660 654
4 658 659 661 660
4 648 651 662 659
4 651 650 663 662
4 659 662 664 661
4 662 663 665 664
4 654 660 666 656
4 660 661 667 666
4 656 666 668 657
4 666 667 669 668
4 661 664 670 667
4 664 665 671 670
4 667 670 672 669
4 670 671 673 672
4 153 412 674 179
4 412 413 675 674
4 179 674 676 181
4 674 675 677 676
4 413 416 678 675
4 416 417 679 678
4 675 678 680 677
4 678 679 681 680
4 181 676 682 187
4 676 677 683 682
4 187 682 684 189
4 682 683 685 684
4 677 680 686 683
4 680 681 687 686
4 683 686 688 685
4 686 687 689 688
4 417 431 690 679
5 431 433 691 692 690
4 679 690 693 681
5 690 692 694 695 693
4 433 447 696 691
5 447 449 697 698 696
4 691 696 699 692
5 696 698 700 701 699
4 449 463 702 697
5 463 465 703 704 702
4 697 702 705 698
5 702 704 706 707 705
4 465 479 708 703
5 479 481 709 710 708
4 703 708 711 704
5 708 710 712 713 711
4 481 495 714 709
5 495 497 715 716 714
4 709 714 717 710
5 714 716 718 719 717
4 497 511 720 715
5 511 513 721 722 720
4 715 720 723 716
5 720 722 724 725 723
4 513 527 726 721
5 527 529 727 728 726
4 721 726 729 722
5 726 728 730 731 729
4 529 543 732 727
5 543 545 733 734 732
4 727 732 735 728
5 732 734 736 737 735
4 545 559 738 733
5 559 561 739 740 738
4 733 738 741 734
5 738 740 742 743 741
4 561 575 744 739
5 575 577 745 746 744
4 739 744 747 740
5 744 746 748 749 747
4 577 591 750 745
5 591 593 751 752 750
4 745 750 753 746
5 750 752 754 755 753
4 593 607 756 751
5 607 609 757 758 756
4 751 756 759 752
5 756 758 760 761 759
4 609 623 762 757
5 623 625 763 764 762
4 757 762 765 758
5 762 764 766 767 765
4 625 639 768 763
5 639 641 769 770 768
4 763 768 771 764
5 768 770 772 773 771
4 641 655 774 769
5 655 657 775 776 774
4 769 774 777 770
5 774 776 778 779 777
4 657 668 780 775
4 668 669 781 780
4 775 780 782 776
4 780 781 783 782
4 669 672 784 781
4 672 673 785 784
4 781 784 786 783
4 784 785 787 786
4 776 782 788 778
4 782 783 789 788
4 778 788 790 779
4 788 789 791 790
4 783 786 792 789
4 786 787 793 792
4 789 792 794 791
4 792 793 795 794
4 770 777 796 772
4 777 779 797 796
4 772 796 798 773
4 796 797 799 798
5 779 790 791 800 797
5 791 794 795 801 800
4 797 800 802 799
4 800 801 803 802
4 764 771 804 766
4 771 773 805 804
4 766 804 806 767
4 804 805 807 806
5 773 798 799 808 805
5 799 802 803 809 808
4 805 808 810 807
4 808 809 811 810
4 758 765 812 760
4 765 767 813 812
4 760 812 814 761
4 812 813 815 814
5 767 806 807 816 813
5 807 810 811 817 816
4 813 816 818 815
4 816 817 819 818
4 752 759 820 754
4 759 761 821 820
4 754 820 822 755
4 820 821 823 822
5 761 814 815 824 821
5 815 818 819 825 824
4 821 824 826 823
4 824 825 827 826
4 746 753 828 748
4 753 755 829 828
4 748 828 830 749
4 828 829 831 830
5 755 822 823 832 829
5 823 826 827 833 832
4 829 832 834 831
4 832 833 835 834
4 740 747 836 742
4 747 749 837 836
4 742 836 838 743
4 836 837 839 838
5 749 830 831 840 837
5 831 834 835 841 840
4 837 840 842 839
4 840 841 843 842
4 734 741 844 736
4 741 743 845 844
4 736 844 846 737
4 844 845 847 846
5 743 838 839 848 845
5 839 842 843 849 848
4 845 848 850 847
4 848 849 851 850
4 728 735 852 730
4 735 737 853 852
4 730 852 854 731
4 852 853 855 854
5 737 846 847 856 853
5 847 850 851 857 856
4 853 856 858 855
4 856 857 859 858
4 722 729 860 724
4 729 731 861 860
4 724 860 862 725
4 860 861 863 862
5 731 854 855 864 861
5 855 858 859 865 864
4 861 864 866 863
4 864 865 867 866
4 716 723 868 718
4 723 725 869 868
4 718 868 870 719
4 868 869 871 870
5 725 862 863 872 869
5 863 866 867 873 872
4 869 872 874 871
4 872 873 875 874
4 710 717 876 712
4 717 719 877 876
4 712 876 878 713
4 876 877 879 878
5 719 870 871 880 877
5 871 874 875 881 880
4 877 880 882 879
4 880 881 883 882
4 704 711 884 706
4 711 713 885 884
4 706 884 886 707
4 884 885 887 886
5 713 878 879 888 885
5 879 882 883 889 888
4 885 888 890 887
4 888 889 891 890
4 698 705 892 700
4 705 707 893 892
4 700 892 894 701
4 892 893 895 894
5 707 886 887 896 893
5 887 890 891 897 896
4 893 896 898 895
4 896 897 899 898
4 692 699 900 694
4 699 701 901 900
4 694 900 902 695
4 900 901 903 902
5 701 894 895 904 901
5 895 898 899 905 904
4 901 904 906 903
4 904 905 907 906
4 681 693 908 687
4 693 695 909 908
4 687 908 910 689
4 908 909 911 910
5 695 902 903 912 909
5 903 906 907 913 912
4 909 912 914 911
4 912 913 915 914
4 189 684 916 215
4 684 685 917 916
4 215 916 918 217
4 916 917 919 918
4 685 688 920 917
4 688 689 921 920
4 917 920 922 919
4 920 921 923 922
4 217 918 924 223
4 918 919 925 924
4 223 924 926 225
4 924 925 927 926
4 919 922 928 925
4 922 923 929 928
4 925 928 930 927
4 928 929 931 930
4 689 910 932 921
4 910 911 933 932
4 921 932 934 923
4 932 933 935 934
4 911 914 936 933
4 914 915 937 936
4 933 936 938 935
4 936 937 939 938
4 923 934 940 929
4 934 935 941 940
4 929 940 942 931
4 940 941 943 942
4 935 938 944 941
4 938 939 945 944
4 941 944 946 943
4 944 945 947 946
4 225 926 948 251
4 926 927 949 948
4 251 948 950 253
4 948 949 951 950
4 927 930 952 949
4 930 931 953 952
4 949 952 954 951
4 952 953 955 954
4 253 950 956 259
4 950 951 957 956
4 259 956 958 261
4 956 957 959 958
4 951 954 960 957
4 954 955 961 960
4 957 960 962 959
4 960 961 963 962
4 931 942 964 953
4 942 943 965 964
4 953 964 966 955
4 964 965 967 966
4 943 946 968 965
4 946 947 969 968
4 965 968 970 967
4 968 969 971 970
4 955 966 972 961
4 966 967 973 972
4 961 972 974 963
4 972 973 975 974
4 967 970 976 973
4 970 971 977 976
4 973 976 978 975
4 976 977 979 978
4 261 958 980 287
4 958 959 981 980
4 287 980 982 289
4 980 981 983 982
4 959 962 984 981
4 962 963 985 984
4 981 984 986 983
4 984 985 987 986
4 289 982 988 295
4 982 983 989 988
4 295 988 990 297
4 988 989 991 990
4 983 986 992 989
4 986 987 993 992
4 989 992 994 991
4 992 993 995 994
4 963 974 996 985
4 974 975 997 996
4 985 996 998 987
4 996 997 999 998
4 975 978 1000 997
4 978 979 1001 1000
4 997 1000 1002 999
4 1000 1001 1003 1002
4 987 998 1004 993
4 998 999 1005 1004
4 993 1004 1006 995
4 1004 1005 1007 1006
4 999 1002 1008 1005
4 1002 1003 1009 1008
4 1005 1008 1010 1007
4 1008 1009 1011 1010
4 326 1012 1013 327
4 1012 1014 1015 1013
4 327 1013 1016 329
4 1013 1015 1017 1016
4 1014 1018 1019 1015
4 1018 1020 1021 1019
4 1015 1019 1022 1017
4 1019 1021 1023 1022
4 329 1016 1024 335
4 1016 1017 1025 1024
4 335 1024 1026 337
4 1024 1025 1027 1026
4 1017 1022 1028 1025
4 1022 1023 1029 1028
4 1025 1028 1030 1027
4 1028 1029 1031 1030
4 1020 1032 1033 1021
4 1032 1034 1035 1033
4 1021 1033 1036 1023
4 1033 1035 1037 1036
4 1034 1038 1039 1035
4 1038 1040 1041 1039
4 1035 1039 1042 1037
4 1039 1041 1043 1042
4 1023 1036 1044 1029
4 1036 1037 1045 1044
4 1029 1044 1046 1031
4 1044 1045 1047 1046
4 1037 1042 1048 1045
4 1042 1043 1049 1048
4 1045 1048 1050 1047
4 1048 1049 1051 1050
4 337 1026 1052 359
4 1026 1027 1053 1052
4 359 1052 1054 361
4 1052 1053 1055 1054
4 1027 1030 1056 1053
4 1030 1031 1057 1056
4 1053 1056 1058 1055
4 1056 1057 1059 1058
4 361 1054 1060 367
4 1054 1055 1061 1060
4 367 1060 1062 369
4 1060 1061 1063 1062
4 1055 1058 1064 1061
4 1058 1059 1065 1064
4 1061 1064 1066 1063
4 1064 1065 1067 1066
4 1031 1046 1068 1057
4 1046 1047 1069 1068
4 1057 1068 1070 1059
4 1068 1069 1071 1070
4 1047 1050 1072 1069
4 1050 1051 1073 1072
4 1069 1072 1074 1071
4 1072 1073 1075 1074
4 1059 1070 1076 1065
4 1070 1071 1077 1076
4 1065 1076 1078 1067
4 1076 1077 1079 1078
4 1071 1074 1080 1077
4 1074 1075 1081 1080
4 1077 1080 1082 1079
4 1080 1081 1083 1082
4 369 1062 1084 391
4 1062 1063 1085 1084
4 391 1084 1086 393
4 1084 1085 1087 1086
4 1063 1066 1088 1085
4 1066 1067 1089 1088
4 1085 1088 1090 1087
4 1088 1089 1091 1090
4 393 1086 1092 399
4 1086 1087 1093 1092
4 399 1092 1094 401
4 1092 1093 1095 1094
4 1087 1090 1096 1093
4 1090 1091 1097 1096
4 1093 1096 1098 1095
4 1096 1097 1099 1098
4 1067 1078 1100 1089
4 1078 1079 1101 1100
4 1089 1100 1102 1091
4 1100 1101 1103 1102
4 1079 1082 1104 1101
4 1082 1083 1105 1104
4 1101 1104 1106 1103
4 1104 1105 1107 1106
4 1091 1102 1108 1097
4 1102 1103 1109 1108
4 1097 1108 1110 1099
4 1108 1109 1111 1110
4 1103 1106 1112 1109
4 1106 1107 1113 1112
4 1109 1112 1114 1111
4 1112 1113 1115 1114
4 401 1094 1116 423
4 1094 1095 1117 1116
5 423 1116 1118 1119 426
5 1116 1117 1120 1121 1118
4 1095 1098 1122 1117
4 1098 1099 1123 1122
4 1117 1122 1124 1120
4 1122 1123 1125 1124
4 426 1119 1126 439
4 1119 1118 1127 1126
5 439 1126 1128 1129 442
5 1126 1127 1130 1131 1128
4 1118 1121 1132 1127
4 1121 1120 1133 1132
4 1127 1132 1134 1130
4 1132 1133 1135 1134
4 442 1129 1136 455
4 1129 1128 1137 1136
5 455 1136 1138 1139 458
5 1136 1137 1140 1141 1138
4 1128 1131 1142 1137
4 1131 1130 1143 1142
4 1137 1142 1144 1140
4 1142 1143 1145 1144
4 458 1139 1146 471
4 1139 1138 1147 1146
5 471 1146 1148 1149 474
5 1146 1147 1150 1151 1148
4 1138 1141 1152 1147
4 1141 1140 1153 1152
4 1147 1152 1154 1150
4 1152 1153 1155 1154
4 474 1149 1156 487
4 1149 1148 1157 1156
5 487 1156 1158 1159 490
5 1156 1157 1160 1161 1158
4 1148 1151 1162 1157
4 1151 1150 1163 1162
4 1157 1162 1164 1160
4 1162 1163 1165 1164
4 490 1159 1166 503
4 1159 1158 1167 1166
5 503 1166 1168 1169 506
5 1166 1167 1170 1171 1168
4 1158 1161 1172 1167
4 1161 1160 1173 1172
4 1167 1172 1174 1170
4 1172 1173 1175 1174
4 506 1169 1176 519
4 1169 1168 1177 1176
5 519 1176 1178 1179 522
5 1176 1177 1180 1181 1178
4 1168 1171 1182 1177
4 1171 1170 1183 1182
4 1177 1182 1184 1180
4 1182 1183 1185 1184
4 522 1179 1186 535
4 1179 1178 1187 1186
5 535 1186 1188 1189 538
5 1186 1187 1190 1191 1188
4 1178 1181 1192 1187
4 1181 1180 1193 1192
4 1187 1192 1194 1190
4 1192 1193 1195 1194
4 538 1189 1196 551
4 1189 1188 1197 1196
5 551 1196 1198 1199 554
5 1196 1197 1200 1201 1198
4 1188 1191 1202 1197
4 1191 1190 1203 1202
4 1197 1202 1204 1200
4 1202 1203 1205 1204
4 554 1199 1206 567
4 1199 1198 1207 1206
5 567 1206 1208 1209 570
5 1206 1207 1210 1211 1208
4 1198 1201 1212 1207
4 1201 1200 1213 1212
4 1207 1212 1214 1210
4 1212 1213 1215 1214
4 570 1209 1216 583
4 1209 1208 1217 1216
5 583 1216 1218 1219 586
5 1216 1217 1220 1221 1218
4 1208 1211 1222 1217
4 1211 1210 1223 1222
4 1217 1222 1224 1220
4 1222 1223 1225 1224
4 586 1219 1226 599
4 1219 1218 1227 1226
5 599 1226 1228 1229 602
5 1226 1227 1230 1231 1228
4 1218 1221 1232 1227
4 1221 1220 1233 1232
4 1227 1232 1234 1230
4 1232 1233 1235 1234
4 602 1229 1236 615
4 1229 1228 1237 1236
5 615 1236 1238 1239 618
5 1236 1237 1240 1241 1238
4 1228 1231 1242 1237
4 1231 1230 1243 1242
4 1237 1242 1244 1240
4 1242 1243 1245 1244
4 618 1239 1246 631
4 1239 1238 1247 1246
5 631 1246 1248 1249 634
5 1246 1247 1250 1251 1248
4 1238 1241 1252 1247
4 1241 1240 1253 1252
4 1247 1252 1254 1250
4 1252 1253 1255 1254
4 634 1249 1256 647
4 1249 1248 1257 1256
5 647 1256 1258 1259 650
5 1256 1257 1260 1261 1258
4 1248 1251 1262 1257
4 1251 1250 1263 1262
4 1257 1262 1264 1260
4 1262 1263 1265 1264
4 650 1259 1266 663
4 1259 1258 1267 1266
4 663 1266 1268 665
4 1266 1267 1269 1268
4 1258 1261 1270 1267
4 1261 1260 1271 1270
4 1267 1270 1272 1269
4 1270 1271 1273 1272
4 665 1268 1274 671
4 1268 1269 1275 1274
4 671 1274 1276 673
4 1274 1275 1277 1276
4 1269 1272 1278 1275
4 1272 1273 1279 1278
4 1275 1278 1280 1277
4 1278 1279 1281 1280
5 1260 1264 1282 1273 1271
4 1264 1265 1283 1282
5 1273 1282 1284 1281 1279
4 1282 1283 1285 1284
5 1250 1254 1286 1265 1263
4 1254 1255 1287 1286
5 1265 1286 1288 1285 1283
4 1286 1287 1289 1288
5 1240 1244 1290 1255 1253
4 1244 1245 1291 1290
5 1255 1290 1292 1289 1287
4 1290 1291 1293 1292
5 1230 1234 1294 1245 1243
4 1234 1235 1295 1294
5 1245 1294 1296 1293 1291
4 1294 1295 1297 1296
5 1220 1224 1298 1235 1233
4 1224 1225 1299 1298
5 1235 1298 1300 1297 1295
4 1298 1299 1301 1300
5 1210 1214 1302 1225 1223
4 1214 1215 1303 1302
5 1225 1302 1304 1301 1299
4 1302 1303 1305 1304
5 1200 1204 1306 1215 1213
4 1204 1205 1307 1306
5 1215 1306 1308 1305 1303
4 1306 1307 1309 1308
5 1190 1194 1310 1205 1203
4 1194 1195 1311 1310
5 1205 1310 1312 1309 1307
4 1310 1311 1313 1312
5 1180 1184 1314 1195 1193
4 1184 1185 1315 1314
5 1195 1314 1316 1313 1311
4 1314 1315 1317 1316
5 1170 1174 1318 1185 1183
4 1174 1175 1319 1318
5 1185 1318 1320 1317 1315
4 1318 1319 1321 1320
5 1160 1164 1322 1175 1173
4 1164 1165 1323 1322
5 1175 1322 1324 1321 1319
4 1322 1323 1325 1324
5 1150 1154 1326 1165 1163
4 1154 1155 1327 1326
5 1165 1326 1328 1325 1323
4 1326 1327 1329 1328
5 1140 1144 1330 1155 1153
4 1144 1145 1331 1330
5 1155 1330 1332 1329 1327
4 1330 1331 1333 1332
5 1130 1134 1334 1145 1143
4 1134 1135 1335 1334
5 1145 1334 1336 1333 1331
4 1334 1335 1337 1336
5 1120 1124 1338 1135 1133
4 1124 1125 1339 1338
5 1135 1338 1340 1337 1335
4 1338 1339 1341 1340
4 1099 1110 1342 1123
4 1110 1111 1343 1342
4 1123 1342 1344 1125
4 1342 1343 1345 1344
4 1111 1114 1346 1343
4 1114 1115 1347 1346
4 1343 1346 1348 1345
4 1346 1347 1349 1348
4 1125 1344 1350 1339
4 1344 1345 1351 1350
4 1339 1350 1352 1341
4 1350 1351 1353 1352
4 1345 1348 1354 1351
4 1348 1349 1355 1354
4 1351 1354 1356 1353
4 1354 1355 1357 1356
4 1040 1358 1359 1041
4 1358 1360 1361 1359
4 1041 1359 1362 1043
4 1359 1361 1363 1362
4 1360 1364 1365 1361
4 1364 1366 1367 1365
4 1361 1365 1368 1363
4 1365 1367 1369 1368
4 1043 1362 1370 1049
4 1362 1363 1371 1370
4 1049 1370 1372 1051
4 1370 1371 1373 1372
4 1363 1368 1374 1371
4 1368 1369 1375 1374
4 1371 1374 1376 1373
4 1374 1375 1377 1376
4 1366 1378 1379 1367
4 1378 1380 1381 1379
4 1367 1379 1382 1369
4 1379 1381 1383 1382
4 1380 1384 1385 1381
4 1384 1386 1387 1385
4 1381 1385 1388 1383
4 1385 1387 1389 1388
4 1369 1382 1390 1375
4 1382 1383 1391 1390
4 1375 1390 1392 1377
4 1390 1391 1393 1392
4 1383 1388 1394 1391
4 1388 1389 1395 1394
4 1391 1394 1396 1393
4 1394 1395 1397 1396
4 1051 1372 1398 1073
4 1372 1373 1399 1398
4 1073 1398 1400 1075
4 1398 1399 1401 1400
4 1373 1376 1402 1399
4 1376 1377 1403 1402
4 1399 1402 1404 1401
4 1402 1403 1405 1404
4 1075 1400 1406 1081
4 1400 1401 1407 1406
4 1081 1406 1408 1083
4 1406 1407 1409 1408
4 1401 1404 1410 1407
4 1404 1405 1411 1410
4 1407 1410 1412 1409
4 1410 1411 1413 1412
4 1377 1392 1414 1403
4 1392 1393 1415 1414
4 1403 1414 1416 1405
4 1414 1415 1417 1416
4 1393 1396 1418 1415
4 1396 1397 1419 1418
4 1415 1418 1420 1417
4 1418 1419 1421 1420
4 1405 1416 1422 1411
4 1416 1417 1423 1422
4 1411 1422 1424 1413
4 1422 1423 1425 1424
4 1417 1420 1426 1423
4 1420 1421 1427 1426
4 1423 1426 1428 1425
4 1426 1427 1429 1428
4 1083 1408 1430 1105
4 1408 1409 1431 1430
4 1105 1430 1432 1107
4 1430 1431 1433 1432
4 1409 1412 1434 1431
4 1412 1413 1435 1434
4 1431 1434 1436 1433
4 1434 1435 1437 1436
4 1107 1432 1438 1113
4 1432 1433 1439 1438
4 1113 1438 1440 1115
4 1438 1439 1441 1440
4 1433 1436 1442 1439
4 1436 1437 1443 1442
4 1439 1442 1444 1441
4 1442 1443 1445 1444
4 1413 1424 1446 1435
4 1424 1425 1447 1446
4 1435 1446 1448 1437
4 1446 1447 1449 1448
4 1425 1428 1450 1447
4 1428 1429 1451 1450
4 1447 1450 1452 1449
4 1450 1451 1453 1452
4 1437 1448 1454 1443
4 1448 1449 1455 1454
4 1443 1454 1456 1445
4 1454 1455 1457 1456
4 1449 1452 1458 1455
4 1452 1453 1459 1458
4 1455 1458 1460 1457
4 1458 1459 1461 1460
4 1115 1440 1462 1347
4 1440 1441 1463 1462
4 1347 1462 1464 1349
4 1462 1463 1465 1464
4 1441 1444 1466 1463
4 1444 1445 1467 1466
4 1463 1466 1468 1465
4 1466 1467 1469 1468
4 1349 1464 1470 1355
4 1464 1465 1471 1470
4 1355 1470 1472 1357
4 1470 1471 1473 1472
4 1465 1468 1474 1471
4 1468 1469 1475 1474
4 1471 1474 1476 1473
4 1474 1475 1477 1476
4 1445 1456 1478 1467
4 1456 1457 1479 1478
4 1467 1478 1480 1469
4 1478 1479 1481 1480
4 1457 1460 1482 1479
4 1460 1461 1483 1482
4 1479 1482 1484 1481
4 1482 1483 1485 1484
4 1469 1480 1486 1475
4 1480 1481 1487 1486
4 1475 1486 1488 1477
4 1486 1487 1489 1488
4 1481 1484 1490 1487
4 1484 1485 1491 1490
4 1487 1490 1492 1489
4 1490 1491 1493 1492
1 2 4 5 8 10 12 17 20 26 28 32 34 47 50 57 60 83 86 93 96 119 122 129 132 155 158 165 168 191 194 201 204 227 230 237 240 263 266 273 275 276 277 280 281 292 293 296 297 298 300 304 306 318 320 324 326 673 785 787 793 795 801 803 809 811 817 819 825 827 833 835 841 843 849 851 857 859 865 867 873 875 881 883 889 891 897 899 905 907 913 915 937 939 945 947 969 971 977 979 990 991 994 995 1001 1003 1006 1007 1009 1010 1011 1012 1014 1018 1020 1032 1034 1038 1040 1276 1277 1280 1281 1284 1285 1288 1289 1292 1293 1296 1297 1300 1301 1304 1305 1308 1309 1312 1313 1316 1317 1320 1321 1324 1325 1328 1329 1332 1333 1336 1337 1340 1341 1352 1353 1356 1357 1358 1360 1364 1366 1378 1380 1384 1386 1387 1389 1395 1397 1419 1421 1427 1429 1451 1453 1459 1461 1472 1473 1476 1477 1483 1485 1488 1489 1491 1492 1493
