529 432 1
0 0
0.0833333333333333 0
0.0833333333333333 0.0833333333333333
0 0.0833333333333333
0.166666666666667 0
0.166666666666667 0.0833333333333333
0.0833333333333333 0.166666666666667
0 0.166666666666667
0.166666666666667 0.166666666666667
0.0833333333333333 0.25
0 0.25
0.166666666666667 0.25
0.0833333333333333 0.333333333333333
0 0.333333333333333
0.166666666666667 0.333333333333333
0.0833333333333333 0.416666666666667
0 0.416666666666667
0.166666666666667 0.416666666666667
0.0833333333333333 0.5
0 0.5
0.166666666666667 0.5
0.0833333333333333 0.583333333333333
0 0.583333333333333
0.166666666666667 0.583333333333333
0.0833333333333333 0.666666666666667
0 0.666666666666667
0.166666666666667 0.666666666666667
0.0833333333333333 0.75
0 0.75
0.166666666666667 0.75
0.0833333333333333 0.833333333333333
0 0.833333333333333
0.166666666666667 0.833333333333333
0.0833333333333333 0.916666666666667
0 0.916666666666667
0.166666666666667 0.916666666666667
0.0833333333333333 1
0 1
0.166666666666667 1
0.25 0
0.25 0.0833333333333333
0.333333333333333 0
0.333333333333333 0.0833333333333333
0.25 0.166666666666667
0.333333333333333 0.166666666666667
0.25 0.25
0.333333333333333 0.25
0.25 0.333333333333333
0.333333333333333 0.333333333333333
0.25 0.416666666666667
0.333333333333333 0.375
0.333333333333333 0.416666666666667
0.25 0.5
0.333333333333333 0.458333333333333
0.333333333333333 0.5
0.25 0.583333333333333
0.333333333333333 0.541666666666667
0.333333333333333 0.583333333333333
0.25 0.666666666666667
0.333333333333333 0.625
0.333333333333333 0.666666666666667
0.25 0.75
0.333333333333333 0.75
0.25 0.833333333333333
0.333333333333333 0.833333333333333
0.25 0.916666666666667
0.333333333333333 0.916666666666667
0.25 1
0.333333333333333 1
0.416666666666667 0
0.416666666666667 0.0833333333333333
0.5 0
0.5 0.0833333333333333
0.416666666666667 0.166666666666667
0.5 0.166666666666667
0.416666666666667 0.25
0.5 0.25
0.416666666666667 0.333333333333333
0.375 0.333333333333333
0.5 0.333333333333333
0.458333333333333 0.333333333333333
0.375 0.375
0.416666666666667 0.375
0.375 0.416666666666667
0.416666666666667 0.416666666666667
0.458333333333333 0.375
0.5 0.375
0.458333333333333 0.416666666666667
0.4375 0.416666666666667
0.5 0.416666666666667
0.479166666666667 0.416666666666667
0.375 0.458333333333333
0.416666666666667 0.4375
0.416666666666667 0.458333333333333
0.375 0.5
0.416666666666667 0.479166666666667
0.416666666666667 0.5
0.4375 0.4375
0.458333333333333 0.4375
0.4375 0.458333333333333
0.458333333333333 0.458333333333333
0.479166666666667 0.4375
0.5 0.4375
0.479166666666667 0.458333333333333
0.46875 0.458333333333333
0.5 0.458333333333333
0.489583333333333 0.458333333333333
0.4375 0.479166666666667
0.458333333333333 0.46875
0.458333333333333 0.479166666666667
0.4375 0.5
0.458333333333333 0.489583333333333
0.458333333333333 0.5
0.46875 0.46875
0.479166666666667 0.46875
0.46875 0.479166666666667
0.479166666666667 0.479166666666667
0.489583333333333 0.46875
0.5 0.46875
0.489583333333333 0.479166666666667
0.484375 0.479166666666667
0.5 0.479166666666667
0.494791666666667 0.479166666666667
0.46875 0.489583333333333
0.479166666666667 0.484375
0.479166666666667 0.489583333333333
0.46875 0.5
0.479166666666667 0.494791666666667
0.479166666666667 0.5
0.484375 0.484375
0.489583333333333 0.484375
0.484375 0.489583333333333
0.489583333333333 0.489583333333333
0.494791666666667 0.484375
0.5 0.484375
0.494791666666667 0.489583333333333
0.4921875 0.489583333333333
0.5 0.489583333333333
0.497395833333333 0.489583333333333
0.484375 0.494791666666667
0.489583333333333 0.4921875
0.489583333333333 0.494791666666667
0.484375 0.5
0.489583333333333 0.497395833333333
0.489583333333333 0.5
0.4921875 0.4921875
0.494791666666667 0.4921875
0.4921875 0.494791666666667
0.494791666666667 0.494791666666667
0.497395833333333 0.4921875
0.5 0.4921875
0.497395833333333 0.494791666666667
0.49609375 0.494791666666667
0.5 0.494791666666667
0.498697916666667 0.494791666666667
0.4921875 0.497395833333333
0.494791666666667 0.49609375
0.494791666666667 0.497395833333333
0.4921875 0.5
0.494791666666667 0.498697916666667
0.494791666666667 0.5
0.49609375 0.49609375
0.497395833333333 0.49609375
0.49609375 0.497395833333333
0.497395833333333 0.497395833333333
0.498697916666667 0.49609375
0.5 0.49609375
0.498697916666667 0.497395833333333
0.498046875 0.497395833333333
0.5 0.497395833333333
0.499348958333333 0.497395833333333
0.49609375 0.498697916666667
0.497395833333333 0.498046875
0.497395833333333 0.498697916666667
0.49609375 0.5
0.497395833333333 0.499348958333333
0.497395833333333 0.5
0.498046875 0.498046875
0.498697916666667 0.498046875
0.498046875 0.498697916666667
0.498697916666667 0.498697916666667
0.499348958333333 0.498046875
0.5 0.498046875
0.499348958333333 0.498697916666667
0.4990234375 0.498697916666667
0.5 0.498697916666667
0.499674479166667 0.498697916666667
0.498046875 0.499348958333333
0.498697916666667 0.4990234375
0.498697916666667 0.499348958333333
0.498046875 0.5
0.498697916666667 0.499674479166667
0.498697916666667 0.5
0.4990234375 0.4990234375
0.499348958333333 0.4990234375
0.4990234375 0.499348958333333
0.499348958333333 0.499348958333333
0.499674479166667 0.4990234375
0.5 0.4990234375
0.499674479166667 0.499348958333333
0.49951171875 0.499348958333333
0.5 0.499348958333333
0.499837239583333 0.499348958333333
0.4990234375 0.499674479166667
0.499348958333333 0.49951171875
0.499348958333333 0.499674479166667
0.4990234375 0.5
0.499348958333333 0.499837239583333
0.499348958333333 0.5
0.49951171875 0.49951171875
0.499674479166667 0.49951171875
0.49951171875 0.499674479166667
0.499674479166667 0.499674479166667
0.499837239583333 0.49951171875
0.5 0.49951171875
0.499837239583333 0.499674479166667
0.5 0.499674479166667
0.49951171875 0.499837239583333
0.499674479166667 0.499837239583333
0.49951171875 0.5
0.499674479166667 0.5
0.499837239583333 0.499837239583333
0.5 0.499837239583333
0.499837239583333 0.5
0.5 0.5
0.375 0.541666666666667
0.416666666666667 0.520833333333333
0.416666666666667 0.541666666666667
0.375 0.583333333333333
0.416666666666667 0.5625
0.416666666666667 0.583333333333333
0.4375 0.520833333333333
0.458333333333333 0.510416666666667
0.458333333333333 0.520833333333333
0.4375 0.541666666666667
0.458333333333333 0.53125
0.458333333333333 0.541666666666667
0.46875 0.510416666666667
0.479166666666667 0.505208333333333
0.479166666666667 0.510416666666667
0.46875 0.520833333333333
0.479166666666667 0.515625
0.479166666666667 0.520833333333333
0.484375 0.505208333333333
0.489583333333333 0.502604166666667
0.489583333333333 0.505208333333333
0.484375 0.510416666666667
0.489583333333333 0.5078125
0.489583333333333 0.510416666666667
0.4921875 0.502604166666667
0.494791666666667 0.501302083333333
0.494791666666667 0.502604166666667
0.4921875 0.505208333333333
0.494791666666667 0.50390625
0.494791666666667 0.505208333333333
0.49609375 0.501302083333333
0.497395833333333 0.500651041666667
0.497395833333333 0.501302083333333
0.49609375 0.502604166666667
0.497395833333333 0.501953125
0.497395833333333 0.502604166666667
0.498046875 0.500651041666667
0.498697916666667 0.500325520833333
0.498697916666667 0.500651041666667
0.498046875 0.501302083333333
0.498697916666667 0.5009765625
0.498697916666667 0.501302083333333
0.4990234375 0.500325520833333
0.499348958333333 0.500162760416667
0.499348958333333 0.500325520833333
0.4990234375 0.500651041666667
0.499348958333333 0.50048828125
0.499348958333333 0.500651041666667
0.49951171875 0.500162760416667
0.499674479166667 0.500162760416667
0.49951171875 0.500325520833333
0.499674479166667 0.500325520833333
0.499837239583333 0.500162760416667
0.5 0.500162760416667
0.499837239583333 0.500325520833333
0.5 0.500325520833333
0.49951171875 0.50048828125
0.499674479166667 0.50048828125
0.49951171875 0.500651041666667
0.499674479166667 0.500651041666667
0.499837239583333 0.50048828125
0.5 0.50048828125
0.499837239583333 0.500651041666667
0.5 0.500651041666667
0.4990234375 0.5009765625
0.499348958333333 0.5009765625
0.4990234375 0.501302083333333
0.499348958333333 0.501302083333333
0.499674479166667 0.5009765625
0.5 0.5009765625
0.499674479166667 0.501302083333333
0.5 0.501302083333333
0.498046875 0.501953125
0.498697916666667 0.501953125
0.498046875 0.502604166666667
0.498697916666667 0.502604166666667
0.499348958333333 0.501953125
0.5 0.501953125
0.499348958333333 0.502604166666667
0.5 0.502604166666667
0.49609375 0.50390625
0.497395833333333 0.50390625
0.49609375 0.505208333333333
0.497395833333333 0.505208333333333
0.498697916666667 0.50390625
0.5 0.50390625
0.498697916666667 0.505208333333333
0.5 0.505208333333333
0.4921875 0.5078125
0.494791666666667 0.5078125
0.4921875 0.510416666666667
0.494791666666667 0.510416666666667
0.497395833333333 0.5078125
0.5 0.5078125
0.497395833333333 0.510416666666667
0.5 0.510416666666667
0.484375 0.515625
0.489583333333333 0.515625
0.484375 0.520833333333333
0.489583333333333 0.520833333333333
0.494791666666667 0.515625
0.5 0.515625
0.494791666666667 0.520833333333333
0.5 0.520833333333333
0.46875 0.53125
0.479166666666667 0.53125
0.46875 0.541666666666667
0.479166666666667 0.541666666666667
0.489583333333333 0.53125
0.5 0.53125
0.489583333333333 0.541666666666667
0.5 0.541666666666667
0.4375 0.5625
0.458333333333333 0.5625
0.4375 0.583333333333333
0.458333333333333 0.583333333333333
0.479166666666667 0.5625
0.5 0.5625
0.479166666666667 0.583333333333333
0.5 0.583333333333333
0.375 0.625
0.416666666666667 0.625
0.375 0.666666666666667
0.416666666666667 0.666666666666667
0.458333333333333 0.625
0.5 0.625
0.458333333333333 0.666666666666667
0.5 0.666666666666667
0.416666666666667 0.75
0.5 0.75
0.416666666666667 0.833333333333333
0.5 0.833333333333333
0.416666666666667 0.916666666666667
0.5 0.916666666666667
0.416666666666667 1
0.5 1
0.583333333333333 0
0.583333333333333 0.0833333333333333
0.666666666666667 0
0.666666666666667 0.0833333333333333
0.583333333333333 0.166666666666667
0.666666666666667 0.166666666666667
0.583333333333333 0.25
0.666666666666667 0.25
0.583333333333333 0.333333333333333
0.541666666666667 0.333333333333333
0.666666666666667 0.333333333333333
0.625 0.333333333333333
0.541666666666667 0.375
0.583333333333333 0.375
0.541666666666667 0.416666666666667
0.520833333333333 0.416666666666667
0.583333333333333 0.416666666666667
0.5625 0.416666666666667
0.625 0.375
0.666666666666667 0.375
0.625 0.416666666666667
0.666666666666667 0.416666666666667
0.520833333333333 0.4375
0.541666666666667 0.4375
0.520833333333333 0.458333333333333
0.510416666666667 0.458333333333333
0.541666666666667 0.458333333333333
0.53125 0.458333333333333
0.5625 0.4375
0.583333333333333 0.4375
0.5625 0.458333333333333
0.583333333333333 0.458333333333333
0.510416666666667 0.46875
0.520833333333333 0.46875
0.510416666666667 0.479166666666667
0.505208333333333 0.479166666666667
0.520833333333333 0.479166666666667
0.515625 0.479166666666667
0.53125 0.46875
0.541666666666667 0.46875
0.53125 0.479166666666667
0.541666666666667 0.479166666666667
0.505208333333333 0.484375
0.510416666666667 0.484375
0.505208333333333 0.489583333333333
0.502604166666667 0.489583333333333
0.510416666666667 0.489583333333333
0.5078125 0.489583333333333
0.515625 0.484375
0.520833333333333 0.484375
0.515625 0.489583333333333
0.520833333333333 0.489583333333333
0.502604166666667 0.4921875
0.505208333333333 0.4921875
0.502604166666667 0.494791666666667
0.501302083333333 0.494791666666667
0.505208333333333 0.494791666666667
0.50390625 0.494791666666667
0.5078125 0.4921875
0.510416666666667 0.4921875
0.5078125 0.494791666666667
0.510416666666667 0.494791666666667
0.501302083333333 0.49609375
0.502604166666667 0.49609375
0.501302083333333 0.497395833333333
0.500651041666667 0.497395833333333
0.502604166666667 0.497395833333333
0.501953125 0.497395833333333
0.50390625 0.49609375
0.505208333333333 0.49609375
0.50390625 0.497395833333333
0.505208333333333 0.497395833333333
0.500651041666667 0.498046875
0.501302083333333 0.498046875
0.500651041666667 0.498697916666667
0.500325520833333 0.498697916666667
0.501302083333333 0.498697916666667
0.5009765625 0.498697916666667
0.501953125 0.498046875
0.502604166666667 0.498046875
0.501953125 0.498697916666667
0.502604166666667 0.498697916666667
0.500325520833333 0.4990234375
0.500651041666667 0.4990234375
0.500325520833333 0.499348958333333
0.500162760416667 0.499348958333333
0.500651041666667 0.499348958333333
0.50048828125 0.499348958333333
0.5009765625 0.4990234375
0.501302083333333 0.4990234375
0.5009765625 0.499348958333333
0.501302083333333 0.499348958333333
0.500162760416667 0.49951171875
0.500325520833333 0.49951171875
0.500162760416667 0.499674479166667
0.500325520833333 0.499674479166667
0.50048828125 0.49951171875
0.500651041666667 0.49951171875
0.50048828125 0.499674479166667
0.500651041666667 0.499674479166667
0.500162760416667 0.499837239583333
0.500325520833333 0.499837239583333
0.500162760416667 0.5
0.500325520833333 0.5
0.50048828125 0.499837239583333
0.500651041666667 0.499837239583333
0.50048828125 0.5
0.500651041666667 0.5
0.5009765625 0.499674479166667
0.501302083333333 0.499674479166667
0.5009765625 0.5
0.501302083333333 0.5
0.501953125 0.499348958333333
0.502604166666667 0.499348958333333
0.501953125 0.5
0.502604166666667 0.5
0.50390625 0.498697916666667
0.505208333333333 0.498697916666667
0.50390625 0.5
0.505208333333333 0.5
0.5078125 0.497395833333333
0.510416666666667 0.497395833333333
0.5078125 0.5
0.510416666666667 0.5
0.515625 0.494791666666667
0.520833333333333 0.494791666666667
0.515625 0.5
0.520833333333333 0.5
0.53125 0.489583333333333
0.541666666666667 0.489583333333333
0.53125 0.5
0.541666666666667 0.5
0.5625 0.479166666666667
0.583333333333333 0.479166666666667
0.5625 0.5
0.583333333333333 0.5
0.625 0.458333333333333
0.666666666666667 0.458333333333333
0.625 0.5
0.666666666666667 0.5
0.75 0
0.75 0.0833333333333333
0.833333333333333 0
0.833333333333333 0.0833333333333333
0.75 0.166666666666667
0.833333333333333 0.166666666666667
0.75 0.25
0.833333333333333 0.25
0.75 0.333333333333333
0.833333333333333 0.333333333333333
0.75 0.416666666666667
0.833333333333333 0.416666666666667
0.75 0.5
0.833333333333333 0.5
0.916666666666667 0
0.916666666666667 0.0833333333333333
1 0
1 0.0833333333333333
0.916666666666667 0.166666666666667
1 0.166666666666667
0.916666666666667 0.25
1 0.25
0.916666666666667 0.333333333333333
1 0.333333333333333
0.916666666666667 0.416666666666667
1 0.416666666666667
0.916666666666667 0.5
1 0.5
4 1 2 3 4
4 2 5 6 3
4 4 3 7 8
4 3 6 9 7
4 8 7 10 11
4 7 9 12 10
4 11 10 13 14
4 10 12 15 13
4 14 13 16 17
4 13 15 18 16
4 17 16 19 20
4 16 18 21 19
4 20 19 22 23
4 19 21 24 22
4 23 22 25 26
4 22 24 27 25
4 26 25 28 29
4 25 27 30 28
4 29 28 31 32
4 28 30 33 31
4 32 31 34 35
4 31 33 36 34
4 35 34 37 38
4 34 36 39 37
4 5 40 41 6
4 40 42 43 41
4 6 41 44 9
4 41 43 45 44
4 9 44 46 12
4 44 45 47 46
4 12 46 48 15
4 46 47 49 48
4 15 48 50 18
5 48 49 51 52 50
4 18 50 53 21
5 50 52 54 55 53
4 21 53 56 24
5 53 55 57 58 56
4 24 56 59 27
5 56 58 60 61 59
4 27 59 62 30
4 59 61 63 62
4 30 62 64 33
4 62 63 65 64
4 33 64 66 36
4 64 65 67 66
4 36 66 68 39
4 66 67 69 68
4 42 70 71 43
4 70 72 73 71
4 43 71 74 45
4 71 73 75 74
4 45 74 76 47
4 74 75 77 76
5 47 76 78 79 49
5 76 77 80 81 78
4 49 79 82 51
4 79 78 83 82
4 51 82 84 52
4 82 83 85 84
4 78 81 86 83
4 81 80 87 86
5 83 86 88 89 85
5 86 87 90 91 88
4 52 84 92 54
5 84 85 93 94 92
4 54 92 95 55
5 92 94 96 97 95
4 85 89 98 93
4 89 88 99 98
4 93 98 100 94
4 98 99 101 100
4 88 91 102 99
4 91 90 103 102
5 99 102 104 105 101
5 102 103 106 107 104
4 94 100 108 96
5 100 101 109 110 108
4 96 108 111 97
5 108 110 112 113 111
4 101 105 114 109
4 105 104 115 114
4 109 114 116 110
4 114 115 117 116
4 104 107 118 115
4 107 106 119 118
5 115 118 120 121 117
5 118 119 122 123 120
4 110 116 124 112
5 116 117 125 126 124
4 112 124 127 113
5 124 126 128 129 127
4 117 121 130 125
4 121 120 131 130
4 125 130 132 126
4 130 131 133 132
4 120 123 134 131
4 123 122 135 134
5 131 134 136 137 133
5 134 135 138 139 136
4 126 132 140 128
5 132 133 141 142 140
4 128 140 143 129
5 140 142 144 145 143
4 133 137 146 141
4 137 136 147 146
4 141 146 148 142
4 146 147 149 148
4 136 139 150 147
4 139 138 151 150
5 147 150 152 153 149
5 150 151 154 155 152
4 142 148 156 144
5 148 149 157 158 156
4 144 156 159 145
5 156 158 160 161 159
4 149 153 162 157
4 153 152 163 162
4 157 162 164 158
4 162 163 165 164
4 152 155 166 163
4 155 154 167 166
5 163 166 168 169 165
5 166 167 170 171 168
4 158 164 172 160
5 164 165 173 174 172
4 160 172 175 161
5 172 174 176 177 175
4 165 169 178 173
4 169 168 179 178
4 173 178 180 174
4 178 179 181 180
4 168 171 182 179
4 171 170 183 182
5 179 182 184 185 181
5 182 183 186 187 184
4 174 180 188 176
5 180 181 189 190 188
4 176 188 191 177
5 188 190 192 193 191
4 181 185 194 189
4 185 184 195 194
4 189 194 196 190
4 194 195 197 196
4 184 187 198 195
4 187 186 199 198
5 195 198 200 201 197
5 198 199 202 203 200
4 190 196 204 192
5 196 197 205 206 204
4 192 204 207 193
5 204 206 208 209 207
4 197 201 210 205
4 201 200 211 210
4 205 210 212 206
4 210 211 213 212
4 200 203 214 211
4 203 202 215 214
4 211 214 216 213
4 214 215 217 216
4 206 212 218 208
4 212 213 219 218
4 208 218 220 209
4 218 219 221 220
4 213 216 222 219
4 216 217 223 222
4 219 222 224 221
4 222 223 225 224
4 55 95 226 57
5 95 97 227 228 226
4 57 226 229 58
5 226 228 230 231 229
4 97 111 232 227
5 111 113 233 234 232
4 227 232 235 228
5 232 234 236 237 235
4 113 127 238 233
5 127 129 239 240 238
4 233 238 241 234
5 238 240 242 243 241
4 129 143 244 239
5 143 145 245 246 244
4 239 244 247 240
5 244 246 248 249 247
4 145 159 250 245
5 159 161 251 252 250
4 245 250 253 246
5 250 252 254 255 253
4 161 175 256 251
5 175 177 257 258 256
4 251 256 259 252
5 256 258 260 261 259
4 177 191 262 257
5 191 193 263 264 262
4 257 262 265 258
5 262 264 266 267 265
4 193 207 268 263
5 207 209 269 270 268
4 263 268 271 264
5 268 270 272 273 271
4 209 220 274 269
4 220 221 275 274
4 269 274 276 270
4 274 275 277 276
4 221 224 278 275
4 224 225 279 278
4 275 278 280 277
4 278 279 281 280
4 270 276 282 272
4 276 277 283 282
4 272 282 284 273
4 282 283 285 284
4 277 280 286 283
4 280 281 287 286
4 283 286 288 285
4 286 287 289 288
4 264 271 290 266
4 271 273 291 290
4 266 290 292 267
4 290 291 293 292
5 273 284 285 294 291
5 285 288 289 295 294
4 291 294 296 293
4 294 295 297 296
4 258 265 298 260
4 265 267 299 298
4 260 298 300 261
4 298 299 301 300
5 267 292 293 302 299
5 293 296 297 303 302
4 299 302 304 301
4 302 303 305 304
4 252 259 306 254
4 259 261 307 306
4 254 306 308 255
4 306 307 309 308
5 261 300 301 310 307
5 301 304 305 311 310
4 307 310 312 309
4 310 311 313 312
4 246 253 314 248
4 253 255 315 314
4 248 314 316 249
4 314 315 317 316
5 255 308 309 318 315
5 309 312 313 319 318
4 315 318 320 317
4 318 319 321 320
4 240 247 322 242
4 247 249 323 322
4 242 322 324 243
4 322 323 325 324
5 249 316 317 326 323
5 317 320 321 327 326
4 323 326 328 325
4 326 327 329 328
4 234 241 330 236
4 241 243 331 330
4 236 330 332 237
4 330 331 333 332
5 243 324 325 334 331
5 325 328 329 335 334
4 331 334 336 333
4 334 335 337 336
4 228 235 338 230
4 235 237 339 338
4 230 338 340 231
4 338 339 341 340
5 237 332 333 342 339
5 333 336 337 343 342
4 339 342 344 341
4 342 343 345 344
4 58 229 346 60
4 229 231 347 346
4 60 346 348 61
4 346 347 349 348
5 231 340 341 350 347
5 341 344 345 351 350
4 347 350 352 349
4 350 351 353 352
5 61 348 349 354 63
5 349 352 353 355 354
4 63 354 356 65
4 354 355 357 356
4 65 356 358 67
4 356 357 359 358
4 67 358 360 69
4 358 359 361 360
4 72 362 363 73
4 362 364 365 363
4 73 363 366 75
4 363 365 367 366
4 75 366 368 77
4 366 367 369 368
5 77 368 370 371 80
5 368 369 372 373 370
4 80 371 374 87
4 371 370 375 374
5 87 374 376 377 90
5 374 375 378 379 376
4 370 373 380 375
4 373 372 381 380
4 375 380 382 378
4 380 381 383 382
4 90 377 384 103
4 377 376 385 384
5 103 384 386 387 106
5 384 385 388 389 386
4 376 379 390 385
4 379 378 391 390
4 385 390 392 388
4 390 391 393 392
4 106 387 394 119
4 387 386 395 394
5 119 394 396 397 122
5 394 395 398 399 396
4 386 389 400 395
4 389 388 401 400
4 395 400 402 398
4 400 401 403 402
4 122 397 404 135
4 397 396 405 404
5 135 404 406 407 138
5 404 405 408 409 406
4 396 399 410 405
4 399 398 411 410
4 405 410 412 408
4 410 411 413 412
4 138 407 414 151
4 407 406 415 414
5 151 414 416 417 154
5 414 415 418 419 416
4 406 409 420 415
4 409 408 421 420
4 415 420 422 418
4 420 421 423 422
4 154 417 424 167
4 417 416 425 424
5 167 424 426 427 170
5 424 425 428 429 426
4 416 419 430 425
4 419 418 431 430
4 425 430 432 428
4 430 431 433 432
4 170 427 434 183
4 427 426 435 434
5 183 434 436 437 186
5 434 435 438 439 436
4 426 429 440 435
4 429 428 441 440
4 435 440 442 438
4 440 441 443 442
4 186 437 444 199
4 437 436 445 444
5 199 444 446 447 202
5 444 445 448 449 446
4 436 439 450 445
4 439 438 451 450
4 445 450 452 448
4 450 451 453 452
4 202 447 454 215
4 447 446 455 454
4 215 454 456 217
4 454 455 457 456
4 446 449 458 455
4 449 448 459 458
4 455 458 460 457
4 458 459 461 460
4 217 456 462 223
4 456 457 463 462
4 223 462 464 225
4 462 463 465 464
4 457 460 466 463
4 460 461 467 466
4 463 466 468 465
4 466 467 469 468
5 448 452 470 461 459
4 452 453 471 470
5 461 470 472 469 467
4 470 471 473 472
5 438 442 474 453 451
4 442 443 475 474
5 453 474 476 473 471
4 474 475 477 476
5 428 432 478 443 441
4 432 433 479 478
5 443 478 480 477 475
4 478 479 481 480
5 418 422 482 433 431
4 422 423 483 482
5 433 482 484 481 479
4 482 483 485 484
5 408 412 486 423 421
4 412 413 487 486
5 423 486 488 485 483
4 486 487 489 488
5 398 402 490 413 411
4 402 403 491 490
5 413 490 492 489 487
4 490 491 493 492
5 388 392 494 403 401
4 392 393 495 494
5 403 494 496 493 491
4 494 495 497 496
5 378 382 498 393 391
4 382 383 499 498
5 393 498 500 497 495
4 498 499 501 500
4 364 502 503 365
4 502 504 505 503
4 365 503 506 367
4 503 505 507 506
4 367 506 508 369
4 506 507 509 508
4 369 508 510 372
4 508 509 511 510
5 372 510 512 383 381
4 510 511 513 512
5 383 512 514 501 499
4 512 513 515 514
4 504 516 517 505
4 516 518 519 517
4 505 517 520 507
4 517 519 521 520
4 507 520 522 509
4 520 521 523 522
4 509 522 524 511
4 522 523 525 524
4 511 524 526 513
4 524 525 527 526
4 513 526 528 515
4 526 527 529 528
1 2 4 5 8 11 14 17 20 23 26 29 32 35 37 38 39 40 42 68 69 70 72 225 279 281 287 289 295 297 303 305 311 313 319 321 327 329 335 337 343 345 351 353 355 357 359 360 361 362 364 464 465 468 469 472 473 476 477 480 481 484 485 488 489 492 493 496 497 500 501 502 504 514 515 516 518 519 521 523 525 527 528 529
