665 552 1
0 0
0.0625 0
0.0625 0.0625
0 0.0625
0.125 0
0.125 0.0625
0.0625 0.125
0 0.125
0.125 0.125
0.1875 0
0.1875 0.0625
0.25 0
0.25 0.0625
0.1875 0.125
0.25 0.125
0.0625 0.1875
0 0.1875
0.125 0.1875
0.0625 0.25
0 0.25
0.125 0.25
0.1875 0.1875
0.25 0.1875
0.1875 0.25
0.25 0.25
0.0625 0.3125
0 0.3125
0.125 0.3125
0.0625 0.375
0 0.375
0.125 0.375
0.1875 0.3125
0.25 0.3125
0.1875 0.375
0.25 0.375
0.0625 0.4375
0 0.4375
0.125 0.4375
0.0625 0.5
0 0.5
0.125 0.5
0.1875 0.4375
0.25 0.4375
0.1875 0.5
0.25 0.5
0.0625 0.5625
0 0.5625
0.125 0.5625
0.0625 0.625
0 0.625
0.125 0.625
0.1875 0.5625
0.25 0.5625
0.1875 0.625
0.25 0.625
0.0625 0.6875
0 0.6875
0.125 0.6875
0.0625 0.75
0 0.75
0.125 0.75
0.1875 0.6875
0.25 0.6875
0.1875 0.75
0.25 0.75
0.0625 0.8125
0 0.8125
0.125 0.8125
0.0625 0.875
0 0.875
0.125 0.875
0.1875 0.8125
0.25 0.8125
0.1875 0.875
0.25 0.875
0.0625 0.9375
0 0.9375
0.125 0.9375
0.0625 1
0 1
0.125 1
0.1875 0.9375
0.25 0.9375
0.1875 1
0.25 1
0.3125 0
0.3125 0.0625
0.375 0
0.375 0.0625
0.3125 0.125
0.375 0.125
0.4375 0
0.4375 0.0625
0.5 0
0.5 0.0625
0.4375 0.125
0.5 0.125
0.3125 0.1875
0.375 0.1875
0.3125 0.25
0.375 0.25
0.4375 0.1875
0.5 0.1875
0.4375 0.25
0.5 0.25
0.3125 0.3125
0.375 0.3125
0.3125 0.375
0.375 0.375
0.4375 0.3125
0.5 0.3125
0.4375 0.375
0.40625 0.375
0.5 0.375
0.46875 0.375
0.3125 0.4375
0.375 0.40625
0.375 0.4375
0.3125 0.5
0.375 0.46875
0.375 0.5
0.40625 0.40625
0.4375 0.40625
0.40625 0.4375
0.4375 0.4375
0.46875 0.40625
0.5 0.40625
0.46875 0.4375
0.453125 0.4375
0.5 0.4375
0.484375 0.4375
0.40625 0.46875
0.4375 0.453125
0.4375 0.46875
0.40625 0.5
0.4375 0.484375
0.4375 0.5
0.453125 0.453125
0.46875 0.453125
0.453125 0.46875
0.46875 0.46875
0.484375 0.453125
0.5 0.453125
0.484375 0.46875
0.4765625 0.46875
0.5 0.46875
0.4921875 0.46875
0.453125 0.484375
0.46875 0.4765625
0.46875 0.484375
0.453125 0.5
0.46875 0.4921875
0.46875 0.5
0.4765625 0.4765625
0.484375 0.4765625
0.4765625 0.484375
0.484375 0.484375
0.4921875 0.4765625
0.5 0.4765625
0.4921875 0.484375
0.48828125 0.484375
0.5 0.484375
0.49609375 0.484375
0.4765625 0.4921875
0.484375 0.48828125
0.484375 0.4921875
0.4765625 0.5
0.484375 0.49609375
0.484375 0.5
0.48828125 0.48828125
0.4921875 0.48828125
0.48828125 0.4921875
0.4921875 0.4921875
0.49609375 0.48828125
0.5 0.48828125
0.49609375 0.4921875
0.494140625 0.4921875
0.5 0.4921875
0.498046875 0.4921875
0.48828125 0.49609375
0.4921875 0.494140625
0.4921875 0.49609375
0.48828125 0.5
0.4921875 0.498046875
0.4921875 0.5
0.494140625 0.494140625
0.49609375 0.494140625
0.494140625 0.49609375
0.49609375 0.49609375
0.498046875 0.494140625
0.5 0.494140625
0.498046875 0.49609375
0.4970703125 0.49609375
0.5 0.49609375
0.4990234375 0.49609375
0.494140625 0.498046875
0.49609375 0.4970703125
0.49609375 0.498046875
0.494140625 0.5
0.49609375 0.4990234375
0.49609375 0.5
0.4970703125 0.4970703125
0.498046875 0.4970703125
0.4970703125 0.498046875
0.498046875 0.498046875
0.4990234375 0.4970703125
0.5 0.4970703125
0.4990234375 0.498046875
0.49853515625 0.498046875
0.5 0.498046875
0.49951171875 0.498046875
0.4970703125 0.4990234375
0.498046875 0.49853515625
0.498046875 0.4990234375
0.4970703125 0.5
0.498046875 0.49951171875
0.498046875 0.5
0.49853515625 0.49853515625
0.4990234375 0.49853515625
0.49853515625 0.4990234375
0.4990234375 0.4990234375
0.49951171875 0.49853515625
0.5 0.49853515625
0.49951171875 0.4990234375
0.499267578125 0.4990234375
0.5 0.4990234375
0.499755859375 0.4990234375
0.49853515625 0.49951171875
0.4990234375 0.499267578125
0.4990234375 0.49951171875
0.49853515625 0.5
0.4990234375 0.499755859375
0.4990234375 0.5
0.499267578125 0.499267578125
0.49951171875 0.499267578125
0.499267578125 0.49951171875
0.49951171875 0.49951171875
0.499755859375 0.499267578125
0.5 0.499267578125
0.499755859375 0.49951171875
0.4996337890625 0.49951171875
0.5 0.49951171875
0.4998779296875 0.49951171875
0.499267578125 0.499755859375
0.49951171875 0.4996337890625
0.49951171875 0.499755859375
0.499267578125 0.5
0.49951171875 0.4998779296875
0.49951171875 0.5
0.4996337890625 0.4996337890625
0.499755859375 0.4996337890625
0.4996337890625 0.499755859375
0.499755859375 0.499755859375
0.4998779296875 0.4996337890625
0.5 0.4996337890625
0.4998779296875 0.499755859375
0.49981689453125 0.499755859375
0.5 0.499755859375
0.49993896484375 0.499755859375
0.4996337890625 0.4998779296875
0.499755859375 0.49981689453125
0.499755859375 0.4998779296875
0.4996337890625 0.5
0.499755859375 0.49993896484375
0.499755859375 0.5
0.49981689453125 0.49981689453125
0.4998779296875 0.49981689453125
0.49981689453125 0.4998779296875
0.4998779296875 0.4998779296875
0.49993896484375 0.49981689453125
0.5 0.49981689453125
0.49993896484375 0.4998779296875
0.5 0.4998779296875
0.49981689453125 0.49993896484375
0.4998779296875 0.49993896484375
0.49981689453125 0.5
0.4998779296875 0.5
0.49993896484375 0.49993896484375
0.5 0.49993896484375
0.49993896484375 0.5
0.5 0.5
0.3125 0.5625
0.375 0.53125
0.375 0.5625
0.3125 0.625
0.375 0.59375
0.375 0.625
0.40625 0.53125
0.4375 0.515625
0.4375 0.53125
0.40625 0.5625
0.4375 0.546875
0.4375 0.5625
0.453125 0.515625
0.46875 0.5078125
0.46875 0.515625
0.453125 0.53125
0.46875 0.5234375
0.46875 0.53125
0.4765625 0.5078125
0.484375 0.50390625
0.484375 0.5078125
0.4765625 0.515625
0.484375 0.51171875
0.484375 0.515625
0.48828125 0.50390625
0.4921875 0.501953125
0.4921875 0.50390625
0.48828125 0.5078125
0.4921875 0.505859375
0.4921875 0.5078125
0.494140625 0.501953125
0.49609375 0.5009765625
0.49609375 0.501953125
0.494140625 0.50390625
0.49609375 0.5029296875
0.49609375 0.50390625
0.4970703125 0.5009765625
0.498046875 0.50048828125
0.498046875 0.5009765625
0.4970703125 0.501953125
0.498046875 0.50146484375
0.498046875 0.501953125
0.49853515625 0.50048828125
0.4990234375 0.500244140625
0.4990234375 0.50048828125
0.49853515625 0.5009765625
0.4990234375 0.500732421875
0.4990234375 0.5009765625
0.499267578125 0.500244140625
0.49951171875 0.5001220703125
0.49951171875 0.500244140625
0.499267578125 0.50048828125
0.49951171875 0.5003662109375
0.49951171875 0.50048828125
0.4996337890625 0.5001220703125
0.499755859375 0.50006103515625
0.499755859375 0.5001220703125
0.4996337890625 0.500244140625
0.499755859375 0.50018310546875
0.499755859375 0.500244140625
0.49981689453125 0.50006103515625
0.4998779296875 0.50006103515625
0.49981689453125 0.5001220703125
0.4998779296875 0.5001220703125
0.49993896484375 0.50006103515625
0.5 0.50006103515625
0.49993896484375 0.5001220703125
0.5 0.5001220703125
0.49981689453125 0.50018310546875
0.4998779296875 0.50018310546875
0.49981689453125 0.500244140625
0.4998779296875 0.500244140625
0.49993896484375 0.50018310546875
0.5 0.50018310546875
0.49993896484375 0.500244140625
0.5 0.500244140625
0.4996337890625 0.5003662109375
0.499755859375 0.5003662109375
0.4996337890625 0.50048828125
0.499755859375 0.50048828125
0.4998779296875 0.5003662109375
0.5 0.5003662109375
0.4998779296875 0.50048828125
0.5 0.50048828125
0.499267578125 0.500732421875
0.49951171875 0.500732421875
0.499267578125 0.5009765625
0.49951171875 0.5009765625
0.499755859375 0.500732421875
0.5 0.500732421875
0.499755859375 0.5009765625
0.5 0.5009765625
0.49853515625 0.50146484375
0.4990234375 0.50146484375
0.49853515625 0.501953125
0.4990234375 0.501953125
0.49951171875 0.50146484375
0.5 0.50146484375
0.49951171875 0.501953125
0.5 0.501953125
0.4970703125 0.5029296875
0.498046875 0.5029296875
0.4970703125 0.50390625
0.498046875 0.50390625
0.4990234375 0.5029296875
0.5 0.5029296875
0.4990234375 0.50390625
0.5 0.50390625
0.494140625 0.505859375
0.49609375 0.505859375
0.494140625 0.5078125
0.49609375 0.5078125
0.498046875 0.505859375
0.5 0.505859375
0.498046875 0.5078125
0.5 0.5078125
0.48828125 0.51171875
0.4921875 0.51171875
0.48828125 0.515625
0.4921875 0.515625
0.49609375 0.51171875
0.5 0.51171875
0.49609375 0.515625
0.5 0.515625
0.4765625 0.5234375
0.484375 0.5234375
0.4765625 0.53125
0.484375 0.53125
0.4921875 0.5234375
0.5 0.5234375
0.4921875 0.53125
0.5 0.53125
0.453125 0.546875
0.46875 0.546875
0.453125 0.5625
0.46875 0.5625
0.484375 0.546875
0.5 0.546875
0.484375 0.5625
0.5 0.5625
0.40625 0.59375
0.4375 0.59375
0.40625 0.625
0.4375 0.625
0.46875 0.59375
0.5 0.59375
0.46875 0.625
0.5 0.625
0.3125 0.6875
0.375 0.6875
0.3125 0.75
0.375 0.75
0.4375 0.6875
0.5 0.6875
0.4375 0.75
0.5 0.75
0.3125 0.8125
0.375 0.8125
0.3125 0.875
0.375 0.875
0.4375 0.8125
0.5 0.8125
0.4375 0.875
0.5 0.875
0.3125 0.9375
0.375 0.9375
0.3125 1
0.375 1
0.4375 0.9375
0.5 0.9375
0.4375 1
0.5 1
0.5625 0
0.5625 0.0625
0.625 0
0.625 0.0625
0.5625 0.125
0.625 0.125
0.6875 0
0.6875 0.0625
0.75 0
0.75 0.0625
0.6875 0.125
0.75 0.125
0.5625 0.1875
0.625 0.1875
0.5625 0.25
0.625 0.25
0.6875 0.1875
0.75 0.1875
0.6875 0.25
0.75 0.25
0.5625 0.3125
0.625 0.3125
0.5625 0.375
0.53125 0.375
0.625 0.375
0.59375 0.375
0.6875 0.3125
0.75 0.3125
0.6875 0.375
0.75 0.375
0.53125 0.40625
0.5625 0.40625
0.53125 0.4375
0.515625 0.4375
0.5625 0.4375
0.546875 0.4375
0.59375 0.40625
0.625 0.40625
0.59375 0.4375
0.625 0.4375
0.515625 0.453125
0.53125 0.453125
0.515625 0.46875
0.5078125 0.46875
0.53125 0.46875
0.5234375 0.46875
0.546875 0.453125
0.5625 0.453125
0.546875 0.46875
0.5625 0.46875
0.5078125 0.4765625
0.515625 0.4765625
0.5078125 0.484375
0.50390625 0.484375
0.515625 0.484375
0.51171875 0.484375
0.5234375 0.4765625
0.53125 0.4765625
0.5234375 0.484375
0.53125 0.484375
0.50390625 0.48828125
0.5078125 0.48828125
0.50390625 0.4921875
0.501953125 0.4921875
0.5078125 0.4921875
0.505859375 0.4921875
0.51171875 0.48828125
0.515625 0.48828125
0.51171875 0.4921875
0.515625 0.4921875
0.501953125 0.494140625
0.50390625 0.494140625
0.501953125 0.49609375
0.5009765625 0.49609375
0.50390625 0.49609375
0.5029296875 0.49609375
0.505859375 0.494140625
0.5078125 0.494140625
0.505859375 0.49609375
0.5078125 0.49609375
0.5009765625 0.4970703125
0.501953125 0.4970703125
0.5009765625 0.498046875
0.50048828125 0.498046875
0.501953125 0.498046875
0.50146484375 0.498046875
0.5029296875 0.4970703125
0.50390625 0.4970703125
0.5029296875 0.498046875
0.50390625 0.498046875
0.50048828125 0.49853515625
0.5009765625 0.49853515625
0.50048828125 0.4990234375
0.500244140625 0.4990234375
0.5009765625 0.4990234375
0.500732421875 0.4990234375
0.50146484375 0.49853515625
0.501953125 0.49853515625
0.50146484375 0.4990234375
0.501953125 0.4990234375
0.500244140625 0.499267578125
0.50048828125 0.499267578125
0.500244140625 0.49951171875
0.5001220703125 0.49951171875
0.50048828125 0.49951171875
0.5003662109375 0.49951171875
0.500732421875 0.499267578125
0.5009765625 0.499267578125
0.500732421875 0.49951171875
0.5009765625 0.49951171875
0.5001220703125 0.4996337890625
0.500244140625 0.4996337890625
0.5001220703125 0.499755859375
0.50006103515625 0.499755859375
0.500244140625 0.499755859375
0.50018310546875 0.499755859375
0.5003662109375 0.4996337890625
0.50048828125 0.4996337890625
0.5003662109375 0.499755859375
0.50048828125 0.499755859375
0.50006103515625 0.49981689453125
0.5001220703125 0.49981689453125
0.50006103515625 0.4998779296875
0.5001220703125 0.4998779296875
0.50018310546875 0.49981689453125
0.500244140625 0.49981689453125
0.50018310546875 0.4998779296875
0.500244140625 0.4998779296875
0.50006103515625 0.49993896484375
0.5001220703125 0.49993896484375
0.50006103515625 0.5
0.5001220703125 0.5
0.50018310546875 0.49993896484375
0.500244140625 0.49993896484375
0.50018310546875 0.5
0.500244140625 0.5
0.5003662109375 0.4998779296875
0.50048828125 0.4998779296875
0.5003662109375 0.5
0.50048828125 0.5
0.500732421875 0.499755859375
0.5009765625 0.499755859375
0.500732421875 0.5
0.5009765625 0.5
0.50146484375 0.49951171875
0.501953125 0.49951171875
0.50146484375 0.5
0.501953125 0.5
0.5029296875 0.4990234375
0.50390625 0.4990234375
0.5029296875 0.5
0.50390625 0.5
0.505859375 0.498046875
0.5078125 0.498046875
0.505859375 0.5
0.5078125 0.5
0.51171875 0.49609375
0.515625 0.49609375
0.51171875 0.5
0.515625 0.5
0.5234375 0.4921875
0.53125 0.4921875
0.5234375 0.5
0.53125 0.5
0.546875 0.484375
0.5625 0.484375
0.546875 0.5
0.5625 0.5
0.59375 0.46875
0.625 0.46875
0.59375 0.5
0.625 0.5
0.6875 0.4375
0.75 0.4375
0.6875 0.5
0.75 0.5
0.8125 0
0.8125 0.0625
0.875 0
0.875 0.0625
0.8125 0.125
0.875 0.125
0.9375 0
0.9375 0.0625
1 0
1 0.0625
0.9375 0.125
1 0.125
0.8125 0.1875
0.875 0.1875
0.8125 0.25
0.875 0.25
0.9375 0.1875
1 0.1875
0.9375 0.25
1 0.25
0.8125 0.3125
0.875 0.3125
0.8125 0.375
0.875 0.375
0.9375 0.3125
1 0.3125
0.9375 0.375
1 0.375
0.8125 0.4375
0.875 0.4375
0.8125 0.5
0.875 0.5
0.9375 0.4375
1 0.4375
0.9375 0.5
1 0.5
4 1 2 3 4
4 2 5 6 3
4 4 3 7 8
4 3 6 9 7
4 5 10 11 6
4 10 12 13 11
4 6 11 14 9
4 11 13 15 14
4 8 7 16 17
4 7 9 18 16
4 17 16 19 20
4 16 18 21 19
4 9 14 22 18
4 14 15 23 22
4 18 22 24 21
4 22 23 25 24
4 20 19 26 27
4 19 21 28 26
4 27 26 29 30
4 26 28 31 29
4 21 24 32 28
4 24 25 33 32
4 28 32 34 31
4 32 33 35 34
4 30 29 36 37
4 29 31 38 36
4 37 36 39 40
4 36 38 41 39
4 31 34 42 38
4 34 35 43 42
4 38 42 44 41
4 42 43 45 44
4 40 39 46 47
4 39 41 48 46
4 47 46 49 50
4 46 48 51 49
4 41 44 52 48
4 44 45 53 52
4 48 52 54 51
4 52 53 55 54
4 50 49 56 57
4 49 51 58 56
4 57 56 59 60
4 56 58 61 59
4 51 54 62 58
4 54 55 63 62
4 58 62 64 61
4 62 63 65 64
4 60 59 66 67
4 59 61 68 66
4 67 66 69 70
4 66 68 71 69
4 61 64 72 68
4 64 65 73 72
4 68 72 74 71
4 72 73 75 74
4 70 69 76 77
4 69 71 78 76
4 77 76 79 80
4 76 78 81 79
4 71 74 82 78
4 74 75 83 82
4 78 82 84 81
4 82 83 85 84
4 12 86 87 13
4 86 88 89 87
4 13 87 90 15
4 87 89 91 90
4 88 92 93 89
4 92 94 95 93
4 89 93 96 91
4 93 95 97 96
4 15 90 98 23
4 90 91 99 98
4 23 98 100 25
4 98 99 101 100
4 91 96 102 99
4 96 97 103 102
4 99 102 104 101
4 102 103 105 104
4 25 100 106 33
4 100 101 107 106
4 33 106 108 35
4 106 107 109 108
4 101 104 110 107
4 104 105 111 110
5 107 110 112 113 109
5 110 111 114 115 112
4 35 108 116 43
5 108 109 117 118 116
4 43 116 119 45
5 116 118 120 121 119
4 109 113 122 117
4 113 112 123 122
4 117 122 124 118
4 122 123 125 124
4 112 115 126 123
4 115 114 127 126
5 123 126 128 129 125
5 126 127 130 131 128
4 118 124 132 120
5 124 125 133 134 132
4 120 132 135 121
5 132 134 136 137 135
4 125 129 138 133
4 129 128 139 138
4 133 138 140 134
4 138 139 141 140
4 128 131 142 139
4 131 130 143 142
5 139 142 144 145 141
5 142 143 146 147 144
4 134 140 148 136
5 140 141 149 150 148
4 136 148 151 137
5 148 150 152 153 151
4 141 145 154 149
4 145 144 155 154
4 149 154 156 150
4 154 155 157 156
4 144 147 158 155
4 147 146 159 158
5 155 158 160 161 157
5 158 159 162 163 160
4 150 156 164 152
5 156 157 165 166 164
4 152 164 167 153
5 164 166 168 169 167
4 157 161 170 165
4 161 160 171 170
4 165 170 172 166
4 170 171 173 172
4 160 163 174 171
4 163 162 175 174
5 171 174 176 177 173
5 174 175 178 179 176
4 166 172 180 168
5 172 173 181 182 180
4 168 180 183 169
5 180 182 184 185 183
4 173 177 186 181
4 177 176 187 186
4 181 186 188 182
4 186 187 189 188
4 176 179 190 187
4 179 178 191 190
5 187 190 192 193 189
5 190 191 194 195 192
4 182 188 196 184
5 188 189 197 198 196
4 184 196 199 185
5 196 198 200 201 199
4 189 193 202 197
4 193 192 203 202
4 197 202 204 198
4 202 203 205 204
4 192 195 206 203
4 195 194 207 206
5 203 206 208 209 205
5 206 207 210 211 208
4 198 204 212 200
5 204 205 213 214 212
4 200 212 215 201
5 212 214 216 217 215
4 205 209 218 213
4 209 208 219 218
4 213 218 220 214
4 218 219 221 220
4 208 211 222 219
4 211 210 223 222
5 219 222 224 225 221
5 222 223 226 227 224
4 214 220 228 216
5 220 221 229 230 228
4 216 228 231 217
5 228 230 232 233 231
4 221 225 234 229
4 225 224 235 234
4 229 234 236 230
4 234 235 237 236
4 224 227 238 235
4 227 226 239 238
5 235 238 240 241 237
5 238 239 242 243 240
4 230 236 244 232
5 236 237 245 246 244
4 232 244 247 233
5 244 246 248 249 247
4 237 241 250 245
4 241 240 251 250
4 245 250 252 246
4 250 251 253 252
4 240 243 254 251
4 243 242 255 254
5 251 254 256 257 253
5 254 255 258 259 256
4 246 252 260 248
5 252 253 261 262 260
4 248 260 263 249
5 260 262 264 265 263
4 253 257 266 261
4 257 256 267 266
4 261 266 268 262
4 266 267 269 268
4 256 259 270 267
4 259 258 271 270
4 267 270 272 269
4 270 271 273 272
4 262 268 274 264
4 268 269 275 274
4 264 274 276 265
4 274 275 277 276
4 269 272 278 275
4 272 273 279 278
4 275 278 280 277
4 278 279 281 280
4 45 119 282 53
5 119 121 283 284 282
4 53 282 285 55
5 282 284 286 287 285
4 121 135 288 283
5 135 137 289 290 288
4 283 288 291 284
5 288 290 292 293 291
4 137 151 294 289
5 151 153 295 296 294
4 289 294 297 290
5 294 296 298 299 297
4 153 167 300 295
5 167 169 301 302 300
4 295 300 303 296
5 300 302 304 305 303
4 169 183 306 301
5 183 185 307 308 306
4 301 306 309 302
5 306 308 310 311 309
4 185 199 312 307
5 199 201 313 314 312
4 307 312 315 308
5 312 314 316 317 315
4 201 215 318 313
5 215 217 319 320 318
4 313 318 321 314
5 318 320 322 323 321
4 217 231 324 319
5 231 233 325 326 324
4 319 324 327 320
5 324 326 328 329 327
4 233 247 330 325
5 247 249 331 332 330
4 325 330 333 326
5 330 332 334 335 333
4 249 263 336 331
5 263 265 337 338 336
4 331 336 339 332
5 336 338 340 341 339
4 265 276 342 337
4 276 277 343 342
4 337 342 344 338
4 342 343 345 344
4 277 280 346 343
4 280 281 347 346
4 343 346 348 345
4 346 347 349 348
4 338 344 350 340
4 344 345 351 350
4 340 350 352 341
4 350 351 353 352
4 345 348 354 351
4 348 349 355 354
4 351 354 356 353
4 354 355 357 356
4 332 339 358 334
4 339 341 359 358
4 334 358 360 335
4 358 359 361 360
5 341 352 353 362 359
5 353 356 357 363 362
4 359 362 364 361
4 362 363 365 364
4 326 333 366 328
4 333 335 367 366
4 328 366 368 329
4 366 367 369 368
5 335 360 361 370 367
5 361 364 365 371 370
4 367 370 372 369
4 370 371 373 372
4 320 327 374 322
4 327 329 375 374
4 322 374 376 323
4 374 375 377 376
5 329 368 369 378 375
5 369 372 373 379 378
4 375 378 380 377
4 378 379 381 380
4 314 321 382 316
4 321 323 383 382
4 316 382 384 317
4 382 383 385 384
5 323 376 377 386 383
5 377 380 381 387 386
4 383 386 388 385
4 386 387 389 388
4 308 315 390 310
4 315 317 391 390
4 310 390 392 311
4 390 391 393 392
5 317 384 385 394 391
5 385 388 389 395 394
4 391 394 396 393
4 394 395 397 396
4 302 309 398 304
4 309 311 399 398
4 304 398 400 305
4 398 399 401 400
5 311 392 393 402 399
5 393 396 397 403 402
4 399 402 404 401
4 402 403 405 404
4 296 303 406 298
4 303 305 407 406
4 298 406 408 299
4 406 407 409 408
5 305 400 401 410 407
5 401 404 405 411 410
4 407 410 412 409
4 410 411 413 412
4 290 297 414 292
4 297 299 415 414
4 292 414 416 293
4 414 415 417 416
5 299 408 409 418 415
5 409 412 413 419 418
4 415 418 420 417
4 418 419 421 420
4 284 291 422 286
4 291 293 423 422
4 286 422 424 287
4 422 423 425 424
5 293 416 417 426 423
5 417 420 421 427 426
4 423 426 428 425
4 426 427 429 428
4 55 285 430 63
4 285 287 431 430
4 63 430 432 65
4 430 431 433 432
5 287 424 425 434 431
5 425 428 429 435 434
4 431 434 436 433
4 434 435 437 436
4 65 432 438 73
4 432 433 439 438
4 73 438 440 75
4 438 439 441 440
4 433 436 442 439
4 436 437 443 442
4 439 442 444 441
4 442 443 445 444
4 75 440 446 83
4 440 441 447 446
4 83 446 448 85
4 446 447 449 448
4 441 444 450 447
4 444 445 451 450
4 447 450 452 449
4 450 451 453 452
4 94 454 455 95
4 454 456 457 455
4 95 455 458 97
4 455 457 459 458
4 456 460 461 457
4 460 462 463 461
4 457 461 464 459
4 461 463 465 464
4 97 458 466 103
4 458 459 467 466
4 103 466 468 105
4 466 467 469 468
4 459 464 470 467
4 464 465 471 470
4 467 470 472 469
4 470 471 473 472
4 105 468 474 111
4 468 469 475 474
5 111 474 476 477 114
5 474 475 478 479 476
4 469 472 480 475
4 472 473 481 480
4 475 480 482 478
4 480 481 483 482
4 114 477 484 127
4 477 476 485 484
5 127 484 486 487 130
5 484 485 488 489 486
4 476 479 490 485
4 479 478 491 490
4 485 490 492 488
4 490 491 493 492
4 130 487 494 143
4 487 486 495 494
5 143 494 496 497 146
5 494 495 498 499 496
4 486 489 500 495
4 489 488 501 500
4 495 500 502 498
4 500 501 503 502
4 146 497 504 159
4 497 496 505 504
5 159 504 506 507 162
5 504 505 508 509 506
4 496 499 510 505
4 499 498 511 510
4 505 510 512 508
4 510 511 513 512
4 162 507 514 175
4 507 506 515 514
5 175 514 516 517 178
5 514 515 518 519 516
4 506 509 520 515
4 509 508 521 520
4 515 520 522 518
4 520 521 523 522
4 178 517 524 191
4 517 516 525 524
5 191 524 526 527 194
5 524 525 528 529 526
4 516 519 530 525
4 519 518 531 530
4 525 530 532 528
4 530 531 533 532
4 194 527 534 207
4 527 526 535 534
5 207 534 536 537 210
5 534 535 538 539 536
4 526 529 540 535
4 529 528 541 540
4 535 540 542 538
4 540 541 543 542
4 210 537 544 223
4 537 536 545 544
5 223 544 546 547 226
5 544 545 548 549 546
4 536 539 550 545
4 539 538 551 550
4 545 550 552 548
4 550 551 553 552
4 226 547 554 239
4 547 546 555 554
5 239 554 556 557 242
5 554 555 558 559 556
4 546 549 560 555
4 549 548 561 560
4 555 560 562 558
4 560 561 563 562
4 242 557 564 255
4 557 556 565 564
5 255 564 566 567 258
5 564 565 568 569 566
4 556 559 570 565
4 559 558 571 570
4 565 570 572 568
4 570 571 573 572
4 258 567 574 271
4 567 566 575 574
4 271 574 576 273
4 574 575 577 576
4 566 569 578 575
4 569 568 579 578
4 575 578 580 577
4 578 579 581 580
4 273 576 582 279
4 576 577 583 582
4 279 582 584 281
4 582 583 585 584
4 577 580 586 583
4 580 581 587 586
4 583 586 588 585
4 586 587 589 588
5 568 572 590 581 579
4 572 573 591 590
5 581 590 592 589 587
4 590 591 593 592
5 558 562 594 573 571
4 562 563 595 594
5 573 594 596 593 591
4 594 595 597 596
5 548 552 598 563 561
4 552 553 599 598
5 563 598 600 597 595
4 598 599 601 600
5 538 542 602 553 551
4 542 543 603 602
5 553 602 604 601 599
4 602 603 605 604
5 528 532 606 543 541
4 532 533 607 606
5 543 606 608 605 603
4 606 607 609 608
5 518 522 610 533 531
4 522 523 611 610
5 533 610 612 609 607
4 610 611 613 612
5 508 512 614 523 521
4 512 513 615 614
5 523 614 616 613 611
4 614 615 617 616
5 498 502 618 513 511
4 502 503 619 618
5 513 618 620 617 615
4 618 619 621 620
5 488 492 622 503 501
4 492 493 623 622
5 503 622 624 621 619
4 622 623 625 624
5 478 482 626 493 491
4 482 483 627 626
5 493 626 628 625 623
4 626 627 629 628
4 462 630 631 463
4 630 632 633 631
4 463 631 634 465
4 631 633 635 634
4 632 636 637 633
4 636 638 639 637
4 633 637 640 635
4 637 639 641 640
4 465 634 642 471
4 634 635 643 642
4 471 642 644 473
4 642 643 645 644
4 635 640 646 643
4 640 641 647 646
4 643 646 648 645
4 646 647 649 648
4 473 644 650 481
4 644 645 651 650
4 481 650 652 483
4 650 651 653 652
4 645 648 654 651
4 648 649 655 654
4 651 654 656 653
4 654 655 657 656
4 483 652 658 627
4 652 653 659 658
4 627 658 660 629
4 658 659 661 660
4 653 656 662 659
4 656 657 663 662
4 659 662 664 661
4 662 663 665 664
1 2 4 5 8 10 12 17 20 27 30 37 40 47 50 57 60 67 70 77 79 80 81 84 85 86 88 92 94 281 347 349 355 357 363 365 371 373 379 381 387 389 395 397 403 405 411 413 419 421 427 429 435 437 443 445 448 449 451 452 453 454 456 460 462 584 585 588 589 592 593 596 597 600 601 604 605 608 609 612 613 616 617 620 621 624 625 628 629 630 632 636 638 639 641 647 649 655 657 660 661 663 664 665
