129 100 1
0 0
0.125 0
0.125 0.125
0 0.125
0.25 0
0.25 0.125
0.125 0.25
0 0.25
0.25 0.25
0.125 0.375
0 0.375
0.25 0.375
0.125 0.5
0 0.5
0.25 0.5
0.125 0.625
0 0.625
0.25 0.625
0.125 0.75
0 0.75
0.25 0.75
0.125 0.875
0 0.875
0.25 0.875
0.125 1
0 1
0.25 1
0.375 0
0.375 0.125
0.5 0
0.5 0.125
0.375 0.25
0.5 0.25
0.375 0.375
0.5 0.375
0.4375 0.375
0.375 0.4375
0.375 0.5
0.4375 0.4375
0.5 0.4375
0.46875 0.4375
0.4375 0.46875
0.4375 0.5
0.46875 0.46875
0.5 0.46875
0.484375 0.46875
0.46875 0.484375
0.46875 0.5
0.484375 0.484375
0.5 0.484375
0.484375 0.5
0.5 0.5
0.375 0.5625
0.375 0.625
0.4375 0.53125
0.4375 0.5625
0.46875 0.515625
0.46875 0.53125
0.484375 0.515625
0.5 0.515625
0.484375 0.53125
0.5 0.53125
0.46875 0.5625
0.5 0.5625
0.4375 0.625
0.5 0.625
0.375 0.75
0.5 0.75
0.375 0.875
0.5 0.875
0.375 1
0.5 1
0.625 0
0.625 0.125
0.75 0
0.75 0.125
0.625 0.25
0.75 0.25
0.625 0.375
0.5625 0.375
0.75 0.375
0.5625 0.4375
0.53125 0.4375
0.625 0.4375
0.53125 0.46875
0.515625 0.46875
0.5625 0.46875
0.515625 0.484375
0.53125 0.484375
0.515625 0.5
0.53125 0.5
0.5625 0.5
0.625 0.5
0.75 0.5
0.515625 0.515625
0.53125 0.515625
0.515625 0.53125
0.53125 0.53125
0.5625 0.53125
0.53125 0.5625
0.5625 0.5625
0.625 0.5625
0.5625 0.625
0.625 0.625
0.75 0.625
0.625 0.75
0.75 0.75
0.625 0.875
0.75 0.875
0.625 1
0.75 1
0.875 0
0.875 0.125
1 0
1 0.125
0.875 0.25
1 0.25
0.875 0.375
1 0.375
0.875 0.5
1 0.5
0.875 0.625
1 0.625
0.875 0.75
1 0.75
0.875 0.875
1 0.875
0.875 1
1 1
4 1 2 3 4
4 2 5 6 3
4 4 3 7 8
4 3 6 9 7
4 8 7 10 11
4 7 9 12 10
4 11 10 13 14
4 10 12 15 13
4 14 13 16 17
4 13 15 18 16
4 17 16 19 20
4 16 18 21 19
4 20 19 22 23
4 19 21 24 22
4 23 22 25 26
4 22 24 27 25
4 5 28 29 6
4 28 30 31 29
4 6 29 32 9
4 29 31 33 32
4 9 32 34 12
5 32 33 35 36 34
5 12 34 37 38 15
4 34 36 39 37
5 36 35 40 41 39
5 37 39 42 43 38
4 39 41 44 42
5 41 40 45 46 44
5 42 44 47 48 43
4 44 46 49 47
4 46 45 50 49
4 47 49 51 48
4 49 50 52 51
5 15 38 53 54 18
5 38 43 55 56 53
5 43 48 57 58 55
4 48 51 59 57
4 51 52 60 59
4 57 59 61 58
4 59 60 62 61
4 55 58 63 56
5 58 61 62 64 63
4 53 56 65 54
5 56 63 64 66 65
4 18 54 67 21
5 54 65 66 68 67
4 21 67 69 24
4 67 68 70 69
4 24 69 71 27
4 69 70 72 71
4 30 73 74 31
4 73 75 76 74
4 31 74 77 33
4 74 76 78 77
5 33 77 79 80 35
4 77 78 81 79
5 35 80 82 83 40
4 80 79 84 82
5 40 83 85 86 45
4 83 82 87 85
4 45 86 88 50
4 86 85 89 88
4 50 88 90 52
4 88 89 91 90
5 85 87 92 91 89
5 82 84 93 92 87
5 79 81 94 93 84
4 52 90 95 60
4 90 91 96 95
4 60 95 97 62
4 95 96 98 97
5 91 92 99 98 96
5 62 97 98 100 64
4 98 99 101 100
5 92 93 102 101 99
5 64 100 101 103 66
4 101 102 104 103
5 93 94 105 104 102
5 66 103 104 106 68
4 104 105 107 106
4 68 106 108 70
4 106 107 109 108
4 70 108 110 72
4 108 109 111 110
4 75 112 113 76
4 112 114 115 113
4 76 113 116 78
4 113 115 117 116
4 78 116 118 81
4 116 117 119 118
4 81 118 120 94
4 118 119 121 120
4 94 120 122 105
4 120 121 123 122
4 105 122 124 107
4 122 123 125 124
4 107 124 126 109
4 124 125 127 126
4 109 126 128 111
4 126 127 129 128
1 2 4 5 8 11 14 17 20 23 25 26 27 28 30 71 72 73 75 110 111 112 114 115 117 119 121 123 125 127 128 129
