321 280 1
0 0
0.0625 0
0.0625 0.0625
0 0.0625
0.125 0
0.125 0.0625
0.0625 0.125
0 0.125
0.125 0.125
0.1875 0
0.1875 0.0625
0.25 0
0.25 0.0625
0.1875 0.125
0.25 0.125
0.0625 0.1875
0 0.1875
0.125 0.1875
0.0625 0.25
0 0.25
0.125 0.25
0.1875 0.1875
0.25 0.1875
0.1875 0.25
0.25 0.25
0.0625 0.3125
0 0.3125
0.125 0.3125
0.0625 0.375
0 0.375
0.125 0.375
0.1875 0.3125
0.25 0.3125
0.1875 0.375
0.25 0.375
0.0625 0.4375
0 0.4375
0.125 0.4375
0.0625 0.5
0 0.5
0.125 0.5
0.1875 0.4375
0.25 0.4375
0.1875 0.5
0.25 0.5
0.0625 0.5625
0 0.5625
0.125 0.5625
0.0625 0.625
0 0.625
0.125 0.625
0.1875 0.5625
0.25 0.5625
0.1875 0.625
0.25 0.625
0.0625 0.6875
0 0.6875
0.125 0.6875
0.0625 0.75
0 0.75
0.125 0.75
0.1875 0.6875
0.25 0.6875
0.1875 0.75
0.25 0.75
0.0625 0.8125
0 0.8125
0.125 0.8125
0.0625 0.875
0 0.875
0.125 0.875
0.1875 0.8125
0.25 0.8125
0.1875 0.875
0.25 0.875
0.0625 0.9375
0 0.9375
0.125 0.9375
0.0625 1
0 1
0.125 1
0.1875 0.9375
0.25 0.9375
0.1875 1
0.25 1
0.3125 0
0.3125 0.0625
0.375 0
0.375 0.0625
0.3125 0.125
0.375 0.125
0.4375 0
0.4375 0.0625
0.5 0
0.5 0.0625
0.4375 0.125
0.5 0.125
0.3125 0.1875
0.375 0.1875
0.3125 0.25
0.375 0.25
0.4375 0.1875
0.5 0.1875
0.4375 0.25
0.5 0.25
0.3125 0.3125
0.375 0.3125
0.3125 0.375
0.375 0.375
0.4375 0.3125
0.5 0.3125
0.4375 0.375
0.5 0.375
0.3125 0.4375
0.375 0.4375
0.3125 0.5
0.375 0.5
0.4375 0.4375
0.5 0.4375
0.46875 0.4375
0.4375 0.46875
0.4375 0.5
0.46875 0.46875
0.5 0.46875
0.484375 0.46875
0.46875 0.484375
0.46875 0.5
0.484375 0.484375
0.5 0.484375
0.484375 0.5
0.5 0.5
0.3125 0.5625
0.375 0.5625
0.3125 0.625
0.375 0.625
0.4375 0.53125
0.4375 0.5625
0.46875 0.515625
0.46875 0.53125
0.484375 0.515625
0.5 0.515625
0.484375 0.53125
0.5 0.53125
0.46875 0.5625
0.5 0.5625
0.4375 0.625
0.5 0.625
0.3125 0.6875
0.375 0.6875
0.3125 0.75
0.375 0.75
0.4375 0.6875
0.5 0.6875
0.4375 0.75
0.5 0.75
0.3125 0.8125
0.375 0.8125
0.3125 0.875
0.375 0.875
0.4375 0.8125
0.5 0.8125
0.4375 0.875
0.5 0.875
0.3125 0.9375
0.375 0.9375
0.3125 1
0.375 1
0.4375 0.9375
0.5 0.9375
0.4375 1
0.5 1
0.5625 0
0.5625 0.0625
0.625 0
0.625 0.0625
0.5625 0.125
0.625 0.125
0.6875 0
0.6875 0.0625
0.75 0
0.75 0.0625
0.6875 0.125
0.75 0.125
0.5625 0.1875
0.625 0.1875
0.5625 0.25
0.625 0.25
0.6875 0.1875
0.75 0.1875
0.6875 0.25
0.75 0.25
0.5625 0.3125
0.625 0.3125
0.5625 0.375
0.625 0.375
0.6875 0.3125
0.75 0.3125
0.6875 0.375
0.75 0.375
0.5625 0.4375
0.53125 0.4375
0.625 0.4375
0.53125 0.46875
0.515625 0.46875
0.5625 0.46875
0.515625 0.484375
0.53125 0.484375
0.515625 0.5
0.53125 0.5
0.5625 0.5
0.625 0.5
0.6875 0.4375
0.75 0.4375
0.6875 0.5
0.75 0.5
0.515625 0.515625
0.53125 0.515625
0.515625 0.53125
0.53125 0.53125
0.5625 0.53125
0.53125 0.5625
0.5625 0.5625
0.625 0.5625
0.5625 0.625
0.625 0.625
0.6875 0.5625
0.75 0.5625
0.6875 0.625
0.75 0.625
0.5625 0.6875
0.625 0.6875
0.5625 0.75
0.625 0.75
0.6875 0.6875
0.75 0.6875
0.6875 0.75
0.75 0.75
0.5625 0.8125
0.625 0.8125
0.5625 0.875
0.625 0.875
0.6875 0.8125
0.75 0.8125
0.6875 0.875
0.75 0.875
0.5625 0.9375
0.625 0.9375
0.5625 1
0.625 1
0.6875 0.9375
0.75 0.9375
0.6875 1
0.75 1
0.8125 0
0.8125 0.0625
0.875 0
0.875 0.0625
0.8125 0.125
0.875 0.125
0.9375 0
0.9375 0.0625
1 0
1 0.0625
0.9375 0.125
1 0.125
0.8125 0.1875
0.875 0.1875
0.8125 0.25
0.875 0.25
0.9375 0.1875
1 0.1875
0.9375 0.25
1 0.25
0.8125 0.3125
0.875 0.3125
0.8125 0.375
0.875 0.375
0.9375 0.3125
1 0.3125
0.9375 0.375
1 0.375
0.8125 0.4375
0.875 0.4375
0.8125 0.5
0.875 0.5
0.9375 0.4375
1 0.4375
0.9375 0.5
1 0.5
0.8125 0.5625
0.875 0.5625
0.8125 0.625
0.875 0.625
0.9375 0.5625
1 0.5625
0.9375 0.625
1 0.625
0.8125 0.6875
0.875 0.6875
0.8125 0.75
0.875 0.75
0.9375 0.6875
1 0.6875
0.9375 0.75
1 0.75
0.8125 0.8125
0.875 0.8125
0.8125 0.875
0.875 0.875
0.9375 0.8125
1 0.8125
0.9375 0.875
1 0.875
0.8125 0.9375
0.875 0.9375
0.8125 1
0.875 1
0.9375 0.9375
1 0.9375
0.9375 1
1 1
4 1 2 3 4
4 2 5 6 3
4 4 3 7 8
4 3 6 9 7
4 5 10 11 6
4 10 12 13 11
4 6 11 14 9
4 11 13 15 14
4 8 7 16 17
4 7 9 18 16
4 17 16 19 20
4 16 18 21 19
4 9 14 22 18
4 14 15 23 22
4 18 22 24 21
4 22 23 25 24
4 20 19 26 27
4 19 21 28 26
4 27 26 29 30
4 26 28 31 29
4 21 24 32 28
4 24 25 33 32
4 28 32 34 31
4 32 33 35 34
4 30 29 36 37
4 29 31 38 36
4 37 36 39 40
4 36 38 41 39
4 31 34 42 38
4 34 35 43 42
4 38 42 44 41
4 42 43 45 44
4 40 39 46 47
4 39 41 48 46
4 47 46 49 50
4 46 48 51 49
4 41 44 52 48
4 44 45 53 52
4 48 52 54 51
4 52 53 55 54
4 50 49 56 57
4 49 51 58 56
4 57 56 59 60
4 56 58 61 59
4 51 54 62 58
4 54 55 63 62
4 58 62 64 61
4 62 63 65 64
4 60 59 66 67
4 59 61 68 66
4 67 66 69 70
4 66 68 71 69
4 61 64 72 68
4 64 65 73 72
4 68 72 74 71
4 72 73 75 74
4 70 69 76 77
4 69 71 78 76
4 77 76 79 80
4 76 78 81 79
4 71 74 82 78
4 74 75 83 82
4 78 82 84 81
4 82 83 85 84
4 12 86 87 13
4 86 88 89 87
4 13 87 90 15
4 87 89 91 90
4 88 92 93 89
4 92 94 95 93
4 89 93 96 91
4 93 95 97 96
4 15 90 98 23
4 90 91 99 98
4 23 98 100 25
4 98 99 101 100
4 91 96 102 99
4 96 97 103 102
4 99 102 104 101
4 102 103 105 104
4 25 100 106 33
4 100 101 107 106
4 33 106 108 35
4 106 107 109 108
4 101 104 110 107
4 104 105 111 110
4 107 110 112 109
4 110 111 113 112
4 35 108 114 43
4 108 109 115 114
4 43 114 116 45
4 114 115 117 116
4 109 112 118 115
5 112 113 119 120 118
5 115 118 121 122 117
4 118 120 123 121
5 120 119 124 125 123
5 121 123 126 127 122
4 123 125 128 126
4 125 124 129 128
4 126 128 130 127
4 128 129 131 130
4 45 116 132 53
4 116 117 133 132
4 53 132 134 55
4 132 133 135 134
5 117 122 136 137 133
5 122 127 138 139 136
4 127 130 140 138
4 130 131 141 140
4 138 140 142 139
4 140 141 143 142
4 136 139 144 137
5 139 142 143 145 144
4 133 137 146 135
5 137 144 145 147 146
4 55 134 148 63
4 134 135 149 148
4 63 148 150 65
4 148 149 151 150
4 135 146 152 149
4 146 147 153 152
4 149 152 154 151
4 152 153 155 154
4 65 150 156 73
4 150 151 157 156
4 73 156 158 75
4 156 157 159 158
4 151 154 160 157
4 154 155 161 160
4 157 160 162 159
4 160 161 163 162
4 75 158 164 83
4 158 159 165 164
4 83 164 166 85
4 164 165 167 166
4 159 162 168 165
4 162 163 169 168
4 165 168 170 167
4 168 169 171 170
4 94 172 173 95
4 172 174 175 173
4 95 173 176 97
4 173 175 177 176
4 174 178 179 175
4 178 180 181 179
4 175 179 182 177
4 179 181 183 182
4 97 176 184 103
4 176 177 185 184
4 103 184 186 105
4 184 185 187 186
4 177 182 188 185
4 182 183 189 188
4 185 188 190 187
4 188 189 191 190
4 105 186 192 111
4 186 187 193 192
4 111 192 194 113
4 192 193 195 194
4 187 190 196 193
4 190 191 197 196
4 193 196 198 195
4 196 197 199 198
5 113 194 200 201 119
4 194 195 202 200
5 119 201 203 204 124
4 201 200 205 203
4 124 204 206 129
4 204 203 207 206
4 129 206 208 131
4 206 207 209 208
5 203 205 210 209 207
5 200 202 211 210 205
4 195 198 212 202
4 198 199 213 212
4 202 212 214 211
4 212 213 215 214
4 131 208 216 141
4 208 209 217 216
4 141 216 218 143
4 216 217 219 218
5 209 210 220 219 217
5 143 218 219 221 145
4 219 220 222 221
5 210 211 223 222 220
5 145 221 222 224 147
4 222 223 225 224
4 211 214 226 223
4 214 215 227 226
4 223 226 228 225
4 226 227 229 228
4 147 224 230 153
4 224 225 231 230
4 153 230 232 155
4 230 231 233 232
4 225 228 234 231
4 228 229 235 234
4 231 234 236 233
4 234 235 237 236
4 155 232 238 161
4 232 233 239 238
4 161 238 240 163
4 238 239 241 240
4 233 236 242 239
4 236 237 243 242
4 239 242 244 241
4 242 243 245 244
4 163 240 246 169
4 240 241 247 246
4 169 246 248 171
4 246 247 249 248
4 241 244 250 247
4 244 245 251 250
4 247 250 252 249
4 250 251 253 252
4 180 254 255 181
4 254 256 257 255
4 181 255 258 183
4 255 257 259 258
4 256 260 261 257
4 260 262 263 261
4 257 261 264 259
4 261 263 265 264
4 183 258 266 189
4 258 259 267 266
4 189 266 268 191
4 266 267 269 268
4 259 264 270 267
4 264 265 271 270
4 267 270 272 269
4 270 271 273 272
4 191 268 274 197
4 268 269 275 274
4 197 274 276 199
4 274 275 277 276
4 269 272 278 275
4 272 273 279 278
4 275 278 280 277
4 278 279 281 280
4 199 276 282 213
4 276 277 283 282
4 213 282 284 215
4 282 283 285 284
4 277 280 286 283
4 280 281 287 286
4 283 286 288 285
4 286 287 289 288
4 215 284 290 227
4 284 285 291 290
4 227 290 292 229
4 290 291 293 292
4 285 288 294 291
4 288 289 295 294
4 291 294 296 293
4 294 295 297 296
4 229 292 298 235
4 292 293 299 298
4 235 298 300 237
4 298 299 301 300
4 293 296 302 299
4 296 297 303 302
4 299 302 304 301
4 302 303 305 304
4 237 300 306 243
4 300 301 307 306
4 243 306 308 245
4 306 307 309 308
4 301 304 310 307
4 304 305 311 310
4 307 310 312 309
4 310 311 313 312
4 245 308 314 251
4 308 309 315 314
4 251 314 316 253
4 314 315 317 316
4 309 312 318 315
4 312 313 319 318
4 315 318 320 317
4 318 319 321 320
1 2 4 5 8 10 12 17 20 27 30 37 40 47 50 57 60 67 70 77 79 80 81 84 85 86 88 92 94 166 167 170 171 172 174 178 180 248 249 252 253 254 256 260 262 263 265 271 273 279 281 287 289 295 297 303 305 311 313 316 317 319 320 321
