241 180 1
0 0
0.166666666666667 0
0.166666666666667 0.166666666666667
0 0.166666666666667
0.166666666666667 0.333333333333333
0 0.333333333333333
0.166666666666667 0.5
0 0.5
0.166666666666667 0.666666666666667
0 0.666666666666667
0.166666666666667 0.833333333333333
0 0.833333333333333
0.166666666666667 1
0 1
0.333333333333333 0
0.333333333333333 0.166666666666667
0.333333333333333 0.333333333333333
0.333333333333333 0.416666666666667
0.333333333333333 0.5
0.333333333333333 0.583333333333333
0.333333333333333 0.666666666666667
0.333333333333333 0.833333333333333
0.333333333333333 1
0.5 0
0.5 0.166666666666667
0.5 0.333333333333333
0.416666666666667 0.333333333333333
0.416666666666667 0.416666666666667
0.5 0.416666666666667
0.458333333333333 0.416666666666667
0.416666666666667 0.458333333333333
0.416666666666667 0.5
0.458333333333333 0.458333333333333
0.5 0.458333333333333
0.479166666666667 0.458333333333333
0.458333333333333 0.479166666666667
0.458333333333333 0.5
0.479166666666667 0.479166666666667
0.5 0.479166666666667
0.489583333333333 0.479166666666667
0.479166666666667 0.489583333333333
0.479166666666667 0.5
0.489583333333333 0.489583333333333
0.5 0.489583333333333
0.494791666666667 0.489583333333333
0.489583333333333 0.494791666666667
0.489583333333333 0.5
0.494791666666667 0.494791666666667
0.5 0.494791666666667
0.497395833333333 0.494791666666667
0.494791666666667 0.497395833333333
0.494791666666667 0.5
0.497395833333333 0.497395833333333
0.5 0.497395833333333
0.498697916666667 0.497395833333333
0.497395833333333 0.498697916666667
0.497395833333333 0.5
0.498697916666667 0.498697916666667
0.5 0.498697916666667
0.499348958333333 0.498697916666667
0.498697916666667 0.499348958333333
0.498697916666667 0.5
0.499348958333333 0.499348958333333
0.5 0.499348958333333
0.499674479166667 0.499348958333333
0.499348958333333 0.499674479166667
0.499348958333333 0.5
0.499674479166667 0.499674479166667
0.5 0.499674479166667
0.499837239583333 0.499674479166667
0.499674479166667 0.499837239583333
0.499674479166667 0.5
0.499837239583333 0.499837239583333
0.5 0.499837239583333
0.499918619791667 0.499837239583333
0.499837239583333 0.499918619791667
0.499837239583333 0.5
0.499918619791667 0.499918619791667
0.5 0.499918619791667
0.499959309895833 0.499918619791667
0.499918619791667 0.499959309895833
0.499918619791667 0.5
0.499959309895833 0.499959309895833
0.5 0.499959309895833
0.499959309895833 0.5
0.5 0.5
0.416666666666667 0.541666666666667
0.416666666666667 0.583333333333333
0.458333333333333 0.520833333333333
0.458333333333333 0.541666666666667
0.479166666666667 0.510416666666667
0.479166666666667 0.520833333333333
0.489583333333333 0.505208333333333
0.489583333333333 0.510416666666667
0.494791666666667 0.502604166666667
0.494791666666667 0.505208333333333
0.497395833333333 0.501302083333333
0.497395833333333 0.502604166666667
0.498697916666667 0.500651041666667
0.498697916666667 0.501302083333333
0.499348958333333 0.500325520833333
0.499348958333333 0.500651041666667
0.499674479166667 0.500162760416667
0.499674479166667 0.500325520833333
0.499837239583333 0.500081380208333
0.499837239583333 0.500162760416667
0.499918619791667 0.500040690104167
0.499918619791667 0.500081380208333
0.499959309895833 0.500040690104167
0.5 0.500040690104167
0.499959309895833 0.500081380208333
0.5 0.500081380208333
0.499918619791667 0.500162760416667
0.5 0.500162760416667
0.499837239583333 0.500325520833333
0.5 0.500325520833333
0.499674479166667 0.500651041666667
0.5 0.500651041666667
0.499348958333333 0.501302083333333
0.5 0.501302083333333
0.498697916666667 0.502604166666667
0.5 0.502604166666667
0.497395833333333 0.505208333333333
0.5 0.505208333333333
0.494791666666667 0.510416666666667
0.5 0.510416666666667
0.489583333333333 0.520833333333333
0.5 0.520833333333333
0.479166666666667 0.541666666666667
0.5 0.541666666666667
0.458333333333333 0.583333333333333
0.5 0.583333333333333
0.416666666666667 0.666666666666667
0.5 0.666666666666667
0.5 0.833333333333333
0.5 1
0.666666666666667 0
0.666666666666667 0.166666666666667
0.666666666666667 0.333333333333333
0.583333333333333 0.333333333333333
0.583333333333333 0.416666666666667
0.541666666666667 0.416666666666667
0.666666666666667 0.416666666666667
0.541666666666667 0.458333333333333
0.520833333333333 0.458333333333333
0.583333333333333 0.458333333333333
0.520833333333333 0.479166666666667
0.510416666666667 0.479166666666667
0.541666666666667 0.479166666666667
0.510416666666667 0.489583333333333
0.505208333333333 0.489583333333333
0.520833333333333 0.489583333333333
0.505208333333333 0.494791666666667
0.502604166666667 0.494791666666667
0.510416666666667 0.494791666666667
0.502604166666667 0.497395833333333
0.501302083333333 0.497395833333333
0.505208333333333 0.497395833333333
0.501302083333333 0.498697916666667
0.500651041666667 0.498697916666667
0.502604166666667 0.498697916666667
0.500651041666667 0.499348958333333
0.500325520833333 0.499348958333333
0.501302083333333 0.499348958333333
0.500325520833333 0.499674479166667
0.500162760416667 0.499674479166667
0.500651041666667 0.499674479166667
0.500162760416667 0.499837239583333
0.500081380208333 0.499837239583333
0.500325520833333 0.499837239583333
0.500081380208333 0.499918619791667
0.500040690104167 0.499918619791667
0.500162760416667 0.499918619791667
0.500040690104167 0.499959309895833
0.500081380208333 0.499959309895833
0.500040690104167 0.5
0.500081380208333 0.5
0.500162760416667 0.5
0.500325520833333 0.5
0.500651041666667 0.5
0.501302083333333 0.5
0.502604166666667 0.5
0.505208333333333 0.5
0.510416666666667 0.5
0.520833333333333 0.5
0.541666666666667 0.5
0.583333333333333 0.5
0.666666666666667 0.5
0.500040690104167 0.500040690104167
0.500081380208333 0.500040690104167
0.500040690104167 0.500081380208333
0.500081380208333 0.500081380208333
0.500162760416667 0.500081380208333
0.500081380208333 0.500162760416667
0.500162760416667 0.500162760416667
0.500325520833333 0.500162760416667
0.500162760416667 0.500325520833333
0.500325520833333 0.500325520833333
0.500651041666667 0.500325520833333
0.500325520833333 0.500651041666667
0.500651041666667 0.500651041666667
0.501302083333333 0.500651041666667
0.500651041666667 0.501302083333333
0.501302083333333 0.501302083333333
0.502604166666667 0.501302083333333
0.501302083333333 0.502604166666667
0.502604166666667 0.502604166666667
0.505208333333333 0.502604166666667
0.502604166666667 0.505208333333333
0.505208333333333 0.505208333333333
0.510416666666667 0.505208333333333
0.505208333333333 0.510416666666667
0.510416666666667 0.510416666666667
0.520833333333333 0.510416666666667
0.510416666666667 0.520833333333333
0.520833333333333 0.520833333333333
0.541666666666667 0.520833333333333
0.520833333333333 0.541666666666667
0.541666666666667 0.541666666666667
0.583333333333333 0.541666666666667
0.541666666666667 0.583333333333333
0.583333333333333 0.583333333333333
0.666666666666667 0.583333333333333
0.583333333333333 0.666666666666667
0.666666666666667 0.666666666666667
0.666666666666667 0.833333333333333
0.666666666666667 1
0.833333333333333 0
0.833333333333333 0.166666666666667
0.833333333333333 0.333333333333333
0.833333333333333 0.5
0.833333333333333 0.666666666666667
0.833333333333333 0.833333333333333
0.833333333333333 1
1 0
1 0.166666666666667
1 0.333333333333333
1 0.5
1 0.666666666666667
1 0.833333333333333
1 1
4 1 2 3 4
4 4 3 5 6
4 6 5 7 8
4 8 7 9 10
4 10 9 11 12
4 12 11 13 14
4 2 15 16 3
4 3 16 17 5
5 5 17 18 19 7
5 7 19 20 21 9
4 9 21 22 11
4 11 22 23 13
4 15 24 25 16
5 16 25 26 27 17
4 17 27 28 18
5 27 26 29 30 28
5 18 28 31 32 19
4 28 30 33 31
5 30 29 34 35 33
5 31 33 36 37 32
4 33 35 38 36
5 35 34 39 40 38
5 36 38 41 42 37
4 38 40 43 41
5 40 39 44 45 43
5 41 43 46 47 42
4 43 45 48 46
5 45 44 49 50 48
5 46 48 51 52 47
4 48 50 53 51
5 50 49 54 55 53
5 51 53 56 57 52
4 53 55 58 56
5 55 54 59 60 58
5 56 58 61 62 57
4 58 60 63 61
5 60 59 64 65 63
5 61 63 66 67 62
4 63 65 68 66
5 65 64 69 70 68
5 66 68 71 72 67
4 68 70 73 71
5 70 69 74 75 73
5 71 73 76 77 72
4 73 75 78 76
5 75 74 79 80 78
5 76 78 81 82 77
4 78 80 83 81
4 80 79 84 83
4 81 83 85 82
4 83 84 86 85
5 19 32 87 88 20
5 32 37 89 90 87
5 37 42 91 92 89
5 42 47 93 94 91
5 47 52 95 96 93
5 52 57 97 98 95
5 57 62 99 100 97
5 62 67 101 102 99
5 67 72 103 104 101
5 72 77 105 106 103
5 77 82 107 108 105
4 82 85 109 107
4 85 86 110 109
4 107 109 111 108
4 109 110 112 111
4 105 108 113 106
5 108 111 112 114 113
4 103 106 115 104
5 106 113 114 116 115
4 101 104 117 102
5 104 115 116 118 117
4 99 102 119 100
5 102 117 118 120 119
4 97 100 121 98
5 100 119 120 122 121
4 95 98 123 96
5 98 121 122 124 123
4 93 96 125 94
5 96 123 124 126 125
4 91 94 127 92
5 94 125 126 128 127
4 89 92 129 90
5 92 127 128 130 129
4 87 90 131 88
5 90 129 130 132 131
4 20 88 133 21
5 88 131 132 134 133
5 21 133 134 135 22
4 22 135 136 23
4 24 137 138 25
5 25 138 139 140 26
5 26 140 141 142 29
4 140 139 143 141
5 29 142 144 145 34
4 142 141 146 144
5 34 145 147 148 39
4 145 144 149 147
5 39 148 150 151 44
4 148 147 152 150
5 44 151 153 154 49
4 151 150 155 153
5 49 154 156 157 54
4 154 153 158 156
5 54 157 159 160 59
4 157 156 161 159
5 59 160 162 163 64
4 160 159 164 162
5 64 163 165 166 69
4 163 162 167 165
5 69 166 168 169 74
4 166 165 170 168
5 74 169 171 172 79
4 169 168 173 171
4 79 172 174 84
4 172 171 175 174
4 84 174 176 86
4 174 175 177 176
5 171 173 178 177 175
5 168 170 179 178 173
5 165 167 180 179 170
5 162 164 181 180 167
5 159 161 182 181 164
5 156 158 183 182 161
5 153 155 184 183 158
5 150 152 185 184 155
5 147 149 186 185 152
5 144 146 187 186 149
5 141 143 188 187 146
4 86 176 189 110
4 176 177 190 189
4 110 189 191 112
4 189 190 192 191
5 177 178 193 192 190
5 112 191 192 194 114
4 192 193 195 194
5 178 179 196 195 193
5 114 194 195 197 116
4 195 196 198 197
5 179 180 199 198 196
5 116 197 198 200 118
4 198 199 201 200
5 180 181 202 201 199
5 118 200 201 203 120
4 201 202 204 203
5 181 182 205 204 202
5 120 203 204 206 122
4 204 205 207 206
5 182 183 208 207 205
5 122 206 207 209 124
4 207 208 210 209
5 183 184 211 210 208
5 124 209 210 212 126
4 210 211 213 212
5 184 185 214 213 211
5 126 212 213 215 128
4 213 214 216 215
5 185 186 217 216 214
5 128 215 216 218 130
4 216 217 219 218
5 186 187 220 219 217
5 130 218 219 221 132
4 219 220 222 221
5 187 188 223 222 220
5 132 221 222 224 134
4 222 223 225 224
5 134 224 225 226 135
4 135 226 227 136
4 137 228 229 138
4 138 229 230 139
5 139 230 231 188 143
5 188 231 232 225 223
4 225 232 233 226
4 226 233 234 227
4 228 235 236 229
4 229 236 237 230
4 230 237 238 231
4 231 238 239 232
4 232 239 240 233
4 233 240 241 234
1 2 4 6 8 10 12 13 14 15 23 24 136 137 227 228 234 235 236 237 238 239 240 241
