73 52 1
0 0
0.25 0
0.25 0.25
0 0.25
0.25 0.375
0.25 0.5
0 0.5
0.25 0.625
0.25 0.75
0 0.75
0.25 1
0 1
0.5 0
0.5 0.25
0.375 0.25
0.375 0.375
0.5 0.375
0.4375 0.375
0.375 0.4375
0.375 0.5
0.4375 0.4375
0.5 0.4375
0.46875 0.4375
0.4375 0.46875
0.4375 0.5
0.46875 0.46875
0.5 0.46875
0.46875 0.5
0.5 0.5
0.375 0.5625
0.375 0.625
0.4375 0.53125
0.4375 0.5625
0.46875 0.53125
0.5 0.53125
0.46875 0.5625
0.5 0.5625
0.4375 0.625
0.5 0.625
0.375 0.75
0.5 0.75
0.5 1
0.75 0
0.75 0.25
0.625 0.25
0.625 0.375
0.5625 0.375
0.75 0.375
0.5625 0.4375
0.53125 0.4375
0.625 0.4375
0.53125 0.46875
0.5625 0.46875
0.53125 0.5
0.5625 0.5
0.625 0.5
0.75 0.5
0.53125 0.53125
0.5625 0.53125
0.53125 0.5625
0.5625 0.5625
0.625 0.5625
0.5625 0.625
0.625 0.625
0.75 0.625
0.625 0.75
0.75 0.75
0.75 1
1 0
1 0.25
1 0.5
1 0.75
1 1
4 1 2 3 4
5 4 3 5 6 7
5 7 6 8 9 10
4 10 9 11 12
5 2 13 14 15 3
4 3 15 16 5
5 15 14 17 18 16
5 5 16 19 20 6
4 16 18 21 19
5 18 17 22 23 21
5 19 21 24 25 20
4 21 23 26 24
4 23 22 27 26
4 24 26 28 25
4 26 27 29 28
5 6 20 30 31 8
5 20 25 32 33 30
4 25 28 34 32
4 28 29 35 34
4 32 34 36 33
4 34 35 37 36
4 30 33 38 31
5 33 36 37 39 38
4 8 31 40 9
5 31 38 39 41 40
5 9 40 41 42 11
5 13 43 44 45 14
5 14 45 46 47 17
4 45 44 48 46
5 17 47 49 50 22
4 47 46 51 49
4 22 50 52 27
4 50 49 53 52
4 27 52 54 29
4 52 53 55 54
5 49 51 56 55 53
5 46 48 57 56 51
4 29 54 58 35
4 54 55 59 58
4 35 58 60 37
4 58 59 61 60
5 55 56 62 61 59
5 37 60 61 63 39
4 61 62 64 63
5 56 57 65 64 62
5 39 63 64 66 41
4 64 65 67 66
5 41 66 67 68 42
4 43 69 70 44
5 44 70 71 57 48
5 57 71 72 67 65
4 67 72 73 68
1 2 4 7 10 11 12 13 42 43 68 69 70 71 72 73
