161 124 1
0 0
0.125 0
0.125 0.125
0 0.125
0.25 0
0.25 0.125
0.125 0.25
0 0.25
0.25 0.25
0.125 0.375
0 0.375
0.25 0.375
0.125 0.5
0 0.5
0.25 0.5
0.125 0.625
0 0.625
0.25 0.625
0.125 0.75
0 0.75
0.25 0.75
0.125 0.875
0 0.875
0.25 0.875
0.125 1
0 1
0.25 1
0.375 0
0.375 0.125
0.5 0
0.5 0.125
0.375 0.25
0.5 0.25
0.375 0.375
0.5 0.375
0.4375 0.375
0.375 0.4375
0.375 0.5
0.4375 0.4375
0.5 0.4375
0.46875 0.4375
0.4375 0.46875
0.4375 0.5
0.46875 0.46875
0.5 0.46875
0.484375 0.46875
0.46875 0.484375
0.46875 0.5
0.484375 0.484375
0.5 0.484375
0.4921875 0.484375
0.484375 0.4921875
0.484375 0.5
0.4921875 0.4921875
0.5 0.4921875
0.49609375 0.4921875
0.4921875 0.49609375
0.4921875 0.5
0.49609375 0.49609375
0.5 0.49609375
0.49609375 0.5
0.5 0.5
0.375 0.5625
0.375 0.625
0.4375 0.53125
0.4375 0.5625
0.46875 0.515625
0.46875 0.53125
0.484375 0.5078125
0.484375 0.515625
0.4921875 0.50390625
0.4921875 0.5078125
0.49609375 0.50390625
0.5 0.50390625
0.49609375 0.5078125
0.5 0.5078125
0.4921875 0.515625
0.5 0.515625
0.484375 0.53125
0.5 0.53125
0.46875 0.5625
0.5 0.5625
0.4375 0.625
0.5 0.625
0.375 0.75
0.5 0.75
0.375 0.875
0.5 0.875
0.375 1
0.5 1
0.625 0
0.625 0.125
0.75 0
0.75 0.125
0.625 0.25
0.75 0.25
0.625 0.375
0.5625 0.375
0.75 0.375
0.5625 0.4375
0.53125 0.4375
0.625 0.4375
0.53125 0.46875
0.515625 0.46875
0.5625 0.46875
0.515625 0.484375
0.5078125 0.484375
0.53125 0.484375
0.5078125 0.4921875
0.50390625 0.4921875
0.515625 0.4921875
0.50390625 0.49609375
0.5078125 0.49609375
0.50390625 0.5
0.5078125 0.5
0.515625 0.5
0.53125 0.5
0.5625 0.5
0.625 0.5
0.75 0.5
0.50390625 0.50390625
0.5078125 0.50390625
0.50390625 0.5078125
0.5078125 0.5078125
0.515625 0.5078125
0.5078125 0.515625
0.515625 0.515625
0.53125 0.515625
0.515625 0.53125
0.53125 0.53125
0.5625 0.53125
0.53125 0.5625
0.5625 0.5625
0.625 0.5625
0.5625 0.625
0.625 0.625
0.75 0.625
0.625 0.75
0.75 0.75
0.625 0.875
0.75 0.875
0.625 1
0.75 1
0.875 0
0.875 0.125
1 0
1 0.125
0.875 0.25
1 0.25
0.875 0.375
1 0.375
0.875 0.5
1 0.5
0.875 0.625
1 0.625
0.875 0.75
1 0.75
0.875 0.875
1 0.875
0.875 1
1 1
4 1 2 3 4
4 2 5 6 3
4 4 3 7 8
4 3 6 9 7
4 8 7 10 11
4 7 9 12 10
4 11 10 13 14
4 10 12 15 13
4 14 13 16 17
4 13 15 18 16
4 17 16 19 20
4 16 18 21 19
4 20 19 22 23
4 19 21 24 22
4 23 22 25 26
4 22 24 27 25
4 5 28 29 6
4 28 30 31 29
4 6 29 32 9
4 29 31 33 32
4 9 32 34 12
5 32 33 35 36 34
5 12 34 37 38 15
4 34 36 39 37
5 36 35 40 41 39
5 37 39 42 43 38
4 39 41 44 42
5 41 40 45 46 44
5 42 44 47 48 43
4 44 46 49 47
5 46 45 50 51 49
5 47 49 52 53 48
4 49 51 54 52
5 51 50 55 56 54
5 52 54 57 58 53
4 54 56 59 57
4 56 55 60 59
4 57 59 61 58
4 59 60 62 61
5 15 38 63 64 18
5 38 43 65 66 63
5 43 48 67 68 65
5 48 53 69 70 67
5 53 58 71 72 69
4 58 61 73 71
4 61 62 74 73
4 71 73 75 72
4 73 74 76 75
4 69 72 77 70
5 72 75 76 78 77
4 67 70 79 68
5 70 77 78 80 79
4 65 68 81 66
5 68 79 80 82 81
4 63 66 83 64
5 66 81 82 84 83
4 18 64 85 21
5 64 83 84 86 85
4 21 85 87 24
4 85 86 88 87
4 24 87 89 27
4 87 88 90 89
4 30 91 92 31
4 91 93 94 92
4 31 92 95 33
4 92 94 96 95
5 33 95 97 98 35
4 95 96 99 97
5 35 98 100 101 40
4 98 97 102 100
5 40 101 103 104 45
4 101 100 105 103
5 45 104 106 107 50
4 104 103 108 106
5 50 107 109 110 55
4 107 106 111 109
4 55 110 112 60
4 110 109 113 112
4 60 112 114 62
4 112 113 115 114
5 109 111 116 115 113
5 106 108 117 116 111
5 103 105 118 117 108
5 100 102 119 118 105
5 97 99 120 119 102
4 62 114 121 74
4 114 115 122 121
4 74 121 123 76
4 121 122 124 123
5 115 116 125 124 122
5 76 123 124 126 78
4 124 125 127 126
5 116 117 128 127 125
5 78 126 127 129 80
4 127 128 130 129
5 117 118 131 130 128
5 80 129 130 132 82
4 130 131 133 132
5 118 119 134 133 131
5 82 132 133 135 84
4 133 134 136 135
5 119 120 137 136 134
5 84 135 136 138 86
4 136 137 139 138
4 86 138 140 88
4 138 139 141 140
4 88 140 142 90
4 140 141 143 142
4 93 144 145 94
4 144 146 147 145
4 94 145 148 96
4 145 147 149 148
4 96 148 150 99
4 148 149 151 150
4 99 150 152 120
4 150 151 153 152
4 120 152 154 137
4 152 153 155 154
4 137 154 156 139
4 154 155 157 156
4 139 156 158 141
4 156 157 159 158
4 141 158 160 143
4 158 159 161 160
1 2 4 5 8 11 14 17 20 23 25 26 27 28 30 89 90 91 93 142 143 144 146 147 149 151 153 155 157 159 160 161
