185 136 1
0 0
0.25 0
0.25 0.25
0 0.25
0.25 0.375
0.25 0.5
0 0.5
0.25 0.625
0.25 0.75
0 0.75
0.25 1
0 1
0.5 0
0.5 0.25
0.375 0.25
0.375 0.375
0.5 0.375
0.4375 0.375
0.375 0.4375
0.375 0.5
0.4375 0.4375
0.5 0.4375
0.46875 0.4375
0.4375 0.46875
0.4375 0.5
0.46875 0.46875
0.5 0.46875
0.484375 0.46875
0.46875 0.484375
0.46875 0.5
0.484375 0.484375
0.5 0.484375
0.4921875 0.484375
0.484375 0.4921875
0.484375 0.5
0.4921875 0.4921875
0.5 0.4921875
0.49609375 0.4921875
0.4921875 0.49609375
0.4921875 0.5
0.49609375 0.49609375
0.5 0.49609375
0.498046875 0.49609375
0.49609375 0.498046875
0.49609375 0.5
0.498046875 0.498046875
0.5 0.498046875
0.4990234375 0.498046875
0.498046875 0.4990234375
0.498046875 0.5
0.4990234375 0.4990234375
0.5 0.4990234375
0.49951171875 0.4990234375
0.4990234375 0.49951171875
0.4990234375 0.5
0.49951171875 0.49951171875
0.5 0.49951171875
0.499755859375 0.49951171875
0.49951171875 0.499755859375
0.49951171875 0.5
0.499755859375 0.499755859375
0.5 0.499755859375
0.499755859375 0.5
0.5 0.5
0.375 0.5625
0.375 0.625
0.4375 0.53125
0.4375 0.5625
0.46875 0.515625
0.46875 0.53125
0.484375 0.5078125
0.484375 0.515625
0.4921875 0.50390625
0.4921875 0.5078125
0.49609375 0.501953125
0.49609375 0.50390625
0.498046875 0.5009765625
0.498046875 0.501953125
0.4990234375 0.50048828125
0.4990234375 0.5009765625
0.49951171875 0.500244140625
0.49951171875 0.50048828125
0.499755859375 0.500244140625
0.5 0.500244140625
0.499755859375 0.50048828125
0.5 0.50048828125
0.49951171875 0.5009765625
0.5 0.5009765625
0.4990234375 0.501953125
0.5 0.501953125
0.498046875 0.50390625
0.5 0.50390625
0.49609375 0.5078125
0.5 0.5078125
0.4921875 0.515625
0.5 0.515625
0.484375 0.53125
0.5 0.53125
0.46875 0.5625
0.5 0.5625
0.4375 0.625
0.5 0.625
0.375 0.75
0.5 0.75
0.5 1
0.75 0
0.75 0.25
0.625 0.25
0.625 0.375
0.5625 0.375
0.75 0.375
0.5625 0.4375
0.53125 0.4375
0.625 0.4375
0.53125 0.46875
0.515625 0.46875
0.5625 0.46875
0.515625 0.484375
0.5078125 0.484375
0.53125 0.484375
0.5078125 0.4921875
0.50390625 0.4921875
0.515625 0.4921875
0.50390625 0.49609375
0.501953125 0.49609375
0.5078125 0.49609375
0.501953125 0.498046875
0.5009765625 0.498046875
0.50390625 0.498046875
0.5009765625 0.4990234375
0.50048828125 0.4990234375
0.501953125 0.4990234375
0.50048828125 0.49951171875
0.500244140625 0.49951171875
0.5009765625 0.49951171875
0.500244140625 0.499755859375
0.50048828125 0.499755859375
0.500244140625 0.5
0.50048828125 0.5
0.5009765625 0.5
0.501953125 0.5
0.50390625 0.5
0.5078125 0.5
0.515625 0.5
0.53125 0.5
0.5625 0.5
0.625 0.5
0.75 0.5
0.500244140625 0.500244140625
0.50048828125 0.500244140625
0.500244140625 0.50048828125
0.50048828125 0.50048828125
0.5009765625 0.50048828125
0.50048828125 0.5009765625
0.5009765625 0.5009765625
0.501953125 0.5009765625
0.5009765625 0.501953125
0.501953125 0.501953125
0.50390625 0.501953125
0.501953125 0.50390625
0.50390625 0.50390625
0.5078125 0.50390625
0.50390625 0.5078125
0.5078125 0.5078125
0.515625 0.5078125
0.5078125 0.515625
0.515625 0.515625
0.53125 0.515625
0.515625 0.53125
0.53125 0.53125
0.5625 0.53125
0.53125 0.5625
0.5625 0.5625
0.625 0.5625
0.5625 0.625
0.625 0.625
0.75 0.625
0.625 0.75
0.75 0.75
0.75 1
1 0
1 0.25
1 0.5
1 0.75
1 1
4 1 2 3 4
5 4 3 5 6 7
5 7 6 8 9 10
4 10 9 11 12
5 2 13 14 15 3
4 3 15 16 5
5 15 14 17 18 16
5 5 16 19 20 6
4 16 18 21 19
5 18 17 22 23 21
5 19 21 24 25 20
4 21 23 26 24
5 23 22 27 28 26
5 24 26 29 30 25
4 26 28 31 29
5 28 27 32 33 31
5 29 31 34 35 30
4 31 33 36 34
5 33 32 37 38 36
5 34 36 39 40 35
4 36 38 41 39
5 38 37 42 43 41
5 39 41 44 45 40
4 41 43 46 44
5 43 42 47 48 46
5 44 46 49 50 45
4 46 48 51 49
5 48 47 52 53 51
5 49 51 54 55 50
4 51 53 56 54
5 53 52 57 58 56
5 54 56 59 60 55
4 56 58 61 59
4 58 57 62 61
4 59 61 63 60
4 61 62 64 63
5 6 20 65 66 8
5 20 25 67 68 65
5 25 30 69 70 67
5 30 35 71 72 69
5 35 40 73 74 71
5 40 45 75 76 73
5 45 50 77 78 75
5 50 55 79 80 77
5 55 60 81 82 79
4 60 63 83 81
4 63 64 84 83
4 81 83 85 82
4 83 84 86 85
4 79 82 87 80
5 82 85 86 88 87
4 77 80 89 78
5 80 87 88 90 89
4 75 78 91 76
5 78 89 90 92 91
4 73 76 93 74
5 76 91 92 94 93
4 71 74 95 72
5 74 93 94 96 95
4 69 72 97 70
5 72 95 96 98 97
4 67 70 99 68
5 70 97 98 100 99
4 65 68 101 66
5 68 99 100 102 101
4 8 66 103 9
5 66 101 102 104 103
5 9 103 104 105 11
5 13 106 107 108 14
5 14 108 109 110 17
4 108 107 111 109
5 17 110 112 113 22
4 110 109 114 112
5 22 113 115 116 27
4 113 112 117 115
5 27 116 118 119 32
4 116 115 120 118
5 32 119 121 122 37
4 119 118 123 121
5 37 122 124 125 42
4 122 121 126 124
5 42 125 127 128 47
4 125 124 129 127
5 47 128 130 131 52
4 128 127 132 130
5 52 131 133 134 57
4 131 130 135 133
4 57 134 136 62
4 134 133 137 136
4 62 136 138 64
4 136 137 139 138
5 133 135 140 139 137
5 130 132 141 140 135
5 127 129 142 141 132
5 124 126 143 142 129
5 121 123 144 143 126
5 118 120 145 144 123
5 115 117 146 145 120
5 112 114 147 146 117
5 109 111 148 147 114
4 64 138 149 84
4 138 139 150 149
4 84 149 151 86
4 149 150 152 151
5 139 140 153 152 150
5 86 151 152 154 88
4 152 153 155 154
5 140 141 156 155 153
5 88 154 155 157 90
4 155 156 158 157
5 141 142 159 158 156
5 90 157 158 160 92
4 158 159 161 160
5 142 143 162 161 159
5 92 160 161 163 94
4 161 162 164 163
5 143 144 165 164 162
5 94 163 164 166 96
4 164 165 167 166
5 144 145 168 167 165
5 96 166 167 169 98
4 167 168 170 169
5 145 146 171 170 168
5 98 169 170 172 100
4 170 171 173 172
5 146 147 174 173 171
5 100 172 173 175 102
4 173 174 176 175
5 147 148 177 176 174
5 102 175 176 178 104
4 176 177 179 178
5 104 178 179 180 105
4 106 181 182 107
5 107 182 183 148 111
5 148 183 184 179 177
4 179 184 185 180
1 2 4 7 10 11 12 13 105 106 180 181 182 183 184 185
