209 160 1
0 0
0.125 0
0.125 0.125
0 0.125
0.25 0
0.25 0.125
0.125 0.25
0 0.25
0.25 0.25
0.125 0.375
0 0.375
0.25 0.375
0.125 0.5
0 0.5
0.25 0.5
0.125 0.625
0 0.625
0.25 0.625
0.125 0.75
0 0.75
0.25 0.75
0.125 0.875
0 0.875
0.25 0.875
0.125 1
0 1
0.25 1
0.375 0
0.375 0.125
0.5 0
0.5 0.125
0.375 0.25
0.5 0.25
0.375 0.375
0.5 0.375
0.4375 0.375
0.375 0.4375
0.375 0.5
0.4375 0.4375
0.5 0.4375
0.46875 0.4375
0.4375 0.46875
0.4375 0.5
0.46875 0.46875
0.5 0.46875
0.484375 0.46875
0.46875 0.484375
0.46875 0.5
0.484375 0.484375
0.5 0.484375
0.4921875 0.484375
0.484375 0.4921875
0.484375 0.5
0.4921875 0.4921875
0.5 0.4921875
0.49609375 0.4921875
0.4921875 0.49609375
0.4921875 0.5
0.49609375 0.49609375
0.5 0.49609375
0.498046875 0.49609375
0.49609375 0.498046875
0.49609375 0.5
0.498046875 0.498046875
0.5 0.498046875
0.4990234375 0.498046875
0.498046875 0.4990234375
0.498046875 0.5
0.4990234375 0.4990234375
0.5 0.4990234375
0.49951171875 0.4990234375
0.4990234375 0.49951171875
0.4990234375 0.5
0.49951171875 0.49951171875
0.5 0.49951171875
0.49951171875 0.5
0.5 0.5
0.375 0.5625
0.375 0.625
0.4375 0.53125
0.4375 0.5625
0.46875 0.515625
0.46875 0.53125
0.484375 0.5078125
0.484375 0.515625
0.4921875 0.50390625
0.4921875 0.5078125
0.49609375 0.501953125
0.49609375 0.50390625
0.498046875 0.5009765625
0.498046875 0.501953125
0.4990234375 0.50048828125
0.4990234375 0.5009765625
0.49951171875 0.50048828125
0.5 0.50048828125
0.49951171875 0.5009765625
0.5 0.5009765625
0.4990234375 0.501953125
0.5 0.501953125
0.498046875 0.50390625
0.5 0.50390625
0.49609375 0.5078125
0.5 0.5078125
0.4921875 0.515625
0.5 0.515625
0.484375 0.53125
0.5 0.53125
0.46875 0.5625
0.5 0.5625
0.4375 0.625
0.5 0.625
0.375 0.75
0.5 0.75
0.375 0.875
0.5 0.875
0.375 1
0.5 1
0.625 0
0.625 0.125
0.75 0
0.75 0.125
0.625 0.25
0.75 0.25
0.625 0.375
0.5625 0.375
0.75 0.375
0.5625 0.4375
0.53125 0.4375
0.625 0.4375
0.53125 0.46875
0.515625 0.46875
0.5625 0.46875
0.515625 0.484375
0.5078125 0.484375
0.53125 0.484375
0.5078125 0.4921875
0.50390625 0.4921875
0.515625 0.4921875
0.50390625 0.49609375
0.501953125 0.49609375
0.5078125 0.49609375
0.501953125 0.498046875
0.5009765625 0.498046875
0.50390625 0.498046875
0.5009765625 0.4990234375
0.50048828125 0.4990234375
0.501953125 0.4990234375
0.50048828125 0.49951171875
0.5009765625 0.49951171875
0.50048828125 0.5
0.5009765625 0.5
0.501953125 0.5
0.50390625 0.5
0.5078125 0.5
0.515625 0.5
0.53125 0.5
0.5625 0.5
0.625 0.5
0.75 0.5
0.50048828125 0.50048828125
0.5009765625 0.50048828125
0.50048828125 0.5009765625
0.5009765625 0.5009765625
0.501953125 0.5009765625
0.5009765625 0.501953125
0.501953125 0.501953125
0.50390625 0.501953125
0.501953125 0.50390625
0.50390625 0.50390625
0.5078125 0.50390625
0.50390625 0.5078125
0.5078125 0.5078125
0.515625 0.5078125
0.5078125 0.515625
0.515625 0.515625
0.53125 0.515625
0.515625 0.53125
0.53125 0.53125
0.5625 0.53125
0.53125 0.5625
0.5625 0.5625
0.625 0.5625
0.5625 0.625
0.625 0.625
0.75 0.625
0.625 0.75
0.75 0.75
0.625 0.875
0.75 0.875
0.625 1
0.75 1
0.875 0
0.875 0.125
1 0
1 0.125
0.875 0.25
1 0.25
0.875 0.375
1 0.375
0.875 0.5
1 0.5
0.875 0.625
1 0.625
0.875 0.75
1 0.75
0.875 0.875
1 0.875
0.875 1
1 1
4 1 2 3 4
4 2 5 6 3
4 4 3 7 8
4 3 6 9 7
4 8 7 10 11
4 7 9 12 10
4 11 10 13 14
4 10 12 15 13
4 14 13 16 17
4 13 15 18 16
4 17 16 19 20
4 16 18 21 19
4 20 19 22 23
4 19 21 24 22
4 23 22 25 26
4 22 24 27 25
4 5 28 29 6
4 28 30 31 29
4 6 29 32 9
4 29 31 33 32
4 9 32 34 12
5 32 33 35 36 34
5 12 34 37 38 15
4 34 36 39 37
5 36 35 40 41 39
5 37 39 42 43 38
4 39 41 44 42
5 41 40 45 46 44
5 42 44 47 48 43
4 44 46 49 47
5 46 45 50 51 49
5 47 49 52 53 48
4 49 51 54 52
5 51 50 55 56 54
5 52 54 57 58 53
4 54 56 59 57
5 56 55 60 61 59
5 57 59 62 63 58
4 59 61 64 62
5 61 60 65 66 64
5 62 64 67 68 63
4 64 66 69 67
5 66 65 70 71 69
5 67 69 72 73 68
4 69 71 74 72
4 71 70 75 74
4 72 74 76 73
4 74 75 77 76
5 15 38 78 79 18
5 38 43 80 81 78
5 43 48 82 83 80
5 48 53 84 85 82
5 53 58 86 87 84
5 58 63 88 89 86
5 63 68 90 91 88
5 68 73 92 93 90
4 73 76 94 92
4 76 77 95 94
4 92 94 96 93
4 94 95 97 96
4 90 93 98 91
5 93 96 97 99 98
4 88 91 100 89
5 91 98 99 101 100
4 86 89 102 87
5 89 100 101 103 102
4 84 87 104 85
5 87 102 103 105 104
4 82 85 106 83
5 85 104 105 107 106
4 80 83 108 81
5 83 106 107 109 108
4 78 81 110 79
5 81 108 109 111 110
4 18 79 112 21
5 79 110 111 113 112
4 21 112 114 24
4 112 113 115 114
4 24 114 116 27
4 114 115 117 116
4 30 118 119 31
4 118 120 121 119
4 31 119 122 33
4 119 121 123 122
5 33 122 124 125 35
4 122 123 126 124
5 35 125 127 128 40
4 125 124 129 127
5 40 128 130 131 45
4 128 127 132 130
5 45 131 133 134 50
4 131 130 135 133
5 50 134 136 137 55
4 134 133 138 136
5 55 137 139 140 60
4 137 136 141 139
5 60 140 142 143 65
4 140 139 144 142
5 65 143 145 146 70
4 143 142 147 145
4 70 146 148 75
4 146 145 149 148
4 75 148 150 77
4 148 149 151 150
5 145 147 152 151 149
5 142 144 153 152 147
5 139 141 154 153 144
5 136 138 155 154 141
5 133 135 156 155 138
5 130 132 157 156 135
5 127 129 158 157 132
5 124 126 159 158 129
4 77 150 160 95
4 150 151 161 160
4 95 160 162 97
4 160 161 163 162
5 151 152 164 163 161
5 97 162 163 165 99
4 163 164 166 165
5 152 153 167 166 164
5 99 165 166 168 101
4 166 167 169 168
5 153 154 170 169 167
5 101 168 169 171 103
4 169 170 172 171
5 154 155 173 172 170
5 103 171 172 174 105
4 172 173 175 174
5 155 156 176 175 173
5 105 174 175 177 107
4 175 176 178 177
5 156 157 179 178 176
5 107 177 178 180 109
4 178 179 181 180
5 157 158 182 181 179
5 109 180 181 183 111
4 181 182 184 183
5 158 159 185 184 182
5 111 183 184 186 113
4 184 185 187 186
4 113 186 188 115
4 186 187 189 188
4 115 188 190 117
4 188 189 191 190
4 120 192 193 121
4 192 194 195 193
4 121 193 196 123
4 193 195 197 196
4 123 196 198 126
4 196 197 199 198
4 126 198 200 159
4 198 199 201 200
4 159 200 202 185
4 200 201 203 202
4 185 202 204 187
4 202 203 205 204
4 187 204 206 189
4 204 205 207 206
4 189 206 208 191
4 206 207 209 208
1 2 4 5 8 11 14 17 20 23 25 26 27 28 30 116 117 118 120 190 191 192 194 195 197 199 201 203 205 207 208 209
