177 136 1
0 0
0.125 0
0.125 0.125
0 0.125
0.25 0
0.25 0.125
0.125 0.25
0 0.25
0.25 0.25
0.125 0.375
0 0.375
0.25 0.375
0.125 0.5
0 0.5
0.25 0.5
0.125 0.625
0 0.625
0.25 0.625
0.125 0.75
0 0.75
0.25 0.75
0.125 0.875
0 0.875
0.25 0.875
0.125 1
0 1
0.25 1
0.375 0
0.375 0.125
0.5 0
0.5 0.125
0.375 0.25
0.5 0.25
0.375 0.375
0.5 0.375
0.4375 0.375
0.375 0.4375
0.375 0.5
0.4375 0.4375
0.5 0.4375
0.46875 0.4375
0.4375 0.46875
0.4375 0.5
0.46875 0.46875
0.5 0.46875
0.484375 0.46875
0.46875 0.484375
0.46875 0.5
0.484375 0.484375
0.5 0.484375
0.4921875 0.484375
0.484375 0.4921875
0.484375 0.5
0.4921875 0.4921875
0.5 0.4921875
0.49609375 0.4921875
0.4921875 0.49609375
0.4921875 0.5
0.49609375 0.49609375
0.5 0.49609375
0.498046875 0.49609375
0.49609375 0.498046875
0.49609375 0.5
0.498046875 0.498046875
0.5 0.498046875
0.498046875 0.5
0.5 0.5
0.375 0.5625
0.375 0.625
0.4375 0.53125
0.4375 0.5625
0.46875 0.515625
0.46875 0.53125
0.484375 0.5078125
0.484375 0.515625
0.4921875 0.50390625
0.4921875 0.5078125
0.49609375 0.501953125
0.49609375 0.50390625
0.498046875 0.501953125
0.5 0.501953125
0.498046875 0.50390625
0.5 0.50390625
0.49609375 0.5078125
0.5 0.5078125
0.4921875 0.515625
0.5 0.515625
0.484375 0.53125
0.5 0.53125
0.46875 0.5625
0.5 0.5625
0.4375 0.625
0.5 0.625
0.375 0.75
0.5 0.75
0.375 0.875
0.5 0.875
0.375 1
0.5 1
0.625 0
0.625 0.125
0.75 0
0.75 0.125
0.625 0.25
0.75 0.25
0.625 0.375
0.5625 0.375
0.75 0.375
0.5625 0.4375
0.53125 0.4375
0.625 0.4375
0.53125 0.46875
0.515625 0.46875
0.5625 0.46875
0.515625 0.484375
0.5078125 0.484375
0.53125 0.484375
0.5078125 0.4921875
0.50390625 0.4921875
0.515625 0.4921875
0.50390625 0.49609375
0.501953125 0.49609375
0.5078125 0.49609375
0.501953125 0.498046875
0.50390625 0.498046875
0.501953125 0.5
0.50390625 0.5
0.5078125 0.5
0.515625 0.5
0.53125 0.5
0.5625 0.5
0.625 0.5
0.75 0.5
0.501953125 0.501953125
0.50390625 0.501953125
0.501953125 0.50390625
0.50390625 0.50390625
0.5078125 0.50390625
0.50390625 0.5078125
0.5078125 0.5078125
0.515625 0.5078125
0.5078125 0.515625
0.515625 0.515625
0.53125 0.515625
0.515625 0.53125
0.53125 0.53125
0.5625 0.53125
0.53125 0.5625
0.5625 0.5625
0.625 0.5625
0.5625 0.625
0.625 0.625
0.75 0.625
0.625 0.75
0.75 0.75
0.625 0.875
0.75 0.875
0.625 1
0.75 1
0.875 0
0.875 0.125
1 0
1 0.125
0.875 0.25
1 0.25
0.875 0.375
1 0.375
0.875 0.5
1 0.5
0.875 0.625
1 0.625
0.875 0.75
1 0.75
0.875 0.875
1 0.875
0.875 1
1 1
4 1 2 3 4
4 2 5 6 3
4 4 3 7 8
4 3 6 9 7
4 8 7 10 11
4 7 9 12 10
4 11 10 13 14
4 10 12 15 13
4 14 13 16 17
4 13 15 18 16
4 17 16 19 20
4 16 18 21 19
4 20 19 22 23
4 19 21 24 22
4 23 22 25 26
4 22 24 27 25
4 5 28 29 6
4 28 30 31 29
4 6 29 32 9
4 29 31 33 32
4 9 32 34 12
5 32 33 35 36 34
5 12 34 37 38 15
4 34 36 39 37
5 36 35 40 41 39
5 37 39 42 43 38
4 39 41 44 42
5 41 40 45 46 44
5 42 44 47 48 43
4 44 46 49 47
5 46 45 50 51 49
5 47 49 52 53 48
4 49 51 54 52
5 51 50 55 56 54
5 52 54 57 58 53
4 54 56 59 57
5 56 55 60 61 59
5 57 59 62 63 58
4 59 61 64 62
4 61 60 65 64
4 62 64 66 63
4 64 65 67 66
5 15 38 68 69 18
5 38 43 70 71 68
5 43 48 72 73 70
5 48 53 74 75 72
5 53 58 76 77 74
5 58 63 78 79 76
4 63 66 80 78
4 66 67 81 80
4 78 80 82 79
4 80 81 83 82
4 76 79 84 77
5 79 82 83 85 84
4 74 77 86 75
5 77 84 85 87 86
4 72 75 88 73
5 75 86 87 89 88
4 70 73 90 71
5 73 88 89 91 90
4 68 71 92 69
5 71 90 91 93 92
4 18 69 94 21
5 69 92 93 95 94
4 21 94 96 24
4 94 95 97 96
4 24 96 98 27
4 96 97 99 98
4 30 100 101 31
4 100 102 103 101
4 31 101 104 33
4 101 103 105 104
5 33 104 106 107 35
4 104 105 108 106
5 35 107 109 110 40
4 107 106 111 109
5 40 110 112 113 45
4 110 109 114 112
5 45 113 115 116 50
4 113 112 117 115
5 50 116 118 119 55
4 116 115 120 118
5 55 119 121 122 60
4 119 118 123 121
4 60 122 124 65
4 122 121 125 124
4 65 124 126 67
4 124 125 127 126
5 121 123 128 127 125
5 118 120 129 128 123
5 115 117 130 129 120
5 112 114 131 130 117
5 109 111 132 131 114
5 106 108 133 132 111
4 67 126 134 81
4 126 127 135 134
4 81 134 136 83
4 134 135 137 136
5 127 128 138 137 135
5 83 136 137 139 85
4 137 138 140 139
5 128 129 141 140 138
5 85 139 140 142 87
4 140 141 143 142
5 129 130 144 143 141
5 87 142 143 145 89
4 143 144 146 145
5 130 131 147 146 144
5 89 145 146 148 91
4 146 147 149 148
5 131 132 150 149 147
5 91 148 149 151 93
4 149 150 152 151
5 132 133 153 152 150
5 93 151 152 154 95
4 152 153 155 154
4 95 154 156 97
4 154 155 157 156
4 97 156 158 99
4 156 157 159 158
4 102 160 161 103
4 160 162 163 161
4 103 161 164 105
4 161 163 165 164
4 105 164 166 108
4 164 165 167 166
4 108 166 168 133
4 166 167 169 168
4 133 168 170 153
4 168 169 171 170
4 153 170 172 155
4 170 171 173 172
4 155 172 174 157
4 172 173 175 174
4 157 174 176 159
4 174 175 177 176
1 2 4 5 8 11 14 17 20 23 25 26 27 28 30 98 99 100 102 158 159 160 162 163 165 167 169 171 173 175 176 177
