57 40 1
0 0
0.25 0
0.25 0.25
0 0.25
0.25 0.375
0.25 0.5
0 0.5
0.25 0.625
0.25 0.75
0 0.75
0.25 1
0 1
0.5 0
0.5 0.25
0.375 0.25
0.375 0.375
0.5 0.375
0.4375 0.375
0.375 0.4375
0.375 0.5
0.4375 0.4375
0.5 0.4375
0.4375 0.5
0.5 0.5
0.375 0.5625
0.375 0.625
0.4375 0.5625
0.5 0.5625
0.4375 0.625
0.5 0.625
0.375 0.75
0.5 0.75
0.5 1
0.75 0
0.75 0.25
0.625 0.25
0.625 0.375
0.5625 0.375
0.75 0.375
0.5625 0.4375
0.625 0.4375
0.5625 0.5
0.625 0.5
0.75 0.5
0.5625 0.5625
0.625 0.5625
0.5625 0.625
0.625 0.625
0.75 0.625
0.625 0.75
0.75 0.75
0.75 1
1 0
1 0.25
1 0.5
1 0.75
1 1
4 1 2 3 4
5 4 3 5 6 7
5 7 6 8 9 10
4 10 9 11 12
5 2 13 14 15 3
4 3 15 16 5
5 15 14 17 18 16
5 5 16 19 20 6
4 16 18 21 19
4 18 17 22 21
4 19 21 23 20
4 21 22 24 23
5 6 20 25 26 8
4 20 23 27 25
4 23 24 28 27
4 25 27 29 26
4 27 28 30 29
4 8 26 31 9
5 26 29 30 32 31
5 9 31 32 33 11
5 13 34 35 36 14
5 14 36 37 38 17
4 36 35 39 37
4 17 38 40 22
4 38 37 41 40
4 22 40 42 24
4 40 41 43 42
5 37 39 44 43 41
4 24 42 45 28
4 42 43 46 45
4 28 45 47 30
4 45 46 48 47
5 43 44 49 48 46
5 30 47 48 50 32
4 48 49 51 50
5 32 50 51 52 33
4 34 53 54 35
5 35 54 55 44 39
5 44 55 56 51 49
4 51 56 57 52
1 2 4 7 10 11 12 13 33 34 52 53 54 55 56 57
