113 88 1
0 0
0.125 0
0.125 0.125
0 0.125
0.25 0
0.25 0.125
0.125 0.25
0 0.25
0.25 0.25
0.125 0.375
0 0.375
0.25 0.375
0.125 0.5
0 0.5
0.25 0.5
0.125 0.625
0 0.625
0.25 0.625
0.125 0.75
0 0.75
0.25 0.75
0.125 0.875
0 0.875
0.25 0.875
0.125 1
0 1
0.25 1
0.375 0
0.375 0.125
0.5 0
0.5 0.125
0.375 0.25
0.5 0.25
0.375 0.375
0.5 0.375
0.4375 0.375
0.375 0.4375
0.375 0.5
0.4375 0.4375
0.5 0.4375
0.46875 0.4375
0.4375 0.46875
0.4375 0.5
0.46875 0.46875
0.5 0.46875
0.46875 0.5
0.5 0.5
0.375 0.5625
0.375 0.625
0.4375 0.53125
0.4375 0.5625
0.46875 0.53125
0.5 0.53125
0.46875 0.5625
0.5 0.5625
0.4375 0.625
0.5 0.625
0.375 0.75
0.5 0.75
0.375 0.875
0.5 0.875
0.375 1
0.5 1
0.625 0
0.625 0.125
0.75 0
0.75 0.125
0.625 0.25
0.75 0.25
0.625 0.375
0.5625 0.375
0.75 0.375
0.5625 0.4375
0.53125 0.4375
0.625 0.4375
0.53125 0.46875
0.5625 0.46875
0.53125 0.5
0.5625 0.5
0.625 0.5
0.75 0.5
0.53125 0.53125
0.5625 0.53125
0.53125 0.5625
0.5625 0.5625
0.625 0.5625
0.5625 0.625
0.625 0.625
0.75 0.625
0.625 0.75
0.75 0.75
0.625 0.875
0.75 0.875
0.625 1
0.75 1
0.875 0
0.875 0.125
1 0
1 0.125
0.875 0.25
1 0.25
0.875 0.375
1 0.375
0.875 0.5
1 0.5
0.875 0.625
1 0.625
0.875 0.75
1 0.75
0.875 0.875
1 0.875
0.875 1
1 1
4 1 2 3 4
4 2 5 6 3
4 4 3 7 8
4 3 6 9 7
4 8 7 10 11
4 7 9 12 10
4 11 10 13 14
4 10 12 15 13
4 14 13 16 17
4 13 15 18 16
4 17 16 19 20
4 16 18 21 19
4 20 19 22 23
4 19 21 24 22
4 23 22 25 26
4 22 24 27 25
4 5 28 29 6
4 28 30 31 29
4 6 29 32 9
4 29 31 33 32
4 9 32 34 12
5 32 33 35 36 34
5 12 34 37 38 15
4 34 36 39 37
5 36 35 40 41 39
5 37 39 42 43 38
4 39 41 44 42
4 41 40 45 44
4 42 44 46 43
4 44 45 47 46
5 15 38 48 49 18
5 38 43 50 51 48
4 43 46 52 50
4 46 47 53 52
4 50 52 54 51
4 52 53 55 54
4 48 51 56 49
5 51 54 55 57 56
4 18 49 58 21
5 49 56 57 59 58
4 21 58 60 24
4 58 59 61 60
4 24 60 62 27
4 60 61 63 62
4 30 64 65 31
4 64 66 67 65
4 31 65 68 33
4 65 67 69 68
5 33 68 70 71 35
4 68 69 72 70
5 35 71 73 74 40
4 71 70 75 73
4 40 74 76 45
4 74 73 77 76
4 45 76 78 47
4 76 77 79 78
5 73 75 80 79 77
5 70 72 81 80 75
4 47 78 82 53
4 78 79 83 82
4 53 82 84 55
4 82 83 85 84
5 79 80 86 85 83
5 55 84 85 87 57
4 85 86 88 87
5 80 81 89 88 86
5 57 87 88 90 59
4 88 89 91 90
4 59 90 92 61
4 90 91 93 92
4 61 92 94 63
4 92 93 95 94
4 66 96 97 67
4 96 98 99 97
4 67 97 100 69
4 97 99 101 100
4 69 100 102 72
4 100 101 103 102
4 72 102 104 81
4 102 103 105 104
4 81 104 106 89
4 104 105 107 106
4 89 106 108 91
4 106 107 109 108
4 91 108 110 93
4 108 109 111 110
4 93 110 112 95
4 110 111 113 112
1 2 4 5 8 11 14 17 20 23 25 26 27 28 30 62 63 64 66 94 95 96 98 99 101 103 105 107 109 111 112 113
