1313 1192 1
0 0
0.03125 0
0.03125 0.03125
0 0.03125
0.0625 0
0.0625 0.03125
0.03125 0.0625
0 0.0625
0.0625 0.0625
0.09375 0
0.09375 0.03125
0.125 0
0.125 0.03125
0.09375 0.0625
0.125 0.0625
0.03125 0.09375
0 0.09375
0.0625 0.09375
0.03125 0.125
0 0.125
0.0625 0.125
0.09375 0.09375
0.125 0.09375
0.09375 0.125
0.125 0.125
0.15625 0
0.15625 0.03125
0.1875 0
0.1875 0.03125
0.15625 0.0625
0.1875 0.0625
0.21875 0
0.21875 0.03125
0.25 0
0.25 0.03125
0.21875 0.0625
0.25 0.0625
0.15625 0.09375
0.1875 0.09375
0.15625 0.125
0.1875 0.125
0.21875 0.09375
0.25 0.09375
0.21875 0.125
0.25 0.125
0.03125 0.15625
0 0.15625
0.0625 0.15625
0.03125 0.1875
0 0.1875
0.0625 0.1875
0.09375 0.15625
0.125 0.15625
0.09375 0.1875
0.125 0.1875
0.03125 0.21875
0 0.21875
0.0625 0.21875
0.03125 0.25
0 0.25
0.0625 0.25
0.09375 0.21875
0.125 0.21875
0.09375 0.25
0.125 0.25
0.15625 0.15625
0.1875 0.15625
0.15625 0.1875
0.1875 0.1875
0.21875 0.15625
0.25 0.15625
0.21875 0.1875
0.25 0.1875
0.15625 0.21875
0.1875 0.21875
0.15625 0.25
0.1875 0.25
0.21875 0.21875
0.25 0.21875
0.21875 0.25
0.25 0.25
0.03125 0.28125
0 0.28125
0.0625 0.28125
0.03125 0.3125
0 0.3125
0.0625 0.3125
0.09375 0.28125
0.125 0.28125
0.09375 0.3125
0.125 0.3125
0.03125 0.34375
0 0.34375
0.0625 0.34375
0.03125 0.375
0 0.375
0.0625 0.375
0.09375 0.34375
0.125 0.34375
0.09375 0.375
0.125 0.375
0.15625 0.28125
0.1875 0.28125
0.15625 0.3125
0.1875 0.3125
0.21875 0.28125
0.25 0.28125
0.21875 0.3125
0.25 0.3125
0.15625 0.34375
0.1875 0.34375
0.15625 0.375
0.1875 0.375
0.21875 0.34375
0.25 0.34375
0.21875 0.375
0.25 0.375
0.03125 0.40625
0 0.40625
0.0625 0.40625
0.03125 0.4375
0 0.4375
0.0625 0.4375
0.09375 0.40625
0.125 0.40625
0.09375 0.4375
0.125 0.4375
0.03125 0.46875
0 0.46875
0.0625 0.46875
0.03125 0.5
0 0.5
0.0625 0.5
0.09375 0.46875
0.125 0.46875
0.09375 0.5
0.125 0.5
0.15625 0.40625
0.1875 0.40625
0.15625 0.4375
0.1875 0.4375
0.21875 0.40625
0.25 0.40625
0.21875 0.4375
0.25 0.4375
0.15625 0.46875
0.1875 0.46875
0.15625 0.5
0.1875 0.5
0.21875 0.46875
0.25 0.46875
0.21875 0.5
0.25 0.5
0.03125 0.53125
0 0.53125
0.0625 0.53125
0.03125 0.5625
0 0.5625
0.0625 0.5625
0.09375 0.53125
0.125 0.53125
0.09375 0.5625
0.125 0.5625
0.03125 0.59375
0 0.59375
0.0625 0.59375
0.03125 0.625
0 0.625
0.0625 0.625
0.09375 0.59375
0.125 0.59375
0.09375 0.625
0.125 0.625
0.15625 0.53125
0.1875 0.53125
0.15625 0.5625
0.1875 0.5625
0.21875 0.53125
0.25 0.53125
0.21875 0.5625
0.25 0.5625
0.15625 0.59375
0.1875 0.59375
0.15625 0.625
0.1875 0.625
0.21875 0.59375
0.25 0.59375
0.21875 0.625
0.25 0.625
0.03125 0.65625
0 0.65625
0.0625 0.65625
0.03125 0.6875
0 0.6875
0.0625 0.6875
0.09375 0.65625
0.125 0.65625
0.09375 0.6875
0.125 0.6875
0.03125 0.71875
0 0.71875
0.0625 0.71875
0.03125 0.75
0 0.75
0.0625 0.75
0.09375 0.71875
0.125 0.71875
0.09375 0.75
0.125 0.75
0.15625 0.65625
0.1875 0.65625
0.15625 0.6875
0.1875 0.6875
0.21875 0.65625
0.25 0.65625
0.21875 0.6875
0.25 0.6875
0.15625 0.71875
0.1875 0.71875
0.15625 0.75
0.1875 0.75
0.21875 0.71875
0.25 0.71875
0.21875 0.75
0.25 0.75
0.03125 0.78125
0 0.78125
0.0625 0.78125
0.03125 0.8125
0 0.8125
0.0625 0.8125
0.09375 0.78125
0.125 0.78125
0.09375 0.8125
0.125 0.8125
0.03125 0.84375
0 0.84375
0.0625 0.84375
0.03125 0.875
0 0.875
0.0625 0.875
0.09375 0.84375
0.125 0.84375
0.09375 0.875
0.125 0.875
0.15625 0.78125
0.1875 0.78125
0.15625 0.8125
0.1875 0.8125
0.21875 0.78125
0.25 0.78125
0.21875 0.8125
0.25 0.8125
0.15625 0.84375
0.1875 0.84375
0.15625 0.875
0.1875 0.875
0.21875 0.84375
0.25 0.84375
0.21875 0.875
0.25 0.875
0.03125 0.90625
0 0.90625
0.0625 0.90625
0.03125 0.9375
0 0.9375
0.0625 0.9375
0.09375 0.90625
0.125 0.90625
0.09375 0.9375
0.125 0.9375
0.03125 0.96875
0 0.96875
0.0625 0.96875
0.03125 1
0 1
0.0625 1
0.09375 0.96875
0.125 0.96875
0.09375 1
0.125 1
0.15625 0.90625
0.1875 0.90625
0.15625 0.9375
0.1875 0.9375
0.21875 0.90625
0.25 0.90625
0.21875 0.9375
0.25 0.9375
0.15625 0.96875
0.1875 0.96875
0.15625 1
0.1875 1
0.21875 0.96875
0.25 0.96875
0.21875 1
0.25 1
0.28125 0
0.28125 0.03125
0.3125 0
0.3125 0.03125
0.28125 0.0625
0.3125 0.0625
0.34375 0
0.34375 0.03125
0.375 0
0.375 0.03125
0.34375 0.0625
0.375 0.0625
0.28125 0.09375
0.3125 0.09375
0.28125 0.125
0.3125 0.125
0.34375 0.09375
0.375 0.09375
0.34375 0.125
0.375 0.125
0.40625 0
0.40625 0.03125
0.4375 0
0.4375 0.03125
0.40625 0.0625
0.4375 0.0625
0.46875 0
0.46875 0.03125
0.5 0
0.5 0.03125
0.46875 0.0625
0.5 0.0625
0.40625 0.09375
0.4375 0.09375
0.40625 0.125
0.4375 0.125
0.46875 0.09375
0.5 0.09375
0.46875 0.125
0.5 0.125
0.28125 0.15625
0.3125 0.15625
0.28125 0.1875
0.3125 0.1875
0.34375 0.15625
0.375 0.15625
0.34375 0.1875
0.375 0.1875
0.28125 0.21875
0.3125 0.21875
0.28125 0.25
0.3125 0.25
0.34375 0.21875
0.375 0.21875
0.34375 0.25
0.375 0.25
0.40625 0.15625
0.4375 0.15625
0.40625 0.1875
0.4375 0.1875
0.46875 0.15625
0.5 0.15625
0.46875 0.1875
0.5 0.1875
0.40625 0.21875
0.4375 0.21875
0.40625 0.25
0.4375 0.25
0.46875 0.21875
0.5 0.21875
0.46875 0.25
0.5 0.25
0.28125 0.28125
0.3125 0.28125
0.28125 0.3125
0.3125 0.3125
0.34375 0.28125
0.375 0.28125
0.34375 0.3125
0.375 0.3125
0.28125 0.34375
0.3125 0.34375
0.28125 0.375
0.3125 0.375
0.34375 0.34375
0.375 0.34375
0.34375 0.375
0.375 0.375
0.40625 0.28125
0.4375 0.28125
0.40625 0.3125
0.4375 0.3125
0.46875 0.28125
0.5 0.28125
0.46875 0.3125
0.5 0.3125
0.40625 0.34375
0.4375 0.34375
0.40625 0.375
0.4375 0.375
0.46875 0.34375
0.5 0.34375
0.46875 0.375
0.5 0.375
0.28125 0.40625
0.3125 0.40625
0.28125 0.4375
0.3125 0.4375
0.34375 0.40625
0.375 0.40625
0.34375 0.4375
0.375 0.4375
0.28125 0.46875
0.3125 0.46875
0.28125 0.5
0.3125 0.5
0.34375 0.46875
0.375 0.46875
0.34375 0.5
0.375 0.5
0.40625 0.40625
0.4375 0.40625
0.40625 0.4375
0.4375 0.4375
0.46875 0.40625
0.5 0.40625
0.46875 0.4375
0.5 0.4375
0.40625 0.46875
0.4375 0.46875
0.40625 0.5
0.4375 0.5
0.46875 0.46875
0.5 0.46875
0.484375 0.46875
0.46875 0.484375
0.46875 0.5
0.484375 0.484375
0.5 0.484375
0.4921875 0.484375
0.484375 0.4921875
0.484375 0.5
0.4921875 0.4921875
0.5 0.4921875
0.49609375 0.4921875
0.4921875 0.49609375
0.4921875 0.5
0.49609375 0.49609375
0.5 0.49609375
0.498046875 0.49609375
0.49609375 0.498046875
0.49609375 0.5
0.498046875 0.498046875
0.5 0.498046875
0.4990234375 0.498046875
0.498046875 0.4990234375
0.498046875 0.5
0.4990234375 0.4990234375
0.5 0.4990234375
0.49951171875 0.4990234375
0.4990234375 0.49951171875
0.4990234375 0.5
0.49951171875 0.49951171875
0.5 0.49951171875
0.499755859375 0.49951171875
0.49951171875 0.499755859375
0.49951171875 0.5
0.499755859375 0.499755859375
0.5 0.499755859375
0.4998779296875 0.499755859375
0.499755859375 0.4998779296875
0.499755859375 0.5
0.4998779296875 0.4998779296875
0.5 0.4998779296875
0.49993896484375 0.4998779296875
0.4998779296875 0.49993896484375
0.4998779296875 0.5
0.49993896484375 0.49993896484375
0.5 0.49993896484375
0.499969482421875 0.49993896484375
0.49993896484375 0.499969482421875
0.49993896484375 0.5
0.499969482421875 0.499969482421875
0.5 0.499969482421875
0.499984741210938 0.499969482421875
0.499969482421875 0.499984741210938
0.499969482421875 0.5
0.499984741210938 0.499984741210938
0.5 0.499984741210938
0.499992370605469 0.499984741210938
0.499984741210938 0.499992370605469
0.499984741210938 0.5
0.499992370605469 0.499992370605469
0.5 0.499992370605469
0.499996185302734 0.499992370605469
0.499992370605469 0.499996185302734
0.499992370605469 0.5
0.499996185302734 0.499996185302734
0.5 0.499996185302734
0.499998092651367 0.499996185302734
0.499996185302734 0.499998092651367
0.499996185302734 0.5
0.499998092651367 0.499998092651367
0.5 0.499998092651367
0.499998092651367 0.5
0.5 0.5
0.28125 0.53125
0.3125 0.53125
0.28125 0.5625
0.3125 0.5625
0.34375 0.53125
0.375 0.53125
0.34375 0.5625
0.375 0.5625
0.28125 0.59375
0.3125 0.59375
0.28125 0.625
0.3125 0.625
0.34375 0.59375
0.375 0.59375
0.34375 0.625
0.375 0.625
0.40625 0.53125
0.4375 0.53125
0.40625 0.5625
0.4375 0.5625
0.46875 0.515625
0.46875 0.53125
0.484375 0.5078125
0.484375 0.515625
0.4921875 0.50390625
0.4921875 0.5078125
0.49609375 0.501953125
0.49609375 0.50390625
0.498046875 0.5009765625
0.498046875 0.501953125
0.4990234375 0.50048828125
0.4990234375 0.5009765625
0.49951171875 0.500244140625
0.49951171875 0.50048828125
0.499755859375 0.5001220703125
0.499755859375 0.500244140625
0.4998779296875 0.50006103515625
0.4998779296875 0.5001220703125
0.49993896484375 0.500030517578125
0.49993896484375 0.50006103515625
0.499969482421875 0.500015258789062
0.499969482421875 0.500030517578125
0.499984741210938 0.500007629394531
0.499984741210938 0.500015258789062
0.499992370605469 0.500003814697266
0.499992370605469 0.500007629394531
0.499996185302734 0.500001907348633
0.499996185302734 0.500003814697266
0.499998092651367 0.500001907348633
0.5 0.500001907348633
0.499998092651367 0.500003814697266
0.5 0.500003814697266
0.499996185302734 0.500007629394531
0.5 0.500007629394531
0.499992370605469 0.500015258789062
0.5 0.500015258789062
0.499984741210938 0.500030517578125
0.5 0.500030517578125
0.499969482421875 0.50006103515625
0.5 0.50006103515625
0.49993896484375 0.5001220703125
0.5 0.5001220703125
0.4998779296875 0.500244140625
0.5 0.500244140625
0.499755859375 0.50048828125
0.5 0.50048828125
0.49951171875 0.5009765625
0.5 0.5009765625
0.4990234375 0.501953125
0.5 0.501953125
0.498046875 0.50390625
0.5 0.50390625
0.49609375 0.5078125
0.5 0.5078125
0.4921875 0.515625
0.5 0.515625
0.484375 0.53125
0.5 0.53125
0.46875 0.5625
0.5 0.5625
0.40625 0.59375
0.4375 0.59375
0.40625 0.625
0.4375 0.625
0.46875 0.59375
0.5 0.59375
0.46875 0.625
0.5 0.625
0.28125 0.65625
0.3125 0.65625
0.28125 0.6875
0.3125 0.6875
0.34375 0.65625
0.375 0.65625
0.34375 0.6875
0.375 0.6875
0.28125 0.71875
0.3125 0.71875
0.28125 0.75
0.3125 0.75
0.34375 0.71875
0.375 0.71875
0.34375 0.75
0.375 0.75
0.40625 0.65625
0.4375 0.65625
0.40625 0.6875
0.4375 0.6875
0.46875 0.65625
0.5 0.65625
0.46875 0.6875
0.5 0.6875
0.40625 0.71875
0.4375 0.71875
0.40625 0.75
0.4375 0.75
0.46875 0.71875
0.5 0.71875
0.46875 0.75
0.5 0.75
0.28125 0.78125
0.3125 0.78125
0.28125 0.8125
0.3125 0.8125
0.34375 0.78125
0.375 0.78125
0.34375 0.8125
0.375 0.8125
0.28125 0.84375
0.3125 0.84375
0.28125 0.875
0.3125 0.875
0.34375 0.84375
0.375 0.84375
0.34375 0.875
0.375 0.875
0.40625 0.78125
0.4375 0.78125
0.40625 0.8125
0.4375 0.8125
0.46875 0.78125
0.5 0.78125
0.46875 0.8125
0.5 0.8125
0.40625 0.84375
0.4375 0.84375
0.40625 0.875
0.4375 0.875
0.46875 0.84375
0.5 0.84375
0.46875 0.875
0.5 0.875
0.28125 0.90625
0.3125 0.90625
0.28125 0.9375
0.3125 0.9375
0.34375 0.90625
0.375 0.90625
0.34375 0.9375
0.375 0.9375
0.28125 0.96875
0.3125 0.96875
0.28125 1
0.3125 1
0.34375 0.96875
0.375 0.96875
0.34375 1
0.375 1
0.40625 0.90625
0.4375 0.90625
0.40625 0.9375
0.4375 0.9375
0.46875 0.90625
0.5 0.90625
0.46875 0.9375
0.5 0.9375
0.40625 0.96875
0.4375 0.96875
0.40625 1
0.4375 1
0.46875 0.96875
0.5 0.96875
0.46875 1
0.5 1
0.53125 0
0.53125 0.03125
0.5625 0
0.5625 0.03125
0.53125 0.0625
0.5625 0.0625
0.59375 0
0.59375 0.03125
0.625 0
0.625 0.03125
0.59375 0.0625
0.625 0.0625
0.53125 0.09375
0.5625 0.09375
0.53125 0.125
0.5625 0.125
0.59375 0.09375
0.625 0.09375
0.59375 0.125
0.625 0.125
0.65625 0
0.65625 0.03125
0.6875 0
0.6875 0.03125
0.65625 0.0625
0.6875 0.0625
0.71875 0
0.71875 0.03125
0.75 0
0.75 0.03125
0.71875 0.0625
0.75 0.0625
0.65625 0.09375
0.6875 0.09375
0.65625 0.125
0.6875 0.125
0.71875 0.09375
0.75 0.09375
0.71875 0.125
0.75 0.125
0.53125 0.15625
0.5625 0.15625
0.53125 0.1875
0.5625 0.1875
0.59375 0.15625
0.625 0.15625
0.59375 0.1875
0.625 0.1875
0.53125 0.21875
0.5625 0.21875
0.53125 0.25
0.5625 0.25
0.59375 0.21875
0.625 0.21875
0.59375 0.25
0.625 0.25
0.65625 0.15625
0.6875 0.15625
0.65625 0.1875
0.6875 0.1875
0.71875 0.15625
0.75 0.15625
0.71875 0.1875
0.75 0.1875
0.65625 0.21875
0.6875 0.21875
0.65625 0.25
0.6875 0.25
0.71875 0.21875
0.75 0.21875
0.71875 0.25
0.75 0.25
0.53125 0.28125
0.5625 0.28125
0.53125 0.3125
0.5625 0.3125
0.59375 0.28125
0.625 0.28125
0.59375 0.3125
0.625 0.3125
0.53125 0.34375
0.5625 0.34375
0.53125 0.375
0.5625 0.375
0.59375 0.34375
0.625 0.34375
0.59375 0.375
0.625 0.375
0.65625 0.28125
0.6875 0.28125
0.65625 0.3125
0.6875 0.3125
0.71875 0.28125
0.75 0.28125
0.71875 0.3125
0.75 0.3125
0.65625 0.34375
0.6875 0.34375
0.65625 0.375
0.6875 0.375
0.71875 0.34375
0.75 0.34375
0.71875 0.375
0.75 0.375
0.53125 0.40625
0.5625 0.40625
0.53125 0.4375
0.5625 0.4375
0.59375 0.40625
0.625 0.40625
0.59375 0.4375
0.625 0.4375
0.53125 0.46875
0.515625 0.46875
0.5625 0.46875
0.515625 0.484375
0.5078125 0.484375
0.53125 0.484375
0.5078125 0.4921875
0.50390625 0.4921875
0.515625 0.4921875
0.50390625 0.49609375
0.501953125 0.49609375
0.5078125 0.49609375
0.501953125 0.498046875
0.5009765625 0.498046875
0.50390625 0.498046875
0.5009765625 0.4990234375
0.50048828125 0.4990234375
0.501953125 0.4990234375
0.50048828125 0.49951171875
0.500244140625 0.49951171875
0.5009765625 0.49951171875
0.500244140625 0.499755859375
0.5001220703125 0.499755859375
0.50048828125 0.499755859375
0.5001220703125 0.4998779296875
0.50006103515625 0.4998779296875
0.500244140625 0.4998779296875
0.50006103515625 0.49993896484375
0.500030517578125 0.49993896484375
0.5001220703125 0.49993896484375
0.500030517578125 0.499969482421875
0.500015258789062 0.499969482421875
0.50006103515625 0.499969482421875
0.500015258789062 0.499984741210938
0.500007629394531 0.499984741210938
0.500030517578125 0.499984741210938
0.500007629394531 0.499992370605469
0.500003814697266 0.499992370605469
0.500015258789062 0.499992370605469
0.500003814697266 0.499996185302734
0.500001907348633 0.499996185302734
0.500007629394531 0.499996185302734
0.500001907348633 0.499998092651367
0.500003814697266 0.499998092651367
0.500001907348633 0.5
0.500003814697266 0.5
0.500007629394531 0.5
0.500015258789062 0.5
0.500030517578125 0.5
0.50006103515625 0.5
0.5001220703125 0.5
0.500244140625 0.5
0.50048828125 0.5
0.5009765625 0.5
0.501953125 0.5
0.50390625 0.5
0.5078125 0.5
0.515625 0.5
0.53125 0.5
0.5625 0.5
0.59375 0.46875
0.625 0.46875
0.59375 0.5
0.625 0.5
0.65625 0.40625
0.6875 0.40625
0.65625 0.4375
0.6875 0.4375
0.71875 0.40625
0.75 0.40625
0.71875 0.4375
0.75 0.4375
0.65625 0.46875
0.6875 0.46875
0.65625 0.5
0.6875 0.5
0.71875 0.46875
0.75 0.46875
0.71875 0.5
0.75 0.5
0.500001907348633 0.500001907348633
0.500003814697266 0.500001907348633
0.500001907348633 0.500003814697266
0.500003814697266 0.500003814697266
0.500007629394531 0.500003814697266
0.500003814697266 0.500007629394531
0.500007629394531 0.500007629394531
0.500015258789062 0.500007629394531
0.500007629394531 0.500015258789062
0.500015258789062 0.500015258789062
0.500030517578125 0.500015258789062
0.500015258789062 0.500030517578125
0.500030517578125 0.500030517578125
0.50006103515625 0.500030517578125
0.500030517578125 0.50006103515625
0.50006103515625 0.50006103515625
0.5001220703125 0.50006103515625
0.50006103515625 0.5001220703125
0.5001220703125 0.5001220703125
0.500244140625 0.5001220703125
0.5001220703125 0.500244140625
0.500244140625 0.500244140625
0.50048828125 0.500244140625
0.500244140625 0.50048828125
0.50048828125 0.50048828125
0.5009765625 0.50048828125
0.50048828125 0.5009765625
0.5009765625 0.5009765625
0.501953125 0.5009765625
0.5009765625 0.501953125
0.501953125 0.501953125
0.50390625 0.501953125
0.501953125 0.50390625
0.50390625 0.50390625
0.5078125 0.50390625
0.50390625 0.5078125
0.5078125 0.5078125
0.515625 0.5078125
0.5078125 0.515625
0.515625 0.515625
0.53125 0.515625
0.515625 0.53125
0.53125 0.53125
0.5625 0.53125
0.53125 0.5625
0.5625 0.5625
0.59375 0.53125
0.625 0.53125
0.59375 0.5625
0.625 0.5625
0.53125 0.59375
0.5625 0.59375
0.53125 0.625
0.5625 0.625
0.59375 0.59375
0.625 0.59375
0.59375 0.625
0.625 0.625
0.65625 0.53125
0.6875 0.53125
0.65625 0.5625
0.6875 0.5625
0.71875 0.53125
0.75 0.53125
0.71875 0.5625
0.75 0.5625
0.65625 0.59375
0.6875 0.59375
0.65625 0.625
0.6875 0.625
0.71875 0.59375
0.75 0.59375
0.71875 0.625
0.75 0.625
0.53125 0.65625
0.5625 0.65625
0.53125 0.6875
0.5625 0.6875
0.59375 0.65625
0.625 0.65625
0.59375 0.6875
0.625 0.6875
0.53125 0.71875
0.5625 0.71875
0.53125 0.75
0.5625 0.75
0.59375 0.71875
0.625 0.71875
0.59375 0.75
0.625 0.75
0.65625 0.65625
0.6875 0.65625
0.65625 0.6875
0.6875 0.6875
0.71875 0.65625
0.75 0.65625
0.71875 0.6875
0.75 0.6875
0.65625 0.71875
0.6875 0.71875
0.65625 0.75
0.6875 0.75
0.71875 0.71875
0.75 0.71875
0.71875 0.75
0.75 0.75
0.53125 0.78125
0.5625 0.78125
0.53125 0.8125
0.5625 0.8125
0.59375 0.78125
0.625 0.78125
0.59375 0.8125
0.625 0.8125
0.53125 0.84375
0.5625 0.84375
0.53125 0.875
0.5625 0.875
0.59375 0.84375
0.625 0.84375
0.59375 0.875
0.625 0.875
0.65625 0.78125
0.6875 0.78125
0.65625 0.8125
0.6875 0.8125
0.71875 0.78125
0.75 0.78125
0.71875 0.8125
0.75 0.8125
0.65625 0.84375
0.6875 0.84375
0.65625 0.875
0.6875 0.875
0.71875 0.84375
0.75 0.84375
0.71875 0.875
0.75 0.875
0.53125 0.90625
0.5625 0.90625
0.53125 0.9375
0.5625 0.9375
0.59375 0.90625
0.625 0.90625
0.59375 0.9375
0.625 0.9375
0.53125 0.96875
0.5625 0.96875
0.53125 1
0.5625 1
0.59375 0.96875
0.625 0.96875
0.59375 1
0.625 1
0.65625 0.90625
0.6875 0.90625
0.65625 0.9375
0.6875 0.9375
0.71875 0.90625
0.75 0.90625
0.71875 0.9375
0.75 0.9375
0.65625 0.96875
0.6875 0.96875
0.65625 1
0.6875 1
0.71875 0.96875
0.75 0.96875
0.71875 1
0.75 1
0.78125 0
0.78125 0.03125
0.8125 0
0.8125 0.03125
0.78125 0.0625
0.8125 0.0625
0.84375 0
0.84375 0.03125
0.875 0
0.875 0.03125
0.84375 0.0625
0.875 0.0625
0.78125 0.09375
0.8125 0.09375
0.78125 0.125
0.8125 0.125
0.84375 0.09375
0.875 0.09375
0.84375 0.125
0.875 0.125
0.90625 0
0.90625 0.03125
0.9375 0
0.9375 0.03125
0.90625 0.0625
0.9375 0.0625
0.96875 0
0.96875 0.03125
1 0
1 0.03125
0.96875 0.0625
1 0.0625
0.90625 0.09375
0.9375 0.09375
0.90625 0.125
0.9375 0.125
0.96875 0.09375
1 0.09375
0.96875 0.125
1 0.125
0.78125 0.15625
0.8125 0.15625
0.78125 0.1875
0.8125 0.1875
0.84375 0.15625
0.875 0.15625
0.84375 0.1875
0.875 0.1875
0.78125 0.21875
0.8125 0.21875
0.78125 0.25
0.8125 0.25
0.84375 0.21875
0.875 0.21875
0.84375 0.25
0.875 0.25
0.90625 0.15625
0.9375 0.15625
0.90625 0.1875
0.9375 0.1875
0.96875 0.15625
1 0.15625
0.96875 0.1875
1 0.1875
0.90625 0.21875
0.9375 0.21875
0.90625 0.25
0.9375 0.25
0.96875 0.21875
1 0.21875
0.96875 0.25
1 0.25
0.78125 0.28125
0.8125 0.28125
0.78125 0.3125
0.8125 0.3125
0.84375 0.28125
0.875 0.28125
0.84375 0.3125
0.875 0.3125
0.78125 0.34375
0.8125 0.34375
0.78125 0.375
0.8125 0.375
0.84375 0.34375
0.875 0.34375
0.84375 0.375
0.875 0.375
0.90625 0.28125
0.9375 0.28125
0.90625 0.3125
0.9375 0.3125
0.96875 0.28125
1 0.28125
0.96875 0.3125
1 0.3125
0.90625 0.34375
0.9375 0.34375
0.90625 0.375
0.9375 0.375
0.96875 0.34375
1 0.34375
0.96875 0.375
1 0.375
0.78125 0.40625
0.8125 0.40625
0.78125 0.4375
0.8125 0.4375
0.84375 0.40625
0.875 0.40625
0.84375 0.4375
0.875 0.4375
0.78125 0.46875
0.8125 0.46875
0.78125 0.5
0.8125 0.5
0.84375 0.46875
0.875 0.46875
0.84375 0.5
0.875 0.5
0.90625 0.40625
0.9375 0.40625
0.90625 0.4375
0.9375 0.4375
0.96875 0.40625
1 0.40625
0.96875 0.4375
1 0.4375
0.90625 0.46875
0.9375 0.46875
0.90625 0.5
0.9375 0.5
0.96875 0.46875
1 0.46875
0.96875 0.5
1 0.5
0.78125 0.53125
0.8125 0.53125
0.78125 0.5625
0.8125 0.5625
0.84375 0.53125
0.875 0.53125
0.84375 0.5625
0.875 0.5625
0.78125 0.59375
0.8125 0.59375
0.78125 0.625
0.8125 0.625
0.84375 0.59375
0.875 0.59375
0.84375 0.625
0.875 0.625
0.90625 0.53125
0.9375 0.53125
0.90625 0.5625
0.9375 0.5625
0.96875 0.53125
1 0.53125
0.96875 0.5625
1 0.5625
0.90625 0.59375
0.9375 0.59375
0.90625 0.625
0.9375 0.625
0.96875 0.59375
1 0.59375
0.96875 0.625
1 0.625
0.78125 0.65625
0.8125 0.65625
0.78125 0.6875
0.8125 0.6875
0.84375 0.65625
0.875 0.65625
0.84375 0.6875
0.875 0.6875
0.78125 0.71875
0.8125 0.71875
0.78125 0.75
0.8125 0.75
0.84375 0.71875
0.875 0.71875
0.84375 0.75
0.875 0.75
0.90625 0.65625
0.9375 0.65625
0.90625 0.6875
0.9375 0.6875
0.96875 0.65625
1 0.65625
0.96875 0.6875
1 0.6875
0.90625 0.71875
0.9375 0.71875
0.90625 0.75
0.9375 0.75
0.96875 0.71875
1 0.71875
0.96875 0.75
1 0.75
0.78125 0.78125
0.8125 0.78125
0.78125 0.8125
0.8125 0.8125
0.84375 0.78125
0.875 0.78125
0.84375 0.8125
0.875 0.8125
0.78125 0.84375
0.8125 0.84375
0.78125 0.875
0.8125 0.875
0.84375 0.84375
0.875 0.84375
0.84375 0.875
0.875 0.875
0.90625 0.78125
0.9375 0.78125
0.90625 0.8125
0.9375 0.8125
0.96875 0.78125
1 0.78125
0.96875 0.8125
1 0.8125
0.90625 0.84375
0.9375 0.84375
0.90625 0.875
0.9375 0.875
0.96875 0.84375
1 0.84375
0.96875 0.875
1 0.875
0.78125 0.90625
0.8125 0.90625
0.78125 0.9375
0.8125 0.9375
0.84375 0.90625
0.875 0.90625
0.84375 0.9375
0.875 0.9375
0.78125 0.96875
0.8125 0.96875
0.78125 1
0.8125 1
0.84375 0.96875
0.875 0.96875
0.84375 1
0.875 1
0.90625 0.90625
0.9375 0.90625
0.90625 0.9375
0.9375 0.9375
0.96875 0.90625
1 0.90625
0.96875 0.9375
1 0.9375
0.90625 0.96875
0.9375 0.96875
0.90625 1
0.9375 1
0.96875 0.96875
1 0.96875
0.96875 1
1 1
4 1 2 3 4
4 2 5 6 3
4 4 3 7 8
4 3 6 9 7
4 5 10 11 6
4 10 12 13 11
4 6 11 14 9
4 11 13 15 14
4 8 7 16 17
4 7 9 18 16
4 17 16 19 20
4 16 18 21 19
4 9 14 22 18
4 14 15 23 22
4 18 22 24 21
4 22 23 25 24
4 12 26 27 13
4 26 28 29 27
4 13 27 30 15
4 27 29 31 30
4 28 32 33 29
4 32 34 35 33
4 29 33 36 31
4 33 35 37 36
4 15 30 38 23
4 30 31 39 38
4 23 38 40 25
4 38 39 41 40
4 31 36 42 39
4 36 37 43 42
4 39 42 44 41
4 42 43 45 44
4 20 19 46 47
4 19 21 48 46
4 47 46 49 50
4 46 48 51 49
4 21 24 52 48
4 24 25 53 52
4 48 52 54 51
4 52 53 55 54
4 50 49 56 57
4 49 51 58 56
4 57 56 59 60
4 56 58 61 59
4 51 54 62 58
4 54 55 63 62
4 58 62 64 61
4 62 63 65 64
4 25 40 66 53
4 40 41 67 66
4 53 66 68 55
4 66 67 69 68
4 41 44 70 67
4 44 45 71 70
4 67 70 72 69
4 70 71 73 72
4 55 68 74 63
4 68 69 75 74
4 63 74 76 65
4 74 75 77 76
4 69 72 78 75
4 72 73 79 78
4 75 78 80 77
4 78 79 81 80
4 60 59 82 83
4 59 61 84 82
4 83 82 85 86
4 82 84 87 85
4 61 64 88 84
4 64 65 89 88
4 84 88 90 87
4 88 89 91 90
4 86 85 92 93
4 85 87 94 92
4 93 92 95 96
4 92 94 97 95
4 87 90 98 94
4 90 91 99 98
4 94 98 100 97
4 98 99 101 100
4 65 76 102 89
4 76 77 103 102
4 89 102 104 91
4 102 103 105 104
4 77 80 106 103
4 80 81 107 106
4 103 106 108 105
4 106 107 109 108
4 91 104 110 99
4 104 105 111 110
4 99 110 112 101
4 110 111 113 112
4 105 108 114 111
4 108 109 115 114
4 111 114 116 113
4 114 115 117 116
4 96 95 118 119
4 95 97 120 118
4 119 118 121 122
4 118 120 123 121
4 97 100 124 120
4 100 101 125 124
4 120 124 126 123
4 124 125 127 126
4 122 121 128 129
4 121 123 130 128
4 129 128 131 132
4 128 130 133 131
4 123 126 134 130
4 126 127 135 134
4 130 134 136 133
4 134 135 137 136
4 101 112 138 125
4 112 113 139 138
4 125 138 140 127
4 138 139 141 140
4 113 116 142 139
4 116 117 143 142
4 139 142 144 141
4 142 143 145 144
4 127 140 146 135
4 140 141 147 146
4 135 146 148 137
4 146 147 149 148
4 141 144 150 147
4 144 145 151 150
4 147 150 152 149
4 150 151 153 152
4 132 131 154 155
4 131 133 156 154
4 155 154 157 158
4 154 156 159 157
4 133 136 160 156
4 136 137 161 160
4 156 160 162 159
4 160 161 163 162
4 158 157 164 165
4 157 159 166 164
4 165 164 167 168
4 164 166 169 167
4 159 162 170 166
4 162 163 171 170
4 166 170 172 169
4 170 171 173 172
4 137 148 174 161
4 148 149 175 174
4 161 174 176 163
4 174 175 177 176
4 149 152 178 175
4 152 153 179 178
4 175 178 180 177
4 178 179 181 180
4 163 176 182 171
4 176 177 183 182
4 171 182 184 173
4 182 183 185 184
4 177 180 186 183
4 180 181 187 186
4 183 186 188 185
4 186 187 189 188
4 168 167 190 191
4 167 169 192 190
4 191 190 193 194
4 190 192 195 193
4 169 172 196 192
4 172 173 197 196
4 192 196 198 195
4 196 197 199 198
4 194 193 200 201
4 193 195 202 200
4 201 200 203 204
4 200 202 205 203
4 195 198 206 202
4 198 199 207 206
4 202 206 208 205
4 206 207 209 208
4 173 184 210 197
4 184 185 211 210
4 197 210 212 199
4 210 211 213 212
4 185 188 214 211
4 188 189 215 214
4 211 214 216 213
4 214 215 217 216
4 199 212 218 207
4 212 213 219 218
4 207 218 220 209
4 218 219 221 220
4 213 216 222 219
4 216 217 223 222
4 219 222 224 221
4 222 223 225 224
4 204 203 226 227
4 203 205 228 226
4 227 226 229 230
4 226 228 231 229
4 205 208 232 228
4 208 209 233 232
4 228 232 234 231
4 232 233 235 234
4 230 229 236 237
4 229 231 238 236
4 237 236 239 240
4 236 238 241 239
4 231 234 242 238
4 234 235 243 242
4 238 242 244 241
4 242 243 245 244
4 209 220 246 233
4 220 221 247 246
4 233 246 248 235
4 246 247 249 248
4 221 224 250 247
4 224 225 251 250
4 247 250 252 249
4 250 251 253 252
4 235 248 254 243
4 248 249 255 254
4 243 254 256 245
4 254 255 257 256
4 249 252 258 255
4 252 253 259 258
4 255 258 260 257
4 258 259 261 260
4 240 239 262 263
4 239 241 264 262
4 263 262 265 266
4 262 264 267 265
4 241 244 268 264
4 244 245 269 268
4 264 268 270 267
4 268 269 271 270
4 266 265 272 273
4 265 267 274 272
4 273 272 275 276
4 272 274 277 275
4 267 270 278 274
4 270 271 279 278
4 274 278 280 277
4 278 279 281 280
4 245 256 282 269
4 256 257 283 282
4 269 282 284 271
4 282 283 285 284
4 257 260 286 283
4 260 261 287 286
4 283 286 288 285
4 286 287 289 288
4 271 284 290 279
4 284 285 291 290
4 279 290 292 281
4 290 291 293 292
4 285 288 294 291
4 288 289 295 294
4 291 294 296 293
4 294 295 297 296
4 34 298 299 35
4 298 300 301 299
4 35 299 302 37
4 299 301 303 302
4 300 304 305 301
4 304 306 307 305
4 301 305 308 303
4 305 307 309 308
4 37 302 310 43
4 302 303 311 310
4 43 310 312 45
4 310 311 313 312
4 303 308 314 311
4 308 309 315 314
4 311 314 316 313
4 314 315 317 316
4 306 318 319 307
4 318 320 321 319
4 307 319 322 309
4 319 321 323 322
4 320 324 325 321
4 324 326 327 325
4 321 325 328 323
4 325 327 329 328
4 309 322 330 315
4 322 323 331 330
4 315 330 332 317
4 330 331 333 332
4 323 328 334 331
4 328 329 335 334
4 331 334 336 333
4 334 335 337 336
4 45 312 338 71
4 312 313 339 338
4 71 338 340 73
4 338 339 341 340
4 313 316 342 339
4 316 317 343 342
4 339 342 344 341
4 342 343 345 344
4 73 340 346 79
4 340 341 347 346
4 79 346 348 81
4 346 347 349 348
4 341 344 350 347
4 344 345 351 350
4 347 350 352 349
4 350 351 353 352
4 317 332 354 343
4 332 333 355 354
4 343 354 356 345
4 354 355 357 356
4 333 336 358 355
4 336 337 359 358
4 355 358 360 357
4 358 359 361 360
4 345 356 362 351
4 356 357 363 362
4 351 362 364 353
4 362 363 365 364
4 357 360 366 363
4 360 361 367 366
4 363 366 368 365
4 366 367 369 368
4 81 348 370 107
4 348 349 371 370
4 107 370 372 109
4 370 371 373 372
4 349 352 374 371
4 352 353 375 374
4 371 374 376 373
4 374 375 377 376
4 109 372 378 115
4 372 373 379 378
4 115 378 380 117
4 378 379 381 380
4 373 376 382 379
4 376 377 383 382
4 379 382 384 381
4 382 383 385 384
4 353 364 386 375
4 364 365 387 386
4 375 386 388 377
4 386 387 389 388
4 365 368 390 387
4 368 369 391 390
4 387 390 392 389
4 390 391 393 392
4 377 388 394 383
4 388 389 395 394
4 383 394 396 385
4 394 395 397 396
4 389 392 398 395
4 392 393 399 398
4 395 398 400 397
4 398 399 401 400
4 117 380 402 143
4 380 381 403 402
4 143 402 404 145
4 402 403 405 404
4 381 384 406 403
4 384 385 407 406
4 403 406 408 405
4 406 407 409 408
4 145 404 410 151
4 404 405 411 410
4 151 410 412 153
4 410 411 413 412
4 405 408 414 411
4 408 409 415 414
4 411 414 416 413
4 414 415 417 416
4 385 396 418 407
4 396 397 419 418
4 407 418 420 409
4 418 419 421 420
4 397 400 422 419
4 400 401 423 422
4 419 422 424 421
4 422 423 425 424
4 409 420 426 415
4 420 421 427 426
4 415 426 428 417
4 426 427 429 428
4 421 424 430 427
5 424 425 431 432 430
5 427 430 433 434 429
4 430 432 435 433
5 432 431 436 437 435
5 433 435 438 439 434
4 435 437 440 438
5 437 436 441 442 440
5 438 440 443 444 439
4 440 442 445 443
5 442 441 446 447 445
5 443 445 448 449 444
4 445 447 450 448
5 447 446 451 452 450
5 448 450 453 454 449
4 450 452 455 453
5 452 451 456 457 455
5 453 455 458 459 454
4 455 457 460 458
5 457 456 461 462 460
5 458 460 463 464 459
4 460 462 465 463
5 462 461 466 467 465
5 463 465 468 469 464
4 465 467 470 468
5 467 466 471 472 470
5 468 470 473 474 469
4 470 472 475 473
5 472 471 476 477 475
5 473 475 478 479 474
4 475 477 480 478
5 477 476 481 482 480
5 478 480 483 484 479
4 480 482 485 483
5 482 481 486 487 485
5 483 485 488 489 484
4 485 487 490 488
5 487 486 491 492 490
5 488 490 493 494 489
4 490 492 495 493
5 492 491 496 497 495
5 493 495 498 499 494
4 495 497 500 498
4 497 496 501 500
4 498 500 502 499
4 500 501 503 502
4 153 412 504 179
4 412 413 505 504
4 179 504 506 181
4 504 505 507 506
4 413 416 508 505
4 416 417 509 508
4 505 508 510 507
4 508 509 511 510
4 181 506 512 187
4 506 507 513 512
4 187 512 514 189
4 512 513 515 514
4 507 510 516 513
4 510 511 517 516
4 513 516 518 515
4 516 517 519 518
4 417 428 520 509
4 428 429 521 520
4 509 520 522 511
4 520 521 523 522
5 429 434 524 525 521
5 434 439 526 527 524
5 439 444 528 529 526
5 444 449 530 531 528
5 449 454 532 533 530
5 454 459 534 535 532
5 459 464 536 537 534
5 464 469 538 539 536
5 469 474 540 541 538
5 474 479 542 543 540
5 479 484 544 545 542
5 484 489 546 547 544
5 489 494 548 549 546
5 494 499 550 551 548
4 499 502 552 550
4 502 503 553 552
4 550 552 554 551
4 552 553 555 554
4 548 551 556 549
5 551 554 555 557 556
4 546 549 558 547
5 549 556 557 559 558
4 544 547 560 545
5 547 558 559 561 560
4 542 545 562 543
5 545 560 561 563 562
4 540 543 564 541
5 543 562 563 565 564
4 538 541 566 539
5 541 564 565 567 566
4 536 539 568 537
5 539 566 567 569 568
4 534 537 570 535
5 537 568 569 571 570
4 532 535 572 533
5 535 570 571 573 572
4 530 533 574 531
5 533 572 573 575 574
4 528 531 576 529
5 531 574 575 577 576
4 526 529 578 527
5 529 576 577 579 578
4 524 527 580 525
5 527 578 579 581 580
4 521 525 582 523
5 525 580 581 583 582
4 511 522 584 517
4 522 523 585 584
4 517 584 586 519
4 584 585 587 586
4 523 582 588 585
4 582 583 589 588
4 585 588 590 587
4 588 589 591 590
4 189 514 592 215
4 514 515 593 592
4 215 592 594 217
4 592 593 595 594
4 515 518 596 593
4 518 519 597 596
4 593 596 598 595
4 596 597 599 598
4 217 594 600 223
4 594 595 601 600
4 223 600 602 225
4 600 601 603 602
4 595 598 604 601
4 598 599 605 604
4 601 604 606 603
4 604 605 607 606
4 519 586 608 597
4 586 587 609 608
4 597 608 610 599
4 608 609 611 610
4 587 590 612 609
4 590 591 613 612
4 609 612 614 611
4 612 613 615 614
4 599 610 616 605
4 610 611 617 616
4 605 616 618 607
4 616 617 619 618
4 611 614 620 617
4 614 615 621 620
4 617 620 622 619
4 620 621 623 622
4 225 602 624 251
4 602 603 625 624
4 251 624 626 253
4 624 625 627 626
4 603 606 628 625
4 606 607 629 628
4 625 628 630 627
4 628 629 631 630
4 253 626 632 259
4 626 627 633 632
4 259 632 634 261
4 632 633 635 634
4 627 630 636 633
4 630 631 637 636
4 633 636 638 635
4 636 637 639 638
4 607 618 640 629
4 618 619 641 640
4 629 640 642 631
4 640 641 643 642
4 619 622 644 641
4 622 623 645 644
4 641 644 646 643
4 644 645 647 646
4 631 642 648 637
4 642 643 649 648
4 637 648 650 639
4 648 649 651 650
4 643 646 652 649
4 646 647 653 652
4 649 652 654 651
4 652 653 655 654
4 261 634 656 287
4 634 635 657 656
4 287 656 658 289
4 656 657 659 658
4 635 638 660 657
4 638 639 661 660
4 657 660 662 659
4 660 661 663 662
4 289 658 664 295
4 658 659 665 664
4 295 664 666 297
4 664 665 667 666
4 659 662 668 665
4 662 663 669 668
4 665 668 670 667
4 668 669 671 670
4 639 650 672 661
4 650 651 673 672
4 661 672 674 663
4 672 673 675 674
4 651 654 676 673
4 654 655 677 676
4 673 676 678 675
4 676 677 679 678
4 663 674 680 669
4 674 675 681 680
4 669 680 682 671
4 680 681 683 682
4 675 678 684 681
4 678 679 685 684
4 681 684 686 683
4 684 685 687 686
4 326 688 689 327
4 688 690 691 689
4 327 689 692 329
4 689 691 693 692
4 690 694 695 691
4 694 696 697 695
4 691 695 698 693
4 695 697 699 698
4 329 692 700 335
4 692 693 701 700
4 335 700 702 337
4 700 701 703 702
4 693 698 704 701
4 698 699 705 704
4 701 704 706 703
4 704 705 707 706
4 696 708 709 697
4 708 710 711 709
4 697 709 712 699
4 709 711 713 712
4 710 714 715 711
4 714 716 717 715
4 711 715 718 713
4 715 717 719 718
4 699 712 720 705
4 712 713 721 720
4 705 720 722 707
4 720 721 723 722
4 713 718 724 721
4 718 719 725 724
4 721 724 726 723
4 724 725 727 726
4 337 702 728 359
4 702 703 729 728
4 359 728 730 361
4 728 729 731 730
4 703 706 732 729
4 706 707 733 732
4 729 732 734 731
4 732 733 735 734
4 361 730 736 367
4 730 731 737 736
4 367 736 738 369
4 736 737 739 738
4 731 734 740 737
4 734 735 741 740
4 737 740 742 739
4 740 741 743 742
4 707 722 744 733
4 722 723 745 744
4 733 744 746 735
4 744 745 747 746
4 723 726 748 745
4 726 727 749 748
4 745 748 750 747
4 748 749 751 750
4 735 746 752 741
4 746 747 753 752
4 741 752 754 743
4 752 753 755 754
4 747 750 756 753
4 750 751 757 756
4 753 756 758 755
4 756 757 759 758
4 369 738 760 391
4 738 739 761 760
4 391 760 762 393
4 760 761 763 762
4 739 742 764 761
4 742 743 765 764
4 761 764 766 763
4 764 765 767 766
4 393 762 768 399
4 762 763 769 768
4 399 768 770 401
4 768 769 771 770
4 763 766 772 769
4 766 767 773 772
4 769 772 774 771
4 772 773 775 774
4 743 754 776 765
4 754 755 777 776
4 765 776 778 767
4 776 777 779 778
4 755 758 780 777
4 758 759 781 780
4 777 780 782 779
4 780 781 783 782
4 767 778 784 773
4 778 779 785 784
4 773 784 786 775
4 784 785 787 786
4 779 782 788 785
4 782 783 789 788
4 785 788 790 787
4 788 789 791 790
4 401 770 792 423
4 770 771 793 792
4 423 792 794 425
4 792 793 795 794
4 771 774 796 793
4 774 775 797 796
4 793 796 798 795
4 796 797 799 798
5 425 794 800 801 431
4 794 795 802 800
5 431 801 803 804 436
4 801 800 805 803
5 436 804 806 807 441
4 804 803 808 806
5 441 807 809 810 446
4 807 806 811 809
5 446 810 812 813 451
4 810 809 814 812
5 451 813 815 816 456
4 813 812 817 815
5 456 816 818 819 461
4 816 815 820 818
5 461 819 821 822 466
4 819 818 823 821
5 466 822 824 825 471
4 822 821 826 824
5 471 825 827 828 476
4 825 824 829 827
5 476 828 830 831 481
4 828 827 832 830
5 481 831 833 834 486
4 831 830 835 833
5 486 834 836 837 491
4 834 833 838 836
5 491 837 839 840 496
4 837 836 841 839
4 496 840 842 501
4 840 839 843 842
4 501 842 844 503
4 842 843 845 844
5 839 841 846 845 843
5 836 838 847 846 841
5 833 835 848 847 838
5 830 832 849 848 835
5 827 829 850 849 832
5 824 826 851 850 829
5 821 823 852 851 826
5 818 820 853 852 823
5 815 817 854 853 820
5 812 814 855 854 817
5 809 811 856 855 814
5 806 808 857 856 811
5 803 805 858 857 808
5 800 802 859 858 805
4 795 798 860 802
4 798 799 861 860
4 802 860 862 859
4 860 861 863 862
4 775 786 864 797
4 786 787 865 864
4 797 864 866 799
4 864 865 867 866
4 787 790 868 865
4 790 791 869 868
4 865 868 870 867
4 868 869 871 870
4 799 866 872 861
4 866 867 873 872
4 861 872 874 863
4 872 873 875 874
4 867 870 876 873
4 870 871 877 876
4 873 876 878 875
4 876 877 879 878
4 503 844 880 553
4 844 845 881 880
4 553 880 882 555
4 880 881 883 882
5 845 846 884 883 881
5 555 882 883 885 557
4 883 884 886 885
5 846 847 887 886 884
5 557 885 886 888 559
4 886 887 889 888
5 847 848 890 889 887
5 559 888 889 891 561
4 889 890 892 891
5 848 849 893 892 890
5 561 891 892 894 563
4 892 893 895 894
5 849 850 896 895 893
5 563 894 895 897 565
4 895 896 898 897
5 850 851 899 898 896
5 565 897 898 900 567
4 898 899 901 900
5 851 852 902 901 899
5 567 900 901 903 569
4 901 902 904 903
5 852 853 905 904 902
5 569 903 904 906 571
4 904 905 907 906
5 853 854 908 907 905
5 571 906 907 909 573
4 907 908 910 909
5 854 855 911 910 908
5 573 909 910 912 575
4 910 911 913 912
5 855 856 914 913 911
5 575 912 913 915 577
4 913 914 916 915
5 856 857 917 916 914
5 577 915 916 918 579
4 916 917 919 918
5 857 858 920 919 917
5 579 918 919 921 581
4 919 920 922 921
5 858 859 923 922 920
5 581 921 922 924 583
4 922 923 925 924
4 859 862 926 923
4 862 863 927 926
4 923 926 928 925
4 926 927 929 928
4 583 924 930 589
4 924 925 931 930
4 589 930 932 591
4 930 931 933 932
4 925 928 934 931
4 928 929 935 934
4 931 934 936 933
4 934 935 937 936
4 863 874 938 927
4 874 875 939 938
4 927 938 940 929
4 938 939 941 940
4 875 878 942 939
4 878 879 943 942
4 939 942 944 941
4 942 943 945 944
4 929 940 946 935
4 940 941 947 946
4 935 946 948 937
4 946 947 949 948
4 941 944 950 947
4 944 945 951 950
4 947 950 952 949
4 950 951 953 952
4 591 932 954 613
4 932 933 955 954
4 613 954 956 615
4 954 955 957 956
4 933 936 958 955
4 936 937 959 958
4 955 958 960 957
4 958 959 961 960
4 615 956 962 621
4 956 957 963 962
4 621 962 964 623
4 962 963 965 964
4 957 960 966 963
4 960 961 967 966
4 963 966 968 965
4 966 967 969 968
4 937 948 970 959
4 948 949 971 970
4 959 970 972 961
4 970 971 973 972
4 949 952 974 971
4 952 953 975 974
4 971 974 976 973
4 974 975 977 976
4 961 972 978 967
4 972 973 979 978
4 967 978 980 969
4 978 979 981 980
4 973 976 982 979
4 976 977 983 982
4 979 982 984 981
4 982 983 985 984
4 623 964 986 645
4 964 965 987 986
4 645 986 988 647
4 986 987 989 988
4 965 968 990 987
4 968 969 991 990
4 987 990 992 989
4 990 991 993 992
4 647 988 994 653
4 988 989 995 994
4 653 994 996 655
4 994 995 997 996
4 989 992 998 995
4 992 993 999 998
4 995 998 1000 997
4 998 999 1001 1000
4 969 980 1002 991
4 980 981 1003 1002
4 991 1002 1004 993
4 1002 1003 1005 1004
4 981 984 1006 1003
4 984 985 1007 1006
4 1003 1006 1008 1005
4 1006 1007 1009 1008
4 993 1004 1010 999
4 1004 1005 1011 1010
4 999 1010 1012 1001
4 1010 1011 1013 1012
4 1005 1008 1014 1011
4 1008 1009 1015 1014
4 1011 1014 1016 1013
4 1014 1015 1017 1016
4 655 996 1018 677
4 996 997 1019 1018
4 677 1018 1020 679
4 1018 1019 1021 1020
4 997 1000 1022 1019
4 1000 1001 1023 1022
4 1019 1022 1024 1021
4 1022 1023 1025 1024
4 679 1020 1026 685
4 1020 1021 1027 1026
4 685 1026 1028 687
4 1026 1027 1029 1028
4 1021 1024 1030 1027
4 1024 1025 1031 1030
4 1027 1030 1032 1029
4 1030 1031 1033 1032
4 1001 1012 1034 1023
4 1012 1013 1035 1034
4 1023 1034 1036 1025
4 1034 1035 1037 1036
4 1013 1016 1038 1035
4 1016 1017 1039 1038
4 1035 1038 1040 1037
4 1038 1039 1041 1040
4 1025 1036 1042 1031
4 1036 1037 1043 1042
4 1031 1042 1044 1033
4 1042 1043 1045 1044
4 1037 1040 1046 1043
4 1040 1041 1047 1046
4 1043 1046 1048 1045
4 1046 1047 1049 1048
4 716 1050 1051 717
4 1050 1052 1053 1051
4 717 1051 1054 719
4 1051 1053 1055 1054
4 1052 1056 1057 1053
4 1056 1058 1059 1057
4 1053 1057 1060 1055
4 1057 1059 1061 1060
4 719 1054 1062 725
4 1054 1055 1063 1062
4 725 1062 1064 727
4 1062 1063 1065 1064
4 1055 1060 1066 1063
4 1060 1061 1067 1066
4 1063 1066 1068 1065
4 1066 1067 1069 1068
4 1058 1070 1071 1059
4 1070 1072 1073 1071
4 1059 1071 1074 1061
4 1071 1073 1075 1074
4 1072 1076 1077 1073
4 1076 1078 1079 1077
4 1073 1077 1080 1075
4 1077 1079 1081 1080
4 1061 1074 1082 1067
4 1074 1075 1083 1082
4 1067 1082 1084 1069
4 1082 1083 1085 1084
4 1075 1080 1086 1083
4 1080 1081 1087 1086
4 1083 1086 1088 1085
4 1086 1087 1089 1088
4 727 1064 1090 749
4 1064 1065 1091 1090
4 749 1090 1092 751
4 1090 1091 1093 1092
4 1065 1068 1094 1091
4 1068 1069 1095 1094
4 1091 1094 1096 1093
4 1094 1095 1097 1096
4 751 1092 1098 757
4 1092 1093 1099 1098
4 757 1098 1100 759
4 1098 1099 1101 1100
4 1093 1096 1102 1099
4 1096 1097 1103 1102
4 1099 1102 1104 1101
4 1102 1103 1105 1104
4 1069 1084 1106 1095
4 1084 1085 1107 1106
4 1095 1106 1108 1097
4 1106 1107 1109 1108
4 1085 1088 1110 1107
4 1088 1089 1111 1110
4 1107 1110 1112 1109
4 1110 1111 1113 1112
4 1097 1108 1114 1103
4 1108 1109 1115 1114
4 1103 1114 1116 1105
4 1114 1115 1117 1116
4 1109 1112 1118 1115
4 1112 1113 1119 1118
4 1115 1118 1120 1117
4 1118 1119 1121 1120
4 759 1100 1122 781
4 1100 1101 1123 1122
4 781 1122 1124 783
4 1122 1123 1125 1124
4 1101 1104 1126 1123
4 1104 1105 1127 1126
4 1123 1126 1128 1125
4 1126 1127 1129 1128
4 783 1124 1130 789
4 1124 1125 1131 1130
4 789 1130 1132 791
4 1130 1131 1133 1132
4 1125 1128 1134 1131
4 1128 1129 1135 1134
4 1131 1134 1136 1133
4 1134 1135 1137 1136
4 1105 1116 1138 1127
4 1116 1117 1139 1138
4 1127 1138 1140 1129
4 1138 1139 1141 1140
4 1117 1120 1142 1139
4 1120 1121 1143 1142
4 1139 1142 1144 1141
4 1142 1143 1145 1144
4 1129 1140 1146 1135
4 1140 1141 1147 1146
4 1135 1146 1148 1137
4 1146 1147 1149 1148
4 1141 1144 1150 1147
4 1144 1145 1151 1150
4 1147 1150 1152 1149
4 1150 1151 1153 1152
4 791 1132 1154 869
4 1132 1133 1155 1154
4 869 1154 1156 871
4 1154 1155 1157 1156
4 1133 1136 1158 1155
4 1136 1137 1159 1158
4 1155 1158 1160 1157
4 1158 1159 1161 1160
4 871 1156 1162 877
4 1156 1157 1163 1162
4 877 1162 1164 879
4 1162 1163 1165 1164
4 1157 1160 1166 1163
4 1160 1161 1167 1166
4 1163 1166 1168 1165
4 1166 1167 1169 1168
4 1137 1148 1170 1159
4 1148 1149 1171 1170
4 1159 1170 1172 1161
4 1170 1171 1173 1172
4 1149 1152 1174 1171
4 1152 1153 1175 1174
4 1171 1174 1176 1173
4 1174 1175 1177 1176
4 1161 1172 1178 1167
4 1172 1173 1179 1178
4 1167 1178 1180 1169
4 1178 1179 1181 1180
4 1173 1176 1182 1179
4 1176 1177 1183 1182
4 1179 1182 1184 1181
4 1182 1183 1185 1184
4 879 1164 1186 943
4 1164 1165 1187 1186
4 943 1186 1188 945
4 1186 1187 1189 1188
4 1165 1168 1190 1187
4 1168 1169 1191 1190
4 1187 1190 1192 1189
4 1190 1191 1193 1192
4 945 1188 1194 951
4 1188 1189 1195 1194
4 951 1194 1196 953
4 1194 1195 1197 1196
4 1189 1192 1198 1195
4 1192 1193 1199 1198
4 1195 1198 1200 1197
4 1198 1199 1201 1200
4 1169 1180 1202 1191
4 1180 1181 1203 1202
4 1191 1202 1204 1193
4 1202 1203 1205 1204
4 1181 1184 1206 1203
4 1184 1185 1207 1206
4 1203 1206 1208 1205
4 1206 1207 1209 1208
4 1193 1204 1210 1199
4 1204 1205 1211 1210
4 1199 1210 1212 1201
4 1210 1211 1213 1212
4 1205 1208 1214 1211
4 1208 1209 1215 1214
4 1211 1214 1216 1213
4 1214 1215 1217 1216
4 953 1196 1218 975
4 1196 1197 1219 1218
4 975 1218 1220 977
4 1218 1219 1221 1220
4 1197 1200 1222 1219
4 1200 1201 1223 1222
4 1219 1222 1224 1221
4 1222 1223 1225 1224
4 977 1220 1226 983
4 1220 1221 1227 1226
4 983 1226 1228 985
4 1226 1227 1229 1228
4 1221 1224 1230 1227
4 1224 1225 1231 1230
4 1227 1230 1232 1229
4 1230 1231 1233 1232
4 1201 1212 1234 1223
4 1212 1213 1235 1234
4 1223 1234 1236 1225
4 1234 1235 1237 1236
4 1213 1216 1238 1235
4 1216 1217 1239 1238
4 1235 1238 1240 1237
4 1238 1239 1241 1240
4 1225 1236 1242 1231
4 1236 1237 1243 1242
4 1231 1242 1244 1233
4 1242 1243 1245 1244
4 1237 1240 1246 1243
4 1240 1241 1247 1246
4 1243 1246 1248 1245
4 1246 1247 1249 1248
4 985 1228 1250 1007
4 1228 1229 1251 1250
4 1007 1250 1252 1009
4 1250 1251 1253 1252
4 1229 1232 1254 1251
4 1232 1233 1255 1254
4 1251 1254 1256 1253
4 1254 1255 1257 1256
4 1009 1252 1258 1015
4 1252 1253 1259 1258
4 1015 1258 1260 1017
4 1258 1259 1261 1260
4 1253 1256 1262 1259
4 1256 1257 1263 1262
4 1259 1262 1264 1261
4 1262 1263 1265 1264
4 1233 1244 1266 1255
4 1244 1245 1267 1266
4 1255 1266 1268 1257
4 1266 1267 1269 1268
4 1245 1248 1270 1267
4 1248 1249 1271 1270
4 1267 1270 1272 1269
4 1270 1271 1273 1272
4 1257 1268 1274 1263
4 1268 1269 1275 1274
4 1263 1274 1276 1265
4 1274 1275 1277 1276
4 1269 1272 1278 1275
4 1272 1273 1279 1278
4 1275 1278 1280 1277
4 1278 1279 1281 1280
4 1017 1260 1282 1039
4 1260 1261 1283 1282
4 1039 1282 1284 1041
4 1282 1283 1285 1284
4 1261 1264 1286 1283
4 1264 1265 1287 1286
4 1283 1286 1288 1285
4 1286 1287 1289 1288
4 1041 1284 1290 1047
4 1284 1285 1291 1290
4 1047 1290 1292 1049
4 1290 1291 1293 1292
4 1285 1288 1294 1291
4 1288 1289 1295 1294
4 1291 1294 1296 1293
4 1294 1295 1297 1296
4 1265 1276 1298 1287
4 1276 1277 1299 1298
4 1287 1298 1300 1289
4 1298 1299 1301 1300
4 1277 1280 1302 1299
4 1280 1281 1303 1302
4 1299 1302 1304 1301
4 1302 1303 1305 1304
4 1289 1300 1306 1295
4 1300 1301 1307 1306
4 1295 1306 1308 1297
4 1306 1307 1309 1308
4 1301 1304 1310 1307
4 1304 1305 1311 1310
4 1307 1310 1312 1309
4 1310 1311 1313 1312
1 2 4 5 8 10 12 17 20 26 28 32 34 47 50 57 60 83 86 93 96 119 122 129 132 155 158 165 168 191 194 201 204 227 230 237 240 263 266 273 275 276 277 280 281 292 293 296 297 298 300 304 306 318 320 324 326 666 667 670 671 682 683 686 687 688 690 694 696 708 710 714 716 1028 1029 1032 1033 1044 1045 1048 1049 1050 1052 1056 1058 1070 1072 1076 1078 1079 1081 1087 1089 1111 1113 1119 1121 1143 1145 1151 1153 1175 1177 1183 1185 1207 1209 1215 1217 1239 1241 1247 1249 1271 1273 1279 1281 1292 1293 1296 1297 1303 1305 1308 1309 1311 1312 1313
