121 88 1
0 0
0.25 0
0.25 0.25
0 0.25
0.25 0.375
0.25 0.5
0 0.5
0.25 0.625
0.25 0.75
0 0.75
0.25 1
0 1
0.5 0
0.5 0.25
0.375 0.25
0.375 0.375
0.5 0.375
0.4375 0.375
0.375 0.4375
0.375 0.5
0.4375 0.4375
0.5 0.4375
0.46875 0.4375
0.4375 0.46875
0.4375 0.5
0.46875 0.46875
0.5 0.46875
0.484375 0.46875
0.46875 0.484375
0.46875 0.5
0.484375 0.484375
0.5 0.484375
0.4921875 0.484375
0.484375 0.4921875
0.484375 0.5
0.4921875 0.4921875
0.5 0.4921875
0.49609375 0.4921875
0.4921875 0.49609375
0.4921875 0.5
0.49609375 0.49609375
0.5 0.49609375
0.49609375 0.5
0.5 0.5
0.375 0.5625
0.375 0.625
0.4375 0.53125
0.4375 0.5625
0.46875 0.515625
0.46875 0.53125
0.484375 0.5078125
0.484375 0.515625
0.4921875 0.50390625
0.4921875 0.5078125
0.49609375 0.50390625
0.5 0.50390625
0.49609375 0.5078125
0.5 0.5078125
0.4921875 0.515625
0.5 0.515625
0.484375 0.53125
0.5 0.53125
0.46875 0.5625
0.5 0.5625
0.4375 0.625
0.5 0.625
0.375 0.75
0.5 0.75
0.5 1
0.75 0
0.75 0.25
0.625 0.25
0.625 0.375
0.5625 0.375
0.75 0.375
0.5625 0.4375
0.53125 0.4375
0.625 0.4375
0.53125 0.46875
0.515625 0.46875
0.5625 0.46875
0.515625 0.484375
0.5078125 0.484375
0.53125 0.484375
0.5078125 0.4921875
0.50390625 0.4921875
0.515625 0.4921875
0.50390625 0.49609375
0.5078125 0.49609375
0.50390625 0.5
0.5078125 0.5
0.515625 0.5
0.53125 0.5
0.5625 0.5
0.625 0.5
0.75 0.5
0.50390625 0.50390625
0.5078125 0.50390625
0.50390625 0.5078125
0.5078125 0.5078125
0.515625 0.5078125
0.5078125 0.515625
0.515625 0.515625
0.53125 0.515625
0.515625 0.53125
0.53125 0.53125
0.5625 0.53125
0.53125 0.5625
0.5625 0.5625
0.625 0.5625
0.5625 0.625
0.625 0.625
0.75 0.625
0.625 0.75
0.75 0.75
0.75 1
1 0
1 0.25
1 0.5
1 0.75
1 1
4 1 2 3 4
5 4 3 5 6 7
5 7 6 8 9 10
4 10 9 11 12
5 2 13 14 15 3
4 3 15 16 5
5 15 14 17 18 16
5 5 16 19 20 6
4 16 18 21 19
5 18 17 22 23 21
5 19 21 24 25 20
4 21 23 26 24
5 23 22 27 28 26
5 24 26 29 30 25
4 26 28 31 29
5 28 27 32 33 31
5 29 31 34 35 30
4 31 33 36 34
5 33 32 37 38 36
5 34 36 39 40 35
4 36 38 41 39
4 38 37 42 41
4 39 41 43 40
4 41 42 44 43
5 6 20 45 46 8
5 20 25 47 48 45
5 25 30 49 50 47
5 30 35 51 52 49
5 35 40 53 54 51
4 40 43 55 53
4 43 44 56 55
4 53 55 57 54
4 55 56 58 57
4 51 54 59 52
5 54 57 58 60 59
4 49 52 61 50
5 52 59 60 62 61
4 47 50 63 48
5 50 61 62 64 63
4 45 48 65 46
5 48 63 64 66 65
4 8 46 67 9
5 46 65 66 68 67
5 9 67 68 69 11
5 13 70 71 72 14
5 14 72 73 74 17
4 72 71 75 73
5 17 74 76 77 22
4 74 73 78 76
5 22 77 79 80 27
4 77 76 81 79
5 27 80 82 83 32
4 80 79 84 82
5 32 83 85 86 37
4 83 82 87 85
4 37 86 88 42
4 86 85 89 88
4 42 88 90 44
4 88 89 91 90
5 85 87 92 91 89
5 82 84 93 92 87
5 79 81 94 93 84
5 76 78 95 94 81
5 73 75 96 95 78
4 44 90 97 56
4 90 91 98 97
4 56 97 99 58
4 97 98 100 99
5 91 92 101 100 98
5 58 99 100 102 60
4 100 101 103 102
5 92 93 104 103 101
5 60 102 103 105 62
4 103 104 106 105
5 93 94 107 106 104
5 62 105 106 108 64
4 106 107 109 108
5 94 95 110 109 107
5 64 108 109 111 66
4 109 110 112 111
5 95 96 113 112 110
5 66 111 112 114 68
4 112 113 115 114
5 68 114 115 116 69
4 70 117 118 71
5 71 118 119 96 75
5 96 119 120 115 113
4 115 120 121 116
1 2 4 7 10 11 12 13 69 70 116 117 118 119 120 121
