153 112 1
0 0
0.25 0
0.25 0.25
0 0.25
0.25 0.375
0.25 0.5
0 0.5
0.25 0.625
0.25 0.75
0 0.75
0.25 1
0 1
0.5 0
0.5 0.25
0.375 0.25
0.375 0.375
0.5 0.375
0.4375 0.375
0.375 0.4375
0.375 0.5
0.4375 0.4375
0.5 0.4375
0.46875 0.4375
0.4375 0.46875
0.4375 0.5
0.46875 0.46875
0.5 0.46875
0.484375 0.46875
0.46875 0.484375
0.46875 0.5
0.484375 0.484375
0.5 0.484375
0.4921875 0.484375
0.484375 0.4921875
0.484375 0.5
0.4921875 0.4921875
0.5 0.4921875
0.49609375 0.4921875
0.4921875 0.49609375
0.4921875 0.5
0.49609375 0.49609375
0.5 0.49609375
0.498046875 0.49609375
0.49609375 0.498046875
0.49609375 0.5
0.498046875 0.498046875
0.5 0.498046875
0.4990234375 0.498046875
0.498046875 0.4990234375
0.498046875 0.5
0.4990234375 0.4990234375
0.5 0.4990234375
0.4990234375 0.5
0.5 0.5
0.375 0.5625
0.375 0.625
0.4375 0.53125
0.4375 0.5625
0.46875 0.515625
0.46875 0.53125
0.484375 0.5078125
0.484375 0.515625
0.4921875 0.50390625
0.4921875 0.5078125
0.49609375 0.501953125
0.49609375 0.50390625
0.498046875 0.5009765625
0.498046875 0.501953125
0.4990234375 0.5009765625
0.5 0.5009765625
0.4990234375 0.501953125
0.5 0.501953125
0.498046875 0.50390625
0.5 0.50390625
0.49609375 0.5078125
0.5 0.5078125
0.4921875 0.515625
0.5 0.515625
0.484375 0.53125
0.5 0.53125
0.46875 0.5625
0.5 0.5625
0.4375 0.625
0.5 0.625
0.375 0.75
0.5 0.75
0.5 1
0.75 0
0.75 0.25
0.625 0.25
0.625 0.375
0.5625 0.375
0.75 0.375
0.5625 0.4375
0.53125 0.4375
0.625 0.4375
0.53125 0.46875
0.515625 0.46875
0.5625 0.46875
0.515625 0.484375
0.5078125 0.484375
0.53125 0.484375
0.5078125 0.4921875
0.50390625 0.4921875
0.515625 0.4921875
0.50390625 0.49609375
0.501953125 0.49609375
0.5078125 0.49609375
0.501953125 0.498046875
0.5009765625 0.498046875
0.50390625 0.498046875
0.5009765625 0.4990234375
0.501953125 0.4990234375
0.5009765625 0.5
0.501953125 0.5
0.50390625 0.5
0.5078125 0.5
0.515625 0.5
0.53125 0.5
0.5625 0.5
0.625 0.5
0.75 0.5
0.5009765625 0.5009765625
0.501953125 0.5009765625
0.5009765625 0.501953125
0.501953125 0.501953125
0.50390625 0.501953125
0.501953125 0.50390625
0.50390625 0.50390625
0.5078125 0.50390625
0.50390625 0.5078125
0.5078125 0.5078125
0.515625 0.5078125
0.5078125 0.515625
0.515625 0.515625
0.53125 0.515625
0.515625 0.53125
0.53125 0.53125
0.5625 0.53125
0.53125 0.5625
0.5625 0.5625
0.625 0.5625
0.5625 0.625
0.625 0.625
0.75 0.625
0.625 0.75
0.75 0.75
0.75 1
1 0
1 0.25
1 0.5
1 0.75
1 1
4 1 2 3 4
5 4 3 5 6 7
5 7 6 8 9 10
4 10 9 11 12
5 2 13 14 15 3
4 3 15 16 5
5 15 14 17 18 16
5 5 16 19 20 6
4 16 18 21 19
5 18 17 22 23 21
5 19 21 24 25 20
4 21 23 26 24
5 23 22 27 28 26
5 24 26 29 30 25
4 26 28 31 29
5 28 27 32 33 31
5 29 31 34 35 30
4 31 33 36 34
5 33 32 37 38 36
5 34 36 39 40 35
4 36 38 41 39
5 38 37 42 43 41
5 39 41 44 45 40
4 41 43 46 44
5 43 42 47 48 46
5 44 46 49 50 45
4 46 48 51 49
4 48 47 52 51
4 49 51 53 50
4 51 52 54 53
5 6 20 55 56 8
5 20 25 57 58 55
5 25 30 59 60 57
5 30 35 61 62 59
5 35 40 63 64 61
5 40 45 65 66 63
5 45 50 67 68 65
4 50 53 69 67
4 53 54 70 69
4 67 69 71 68
4 69 70 72 71
4 65 68 73 66
5 68 71 72 74 73
4 63 66 75 64
5 66 73 74 76 75
4 61 64 77 62
5 64 75 76 78 77
4 59 62 79 60
5 62 77 78 80 79
4 57 60 81 58
5 60 79 80 82 81
4 55 58 83 56
5 58 81 82 84 83
4 8 56 85 9
5 56 83 84 86 85
5 9 85 86 87 11
5 13 88 89 90 14
5 14 90 91 92 17
4 90 89 93 91
5 17 92 94 95 22
4 92 91 96 94
5 22 95 97 98 27
4 95 94 99 97
5 27 98 100 101 32
4 98 97 102 100
5 32 101 103 104 37
4 101 100 105 103
5 37 104 106 107 42
4 104 103 108 106
5 42 107 109 110 47
4 107 106 111 109
4 47 110 112 52
4 110 109 113 112
4 52 112 114 54
4 112 113 115 114
5 109 111 116 115 113
5 106 108 117 116 111
5 103 105 118 117 108
5 100 102 119 118 105
5 97 99 120 119 102
5 94 96 121 120 99
5 91 93 122 121 96
4 54 114 123 70
4 114 115 124 123
4 70 123 125 72
4 123 124 126 125
5 115 116 127 126 124
5 72 125 126 128 74
4 126 127 129 128
5 116 117 130 129 127
5 74 128 129 131 76
4 129 130 132 131
5 117 118 133 132 130
5 76 131 132 134 78
4 132 133 135 134
5 118 119 136 135 133
5 78 134 135 137 80
4 135 136 138 137
5 119 120 139 138 136
5 80 137 138 140 82
4 138 139 141 140
5 120 121 142 141 139
5 82 140 141 143 84
4 141 142 144 143
5 121 122 145 144 142
5 84 143 144 146 86
4 144 145 147 146
5 86 146 147 148 87
4 88 149 150 89
5 89 150 151 122 93
5 122 151 152 147 145
4 147 152 153 148
1 2 4 7 10 11 12 13 87 88 148 149 150 151 152 153
