145 112 1
0 0
0.125 0
0.125 0.125
0 0.125
0.25 0
0.25 0.125
0.125 0.25
0 0.25
0.25 0.25
0.125 0.375
0 0.375
0.25 0.375
0.125 0.5
0 0.5
0.25 0.5
0.125 0.625
0 0.625
0.25 0.625
0.125 0.75
0 0.75
0.25 0.75
0.125 0.875
0 0.875
0.25 0.875
0.125 1
0 1
0.25 1
0.375 0
0.375 0.125
0.5 0
0.5 0.125
0.375 0.25
0.5 0.25
0.375 0.375
0.5 0.375
0.4375 0.375
0.375 0.4375
0.375 0.5
0.4375 0.4375
0.5 0.4375
0.46875 0.4375
0.4375 0.46875
0.4375 0.5
0.46875 0.46875
0.5 0.46875
0.484375 0.46875
0.46875 0.484375
0.46875 0.5
0.484375 0.484375
0.5 0.484375
0.4921875 0.484375
0.484375 0.4921875
0.484375 0.5
0.4921875 0.4921875
0.5 0.4921875
0.4921875 0.5
0.5 0.5
0.375 0.5625
0.375 0.625
0.4375 0.53125
0.4375 0.5625
0.46875 0.515625
0.46875 0.53125
0.484375 0.5078125
0.484375 0.515625
0.4921875 0.5078125
0.5 0.5078125
0.4921875 0.515625
0.5 0.515625
0.484375 0.53125
0.5 0.53125
0.46875 0.5625
0.5 0.5625
0.4375 0.625
0.5 0.625
0.375 0.75
0.5 0.75
0.375 0.875
0.5 0.875
0.375 1
0.5 1
0.625 0
0.625 0.125
0.75 0
0.75 0.125
0.625 0.25
0.75 0.25
0.625 0.375
0.5625 0.375
0.75 0.375
0.5625 0.4375
0.53125 0.4375
0.625 0.4375
0.53125 0.46875
0.515625 0.46875
0.5625 0.46875
0.515625 0.484375
0.5078125 0.484375
0.53125 0.484375
0.5078125 0.4921875
0.515625 0.4921875
0.5078125 0.5
0.515625 0.5
0.53125 0.5
0.5625 0.5
0.625 0.5
0.75 0.5
0.5078125 0.5078125
0.515625 0.5078125
0.5078125 0.515625
0.515625 0.515625
0.53125 0.515625
0.515625 0.53125
0.53125 0.53125
0.5625 0.53125
0.53125 0.5625
0.5625 0.5625
0.625 0.5625
0.5625 0.625
0.625 0.625
0.75 0.625
0.625 0.75
0.75 0.75
0.625 0.875
0.75 0.875
0.625 1
0.75 1
0.875 0
0.875 0.125
1 0
1 0.125
0.875 0.25
1 0.25
0.875 0.375
1 0.375
0.875 0.5
1 0.5
0.875 0.625
1 0.625
0.875 0.75
1 0.75
0.875 0.875
1 0.875
0.875 1
1 1
4 1 2 3 4
4 2 5 6 3
4 4 3 7 8
4 3 6 9 7
4 8 7 10 11
4 7 9 12 10
4 11 10 13 14
4 10 12 15 13
4 14 13 16 17
4 13 15 18 16
4 17 16 19 20
4 16 18 21 19
4 20 19 22 23
4 19 21 24 22
4 23 22 25 26
4 22 24 27 25
4 5 28 29 6
4 28 30 31 29
4 6 29 32 9
4 29 31 33 32
4 9 32 34 12
5 32 33 35 36 34
5 12 34 37 38 15
4 34 36 39 37
5 36 35 40 41 39
5 37 39 42 43 38
4 39 41 44 42
5 41 40 45 46 44
5 42 44 47 48 43
4 44 46 49 47
5 46 45 50 51 49
5 47 49 52 53 48
4 49 51 54 52
4 51 50 55 54
4 52 54 56 53
4 54 55 57 56
5 15 38 58 59 18
5 38 43 60 61 58
5 43 48 62 63 60
5 48 53 64 65 62
4 53 56 66 64
4 56 57 67 66
4 64 66 68 65
4 66 67 69 68
4 62 65 70 63
5 65 68 69 71 70
4 60 63 72 61
5 63 70 71 73 72
4 58 61 74 59
5 61 72 73 75 74
4 18 59 76 21
5 59 74 75 77 76
4 21 76 78 24
4 76 77 79 78
4 24 78 80 27
4 78 79 81 80
4 30 82 83 31
4 82 84 85 83
4 31 83 86 33
4 83 85 87 86
5 33 86 88 89 35
4 86 87 90 88
5 35 89 91 92 40
4 89 88 93 91
5 40 92 94 95 45
4 92 91 96 94
5 45 95 97 98 50
4 95 94 99 97
4 50 98 100 55
4 98 97 101 100
4 55 100 102 57
4 100 101 103 102
5 97 99 104 103 101
5 94 96 105 104 99
5 91 93 106 105 96
5 88 90 107 106 93
4 57 102 108 67
4 102 103 109 108
4 67 108 110 69
4 108 109 111 110
5 103 104 112 111 109
5 69 110 111 113 71
4 111 112 114 113
5 104 105 115 114 112
5 71 113 114 116 73
4 114 115 117 116
5 105 106 118 117 115
5 73 116 117 119 75
4 117 118 120 119
5 106 107 121 120 118
5 75 119 120 122 77
4 120 121 123 122
4 77 122 124 79
4 122 123 125 124
4 79 124 126 81
4 124 125 127 126
4 84 128 129 85
4 128 130 131 129
4 85 129 132 87
4 129 131 133 132
4 87 132 134 90
4 132 133 135 134
4 90 134 136 107
4 134 135 137 136
4 107 136 138 121
4 136 137 139 138
4 121 138 140 123
4 138 139 141 140
4 123 140 142 125
4 140 141 143 142
4 125 142 144 127
4 142 143 145 144
1 2 4 5 8 11 14 17 20 23 25 26 27 28 30 80 81 82 84 126 127 128 130 131 133 135 137 139 141 143 144 145
