305 268 1
0 0
0.0625 0
0.0625 0.0625
0 0.0625
0.125 0
0.125 0.0625
0.0625 0.125
0 0.125
0.125 0.125
0.1875 0
0.1875 0.0625
0.25 0
0.25 0.0625
0.1875 0.125
0.25 0.125
0.0625 0.1875
0 0.1875
0.125 0.1875
0.0625 0.25
0 0.25
0.125 0.25
0.1875 0.1875
0.25 0.1875
0.1875 0.25
0.25 0.25
0.0625 0.3125
0 0.3125
0.125 0.3125
0.0625 0.375
0 0.375
0.125 0.375
0.1875 0.3125
0.25 0.3125
0.1875 0.375
0.25 0.375
0.0625 0.4375
0 0.4375
0.125 0.4375
0.0625 0.5
0 0.5
0.125 0.5
0.1875 0.4375
0.25 0.4375
0.1875 0.5
0.25 0.5
0.0625 0.5625
0 0.5625
0.125 0.5625
0.0625 0.625
0 0.625
0.125 0.625
0.1875 0.5625
0.25 0.5625
0.1875 0.625
0.25 0.625
0.0625 0.6875
0 0.6875
0.125 0.6875
0.0625 0.75
0 0.75
0.125 0.75
0.1875 0.6875
0.25 0.6875
0.1875 0.75
0.25 0.75
0.0625 0.8125
0 0.8125
0.125 0.8125
0.0625 0.875
0 0.875
0.125 0.875
0.1875 0.8125
0.25 0.8125
0.1875 0.875
0.25 0.875
0.0625 0.9375
0 0.9375
0.125 0.9375
0.0625 1
0 1
0.125 1
0.1875 0.9375
0.25 0.9375
0.1875 1
0.25 1
0.3125 0
0.3125 0.0625
0.375 0
0.375 0.0625
0.3125 0.125
0.375 0.125
0.4375 0
0.4375 0.0625
0.5 0
0.5 0.0625
0.4375 0.125
0.5 0.125
0.3125 0.1875
0.375 0.1875
0.3125 0.25
0.375 0.25
0.4375 0.1875
0.5 0.1875
0.4375 0.25
0.5 0.25
0.3125 0.3125
0.375 0.3125
0.3125 0.375
0.375 0.375
0.4375 0.3125
0.5 0.3125
0.4375 0.375
0.5 0.375
0.3125 0.4375
0.375 0.4375
0.3125 0.5
0.375 0.5
0.4375 0.4375
0.5 0.4375
0.46875 0.4375
0.4375 0.46875
0.4375 0.5
0.46875 0.46875
0.5 0.46875
0.46875 0.5
0.5 0.5
0.3125 0.5625
0.375 0.5625
0.3125 0.625
0.375 0.625
0.4375 0.53125
0.4375 0.5625
0.46875 0.53125
0.5 0.53125
0.46875 0.5625
0.5 0.5625
0.4375 0.625
0.5 0.625
0.3125 0.6875
0.375 0.6875
0.3125 0.75
0.375 0.75
0.4375 0.6875
0.5 0.6875
0.4375 0.75
0.5 0.75
0.3125 0.8125
0.375 0.8125
0.3125 0.875
0.375 0.875
0.4375 0.8125
0.5 0.8125
0.4375 0.875
0.5 0.875
0.3125 0.9375
0.375 0.9375
0.3125 1
0.375 1
0.4375 0.9375
0.5 0.9375
0.4375 1
0.5 1
0.5625 0
0.5625 0.0625
0.625 0
0.625 0.0625
0.5625 0.125
0.625 0.125
0.6875 0
0.6875 0.0625
0.75 0
0.75 0.0625
0.6875 0.125
0.75 0.125
0.5625 0.1875
0.625 0.1875
0.5625 0.25
0.625 0.25
0.6875 0.1875
0.75 0.1875
0.6875 0.25
0.75 0.25
0.5625 0.3125
0.625 0.3125
0.5625 0.375
0.625 0.375
0.6875 0.3125
0.75 0.3125
0.6875 0.375
0.75 0.375
0.5625 0.4375
0.53125 0.4375
0.625 0.4375
0.53125 0.46875
0.5625 0.46875
0.53125 0.5
0.5625 0.5
0.625 0.5
0.6875 0.4375
0.75 0.4375
0.6875 0.5
0.75 0.5
0.53125 0.53125
0.5625 0.53125
0.53125 0.5625
0.5625 0.5625
0.625 0.5625
0.5625 0.625
0.625 0.625
0.6875 0.5625
0.75 0.5625
0.6875 0.625
0.75 0.625
0.5625 0.6875
0.625 0.6875
0.5625 0.75
0.625 0.75
0.6875 0.6875
0.75 0.6875
0.6875 0.75
0.75 0.75
0.5625 0.8125
0.625 0.8125
0.5625 0.875
0.625 0.875
0.6875 0.8125
0.75 0.8125
0.6875 0.875
0.75 0.875
0.5625 0.9375
0.625 0.9375
0.5625 1
0.625 1
0.6875 0.9375
0.75 0.9375
0.6875 1
0.75 1
0.8125 0
0.8125 0.0625
0.875 0
0.875 0.0625
0.8125 0.125
0.875 0.125
0.9375 0
0.9375 0.0625
1 0
1 0.0625
0.9375 0.125
1 0.125
0.8125 0.1875
0.875 0.1875
0.8125 0.25
0.875 0.25
0.9375 0.1875
1 0.1875
0.9375 0.25
1 0.25
0.8125 0.3125
0.875 0.3125
0.8125 0.375
0.875 0.375
0.9375 0.3125
1 0.3125
0.9375 0.375
1 0.375
0.8125 0.4375
0.875 0.4375
0.8125 0.5
0.875 0.5
0.9375 0.4375
1 0.4375
0.9375 0.5
1 0.5
0.8125 0.5625
0.875 0.5625
0.8125 0.625
0.875 0.625
0.9375 0.5625
1 0.5625
0.9375 0.625
1 0.625
0.8125 0.6875
0.875 0.6875
0.8125 0.75
0.875 0.75
0.9375 0.6875
1 0.6875
0.9375 0.75
1 0.75
0.8125 0.8125
0.875 0.8125
0.8125 0.875
0.875 0.875
0.9375 0.8125
1 0.8125
0.9375 0.875
1 0.875
0.8125 0.9375
0.875 0.9375
0.8125 1
0.875 1
0.9375 0.9375
1 0.9375
0.9375 1
1 1
4 1 2 3 4
4 2 5 6 3
4 4 3 7 8
4 3 6 9 7
4 5 10 11 6
4 10 12 13 11
4 6 11 14 9
4 11 13 15 14
4 8 7 16 17
4 7 9 18 16
4 17 16 19 20
4 16 18 21 19
4 9 14 22 18
4 14 15 23 22
4 18 22 24 21
4 22 23 25 24
4 20 19 26 27
4 19 21 28 26
4 27 26 29 30
4 26 28 31 29
4 21 24 32 28
4 24 25 33 32
4 28 32 34 31
4 32 33 35 34
4 30 29 36 37
4 29 31 38 36
4 37 36 39 40
4 36 38 41 39
4 31 34 42 38
4 34 35 43 42
4 38 42 44 41
4 42 43 45 44
4 40 39 46 47
4 39 41 48 46
4 47 46 49 50
4 46 48 51 49
4 41 44 52 48
4 44 45 53 52
4 48 52 54 51
4 52 53 55 54
4 50 49 56 57
4 49 51 58 56
4 57 56 59 60
4 56 58 61 59
4 51 54 62 58
4 54 55 63 62
4 58 62 64 61
4 62 63 65 64
4 60 59 66 67
4 59 61 68 66
4 67 66 69 70
4 66 68 71 69
4 61 64 72 68
4 64 65 73 72
4 68 72 74 71
4 72 73 75 74
4 70 69 76 77
4 69 71 78 76
4 77 76 79 80
4 76 78 81 79
4 71 74 82 78
4 74 75 83 82
4 78 82 84 81
4 82 83 85 84
4 12 86 87 13
4 86 88 89 87
4 13 87 90 15
4 87 89 91 90
4 88 92 93 89
4 92 94 95 93
4 89 93 96 91
4 93 95 97 96
4 15 90 98 23
4 90 91 99 98
4 23 98 100 25
4 98 99 101 100
4 91 96 102 99
4 96 97 103 102
4 99 102 104 101
4 102 103 105 104
4 25 100 106 33
4 100 101 107 106
4 33 106 108 35
4 106 107 109 108
4 101 104 110 107
4 104 105 111 110
4 107 110 112 109
4 110 111 113 112
4 35 108 114 43
4 108 109 115 114
4 43 114 116 45
4 114 115 117 116
4 109 112 118 115
5 112 113 119 120 118
5 115 118 121 122 117
4 118 120 123 121
4 120 119 124 123
4 121 123 125 122
4 123 124 126 125
4 45 116 127 53
4 116 117 128 127
4 53 127 129 55
4 127 128 130 129
5 117 122 131 132 128
4 122 125 133 131
4 125 126 134 133
4 131 133 135 132
4 133 134 136 135
4 128 132 137 130
5 132 135 136 138 137
4 55 129 139 63
4 129 130 140 139
4 63 139 141 65
4 139 140 142 141
4 130 137 143 140
4 137 138 144 143
4 140 143 145 142
4 143 144 146 145
4 65 141 147 73
4 141 142 148 147
4 73 147 149 75
4 147 148 150 149
4 142 145 151 148
4 145 146 152 151
4 148 151 153 150
4 151 152 154 153
4 75 149 155 83
4 149 150 156 155
4 83 155 157 85
4 155 156 158 157
4 150 153 159 156
4 153 154 160 159
4 156 159 161 158
4 159 160 162 161
4 94 163 164 95
4 163 165 166 164
4 95 164 167 97
4 164 166 168 167
4 165 169 170 166
4 169 171 172 170
4 166 170 173 168
4 170 172 174 173
4 97 167 175 103
4 167 168 176 175
4 103 175 177 105
4 175 176 178 177
4 168 173 179 176
4 173 174 180 179
4 176 179 181 178
4 179 180 182 181
4 105 177 183 111
4 177 178 184 183
4 111 183 185 113
4 183 184 186 185
4 178 181 187 184
4 181 182 188 187
4 184 187 189 186
4 187 188 190 189
5 113 185 191 192 119
4 185 186 193 191
4 119 192 194 124
4 192 191 195 194
4 124 194 196 126
4 194 195 197 196
5 191 193 198 197 195
4 186 189 199 193
4 189 190 200 199
4 193 199 201 198
4 199 200 202 201
4 126 196 203 134
4 196 197 204 203
4 134 203 205 136
4 203 204 206 205
5 197 198 207 206 204
5 136 205 206 208 138
4 206 207 209 208
4 198 201 210 207
4 201 202 211 210
4 207 210 212 209
4 210 211 213 212
4 138 208 214 144
4 208 209 215 214
4 144 214 216 146
4 214 215 217 216
4 209 212 218 215
4 212 213 219 218
4 215 218 220 217
4 218 219 221 220
4 146 216 222 152
4 216 217 223 222
4 152 222 224 154
4 222 223 225 224
4 217 220 226 223
4 220 221 227 226
4 223 226 228 225
4 226 227 229 228
4 154 224 230 160
4 224 225 231 230
4 160 230 232 162
4 230 231 233 232
4 225 228 234 231
4 228 229 235 234
4 231 234 236 233
4 234 235 237 236
4 171 238 239 172
4 238 240 241 239
4 172 239 242 174
4 239 241 243 242
4 240 244 245 241
4 244 246 247 245
4 241 245 248 243
4 245 247 249 248
4 174 242 250 180
4 242 243 251 250
4 180 250 252 182
4 250 251 253 252
4 243 248 254 251
4 248 249 255 254
4 251 254 256 253
4 254 255 257 256
4 182 252 258 188
4 252 253 259 258
4 188 258 260 190
4 258 259 261 260
4 253 256 262 259
4 256 257 263 262
4 259 262 264 261
4 262 263 265 264
4 190 260 266 200
4 260 261 267 266
4 200 266 268 202
4 266 267 269 268
4 261 264 270 267
4 264 265 271 270
4 267 270 272 269
4 270 271 273 272
4 202 268 274 211
4 268 269 275 274
4 211 274 276 213
4 274 275 277 276
4 269 272 278 275
4 272 273 279 278
4 275 278 280 277
4 278 279 281 280
4 213 276 282 219
4 276 277 283 282
4 219 282 284 221
4 282 283 285 284
4 277 280 286 283
4 280 281 287 286
4 283 286 288 285
4 286 287 289 288
4 221 284 290 227
4 284 285 291 290
4 227 290 292 229
4 290 291 293 292
4 285 288 294 291
4 288 289 295 294
4 291 294 296 293
4 294 295 297 296
4 229 292 298 235
4 292 293 299 298
4 235 298 300 237
4 298 299 301 300
4 293 296 302 299
4 296 297 303 302
4 299 302 304 301
4 302 303 305 304
1 2 4 5 8 10 12 17 20 27 30 37 40 47 50 57 60 67 70 77 79 80 81 84 85 86 88 92 94 157 158 161 162 163 165 169 171 232 233 236 237 238 240 244 246 247 249 255 257 263 265 271 273 279 281 287 289 295 297 300 301 303 304 305
