41 28 1
0 0
0.25 0
0.25 0.25
0 0.25
0.5 0
0.5 0.25
0.375 0.25
0.25 0.375
0.25 0.5
0 0.5
0.375 0.375
0.5 0.375
0.375 0.5
0.5 0.5
0.25 0.625
0.25 0.75
0 0.75
0.375 0.625
0.5 0.625
0.375 0.75
0.5 0.75
0.25 1
0 1
0.5 1
0.75 0
0.75 0.25
0.625 0.25
1 0
1 0.25
0.625 0.375
0.75 0.375
0.625 0.5
0.75 0.5
1 0.5
0.625 0.625
0.75 0.625
0.625 0.75
0.75 0.75
1 0.75
0.75 1
1 1
4 1 2 3 4
5 2 5 6 7 3
5 4 3 8 9 10
4 3 7 11 8
4 7 6 12 11
4 8 11 13 9
4 11 12 14 13
5 10 9 15 16 17
4 9 13 18 15
4 13 14 19 18
4 15 18 20 16
4 18 19 21 20
4 17 16 22 23
5 16 20 21 24 22
5 5 25 26 27 6
4 25 28 29 26
4 6 27 30 12
4 27 26 31 30
4 12 30 32 14
4 30 31 33 32
5 26 29 34 33 31
4 14 32 35 19
4 32 33 36 35
4 19 35 37 21
4 35 36 38 37
5 33 34 39 38 36
5 21 37 38 40 24
4 38 39 41 40
1 2 4 5 10 17 22 23 24 25 28 29 34 39 40 41
