273 204 1
0 0
0.166666666666667 0
0.166666666666667 0.166666666666667
0 0.166666666666667
0.166666666666667 0.333333333333333
0 0.333333333333333
0.166666666666667 0.5
0 0.5
0.166666666666667 0.666666666666667
0 0.666666666666667
0.166666666666667 0.833333333333333
0 0.833333333333333
0.166666666666667 1
0 1
0.333333333333333 0
0.333333333333333 0.166666666666667
0.333333333333333 0.333333333333333
0.333333333333333 0.416666666666667
0.333333333333333 0.5
0.333333333333333 0.583333333333333
0.333333333333333 0.666666666666667
0.333333333333333 0.833333333333333
0.333333333333333 1
0.5 0
0.5 0.166666666666667
0.5 0.333333333333333
0.416666666666667 0.333333333333333
0.416666666666667 0.416666666666667
0.5 0.416666666666667
0.458333333333333 0.416666666666667
0.416666666666667 0.458333333333333
0.416666666666667 0.5
0.458333333333333 0.458333333333333
0.5 0.458333333333333
0.479166666666667 0.458333333333333
0.458333333333333 0.479166666666667
0.458333333333333 0.5
0.479166666666667 0.479166666666667
0.5 0.479166666666667
0.489583333333333 0.479166666666667
0.479166666666667 0.489583333333333
0.479166666666667 0.5
0.489583333333333 0.489583333333333
0.5 0.489583333333333
0.494791666666667 0.489583333333333
0.489583333333333 0.494791666666667
0.489583333333333 0.5
0.494791666666667 0.494791666666667
0.5 0.494791666666667
0.497395833333333 0.494791666666667
0.494791666666667 0.497395833333333
0.494791666666667 0.5
0.497395833333333 0.497395833333333
0.5 0.497395833333333
0.498697916666667 0.497395833333333
0.497395833333333 0.498697916666667
0.497395833333333 0.5
0.498697916666667 0.498697916666667
0.5 0.498697916666667
0.499348958333333 0.498697916666667
0.498697916666667 0.499348958333333
0.498697916666667 0.5
0.499348958333333 0.499348958333333
0.5 0.499348958333333
0.499674479166667 0.499348958333333
0.499348958333333 0.499674479166667
0.499348958333333 0.5
0.499674479166667 0.499674479166667
0.5 0.499674479166667
0.499837239583333 0.499674479166667
0.499674479166667 0.499837239583333
0.499674479166667 0.5
0.499837239583333 0.499837239583333
0.5 0.499837239583333
0.499918619791667 0.499837239583333
0.499837239583333 0.499918619791667
0.499837239583333 0.5
0.499918619791667 0.499918619791667
0.5 0.499918619791667
0.499959309895833 0.499918619791667
0.499918619791667 0.499959309895833
0.499918619791667 0.5
0.499959309895833 0.499959309895833
0.5 0.499959309895833
0.499979654947917 0.499959309895833
0.499959309895833 0.499979654947917
0.499959309895833 0.5
0.499979654947917 0.499979654947917
0.5 0.499979654947917
0.499989827473958 0.499979654947917
0.499979654947917 0.499989827473958
0.499979654947917 0.5
0.499989827473958 0.499989827473958
0.5 0.499989827473958
0.499989827473958 0.5
0.5 0.5
0.416666666666667 0.541666666666667
0.416666666666667 0.583333333333333
0.458333333333333 0.520833333333333
0.458333333333333 0.541666666666667
0.479166666666667 0.510416666666667
0.479166666666667 0.520833333333333
0.489583333333333 0.505208333333333
0.489583333333333 0.510416666666667
0.494791666666667 0.502604166666667
0.494791666666667 0.505208333333333
0.497395833333333 0.501302083333333
0.497395833333333 0.502604166666667
0.498697916666667 0.500651041666667
0.498697916666667 0.501302083333333
0.499348958333333 0.500325520833333
0.499348958333333 0.500651041666667
0.499674479166667 0.500162760416667
0.499674479166667 0.500325520833333
0.499837239583333 0.500081380208333
0.499837239583333 0.500162760416667
0.499918619791667 0.500040690104167
0.499918619791667 0.500081380208333
0.499959309895833 0.500020345052083
0.499959309895833 0.500040690104167
0.499979654947917 0.500010172526042
0.499979654947917 0.500020345052083
0.499989827473958 0.500010172526042
0.5 0.500010172526042
0.499989827473958 0.500020345052083
0.5 0.500020345052083
0.499979654947917 0.500040690104167
0.5 0.500040690104167
0.499959309895833 0.500081380208333
0.5 0.500081380208333
0.499918619791667 0.500162760416667
0.5 0.500162760416667
0.499837239583333 0.500325520833333
0.5 0.500325520833333
0.499674479166667 0.500651041666667
0.5 0.500651041666667
0.499348958333333 0.501302083333333
0.5 0.501302083333333
0.498697916666667 0.502604166666667
0.5 0.502604166666667
0.497395833333333 0.505208333333333
0.5 0.505208333333333
0.494791666666667 0.510416666666667
0.5 0.510416666666667
0.489583333333333 0.520833333333333
0.5 0.520833333333333
0.479166666666667 0.541666666666667
0.5 0.541666666666667
0.458333333333333 0.583333333333333
0.5 0.583333333333333
0.416666666666667 0.666666666666667
0.5 0.666666666666667
0.5 0.833333333333333
0.5 1
0.666666666666667 0
0.666666666666667 0.166666666666667
0.666666666666667 0.333333333333333
0.583333333333333 0.333333333333333
0.583333333333333 0.416666666666667
0.541666666666667 0.416666666666667
0.666666666666667 0.416666666666667
0.541666666666667 0.458333333333333
0.520833333333333 0.458333333333333
0.583333333333333 0.458333333333333
0.520833333333333 0.479166666666667
0.510416666666667 0.479166666666667
0.541666666666667 0.479166666666667
0.510416666666667 0.489583333333333
0.505208333333333 0.489583333333333
0.520833333333333 0.489583333333333
0.505208333333333 0.494791666666667
0.502604166666667 0.494791666666667
0.510416666666667 0.494791666666667
0.502604166666667 0.497395833333333
0.501302083333333 0.497395833333333
0.505208333333333 0.497395833333333
0.501302083333333 0.498697916666667
0.500651041666667 0.498697916666667
0.502604166666667 0.498697916666667
0.500651041666667 0.499348958333333
0.500325520833333 0.499348958333333
0.501302083333333 0.499348958333333
0.500325520833333 0.499674479166667
0.500162760416667 0.499674479166667
0.500651041666667 0.499674479166667
0.500162760416667 0.499837239583333
0.500081380208333 0.499837239583333
0.500325520833333 0.499837239583333
0.500081380208333 0.499918619791667
0.500040690104167 0.499918619791667
0.500162760416667 0.499918619791667
0.500040690104167 0.499959309895833
0.500020345052083 0.499959309895833
0.500081380208333 0.499959309895833
0.500020345052083 0.499979654947917
0.500010172526042 0.499979654947917
0.500040690104167 0.499979654947917
0.500010172526042 0.499989827473958
0.500020345052083 0.499989827473958
0.500010172526042 0.5
0.500020345052083 0.5
0.500040690104167 0.5
0.500081380208333 0.5
0.500162760416667 0.5
0.500325520833333 0.5
0.500651041666667 0.5
0.501302083333333 0.5
0.502604166666667 0.5
0.505208333333333 0.5
0.510416666666667 0.5
0.520833333333333 0.5
0.541666666666667 0.5
0.583333333333333 0.5
0.666666666666667 0.5
0.500010172526042 0.500010172526042
0.500020345052083 0.500010172526042
0.500010172526042 0.500020345052083
0.500020345052083 0.500020345052083
0.500040690104167 0.500020345052083
0.500020345052083 0.500040690104167
0.500040690104167 0.500040690104167
0.500081380208333 0.500040690104167
0.500040690104167 0.500081380208333
0.500081380208333 0.500081380208333
0.500162760416667 0.500081380208333
0.500081380208333 0.500162760416667
0.500162760416667 0.500162760416667
0.500325520833333 0.500162760416667
0.500162760416667 0.500325520833333
0.500325520833333 0.500325520833333
0.500651041666667 0.500325520833333
0.500325520833333 0.500651041666667
0.500651041666667 0.500651041666667
0.501302083333333 0.500651041666667
0.500651041666667 0.501302083333333
0.501302083333333 0.501302083333333
0.502604166666667 0.501302083333333
0.501302083333333 0.502604166666667
0.502604166666667 0.502604166666667
0.505208333333333 0.502604166666667
0.502604166666667 0.505208333333333
0.505208333333333 0.505208333333333
0.510416666666667 0.505208333333333
0.505208333333333 0.510416666666667
0.510416666666667 0.510416666666667
0.520833333333333 0.510416666666667
0.510416666666667 0.520833333333333
0.520833333333333 0.520833333333333
0.541666666666667 0.520833333333333
0.520833333333333 0.541666666666667
0.541666666666667 0.541666666666667
0.583333333333333 0.541666666666667
0.541666666666667 0.583333333333333
0.583333333333333 0.583333333333333
0.666666666666667 0.583333333333333
0.583333333333333 0.666666666666667
0.666666666666667 0.666666666666667
0.666666666666667 0.833333333333333
0.666666666666667 1
0.833333333333333 0
0.833333333333333 0.166666666666667
0.833333333333333 0.333333333333333
0.833333333333333 0.5
0.833333333333333 0.666666666666667
0.833333333333333 0.833333333333333
0.833333333333333 1
1 0
1 0.166666666666667
1 0.333333333333333
1 0.5
1 0.666666666666667
1 0.833333333333333
1 1
4 1 2 3 4
4 4 3 5 6
4 6 5 7 8
4 8 7 9 10
4 10 9 11 12
4 12 11 13 14
4 2 15 16 3
4 3 16 17 5
5 5 17 18 19 7
5 7 19 20 21 9
4 9 21 22 11
4 11 22 23 13
4 15 24 25 16
5 16 25 26 27 17
4 17 27 28 18
5 27 26 29 30 28
5 18 28 31 32 19
4 28 30 33 31
5 30 29 34 35 33
5 31 33 36 37 32
4 33 35 38 36
5 35 34 39 40 38
5 36 38 41 42 37
4 38 40 43 41
5 40 39 44 45 43
5 41 43 46 47 42
4 43 45 48 46
5 45 44 49 50 48
5 46 48 51 52 47
4 48 50 53 51
5 50 49 54 55 53
5 51 53 56 57 52
4 53 55 58 56
5 55 54 59 60 58
5 56 58 61 62 57
4 58 60 63 61
5 60 59 64 65 63
5 61 63 66 67 62
4 63 65 68 66
5 65 64 69 70 68
5 66 68 71 72 67
4 68 70 73 71
5 70 69 74 75 73
5 71 73 76 77 72
4 73 75 78 76
5 75 74 79 80 78
5 76 78 81 82 77
4 78 80 83 81
5 80 79 84 85 83
5 81 83 86 87 82
4 83 85 88 86
5 85 84 89 90 88
5 86 88 91 92 87
4 88 90 93 91
4 90 89 94 93
4 91 93 95 92
4 93 94 96 95
5 19 32 97 98 20
5 32 37 99 100 97
5 37 42 101 102 99
5 42 47 103 104 101
5 47 52 105 106 103
5 52 57 107 108 105
5 57 62 109 110 107
5 62 67 111 112 109
5 67 72 113 114 111
5 72 77 115 116 113
5 77 82 117 118 115
5 82 87 119 120 117
5 87 92 121 122 119
4 92 95 123 121
4 95 96 124 123
4 121 123 125 122
4 123 124 126 125
4 119 122 127 120
5 122 125 126 128 127
4 117 120 129 118
5 120 127 128 130 129
4 115 118 131 116
5 118 129 130 132 131
4 113 116 133 114
5 116 131 132 134 133
4 111 114 135 112
5 114 133 134 136 135
4 109 112 137 110
5 112 135 136 138 137
4 107 110 139 108
5 110 137 138 140 139
4 105 108 141 106
5 108 139 140 142 141
4 103 106 143 104
5 106 141 142 144 143
4 101 104 145 102
5 104 143 144 146 145
4 99 102 147 100
5 102 145 146 148 147
4 97 100 149 98
5 100 147 148 150 149
4 20 98 151 21
5 98 149 150 152 151
5 21 151 152 153 22
4 22 153 154 23
4 24 155 156 25
5 25 156 157 158 26
5 26 158 159 160 29
4 158 157 161 159
5 29 160 162 163 34
4 160 159 164 162
5 34 163 165 166 39
4 163 162 167 165
5 39 166 168 169 44
4 166 165 170 168
5 44 169 171 172 49
4 169 168 173 171
5 49 172 174 175 54
4 172 171 176 174
5 54 175 177 178 59
4 175 174 179 177
5 59 178 180 181 64
4 178 177 182 180
5 64 181 183 184 69
4 181 180 185 183
5 69 184 186 187 74
4 184 183 188 186
5 74 187 189 190 79
4 187 186 191 189
5 79 190 192 193 84
4 190 189 194 192
5 84 193 195 196 89
4 193 192 197 195
4 89 196 198 94
4 196 195 199 198
4 94 198 200 96
4 198 199 201 200
5 195 197 202 201 199
5 192 194 203 202 197
5 189 191 204 203 194
5 186 188 205 204 191
5 183 185 206 205 188
5 180 182 207 206 185
5 177 179 208 207 182
5 174 176 209 208 179
5 171 173 210 209 176
5 168 170 211 210 173
5 165 167 212 211 170
5 162 164 213 212 167
5 159 161 214 213 164
4 96 200 215 124
4 200 201 216 215
4 124 215 217 126
4 215 216 218 217
5 201 202 219 218 216
5 126 217 218 220 128
4 218 219 221 220
5 202 203 222 221 219
5 128 220 221 223 130
4 221 222 224 223
5 203 204 225 224 222
5 130 223 224 226 132
4 224 225 227 226
5 204 205 228 227 225
5 132 226 227 229 134
4 227 228 230 229
5 205 206 231 230 228
5 134 229 230 232 136
4 230 231 233 232
5 206 207 234 233 231
5 136 232 233 235 138
4 233 234 236 235
5 207 208 237 236 234
5 138 235 236 238 140
4 236 237 239 238
5 208 209 240 239 237
5 140 238 239 241 142
4 239 240 242 241
5 209 210 243 242 240
5 142 241 242 244 144
4 242 243 245 244
5 210 211 246 245 243
5 144 244 245 247 146
4 245 246 248 247
5 211 212 249 248 246
5 146 247 248 250 148
4 248 249 251 250
5 212 213 252 251 249
5 148 250 251 253 150
4 251 252 254 253
5 213 214 255 254 252
5 150 253 254 256 152
4 254 255 257 256
5 152 256 257 258 153
4 153 258 259 154
4 155 260 261 156
4 156 261 262 157
5 157 262 263 214 161
5 214 263 264 257 255
4 257 264 265 258
4 258 265 266 259
4 260 267 268 261
4 261 268 269 262
4 262 269 270 263
4 263 270 271 264
4 264 271 272 265
4 265 272 273 266
1 2 4 6 8 10 12 13 14 15 23 24 154 155 259 260 266 267 268 269 270 271 272 273
