385 328 1
0 0
0.0625 0
0.0625 0.0625
0 0.0625
0.125 0
0.125 0.0625
0.0625 0.125
0 0.125
0.125 0.125
0.1875 0
0.1875 0.0625
0.25 0
0.25 0.0625
0.1875 0.125
0.25 0.125
0.0625 0.1875
0 0.1875
0.125 0.1875
0.0625 0.25
0 0.25
0.125 0.25
0.1875 0.1875
0.25 0.1875
0.1875 0.25
0.25 0.25
0.0625 0.3125
0 0.3125
0.125 0.3125
0.0625 0.375
0 0.375
0.125 0.375
0.1875 0.3125
0.25 0.3125
0.1875 0.375
0.25 0.375
0.0625 0.4375
0 0.4375
0.125 0.4375
0.0625 0.5
0 0.5
0.125 0.5
0.1875 0.4375
0.25 0.4375
0.1875 0.5
0.25 0.5
0.0625 0.5625
0 0.5625
0.125 0.5625
0.0625 0.625
0 0.625
0.125 0.625
0.1875 0.5625
0.25 0.5625
0.1875 0.625
0.25 0.625
0.0625 0.6875
0 0.6875
0.125 0.6875
0.0625 0.75
0 0.75
0.125 0.75
0.1875 0.6875
0.25 0.6875
0.1875 0.75
0.25 0.75
0.0625 0.8125
0 0.8125
0.125 0.8125
0.0625 0.875
0 0.875
0.125 0.875
0.1875 0.8125
0.25 0.8125
0.1875 0.875
0.25 0.875
0.0625 0.9375
0 0.9375
0.125 0.9375
0.0625 1
0 1
0.125 1
0.1875 0.9375
0.25 0.9375
0.1875 1
0.25 1
0.3125 0
0.3125 0.0625
0.375 0
0.375 0.0625
0.3125 0.125
0.375 0.125
0.4375 0
0.4375 0.0625
0.5 0
0.5 0.0625
0.4375 0.125
0.5 0.125
0.3125 0.1875
0.375 0.1875
0.3125 0.25
0.375 0.25
0.4375 0.1875
0.5 0.1875
0.4375 0.25
0.5 0.25
0.3125 0.3125
0.375 0.3125
0.3125 0.375
0.375 0.375
0.4375 0.3125
0.5 0.3125
0.4375 0.375
0.5 0.375
0.3125 0.4375
0.375 0.4375
0.3125 0.5
0.375 0.5
0.4375 0.4375
0.5 0.4375
0.46875 0.4375
0.4375 0.46875
0.4375 0.5
0.46875 0.46875
0.5 0.46875
0.484375 0.46875
0.46875 0.484375
0.46875 0.5
0.484375 0.484375
0.5 0.484375
0.4921875 0.484375
0.484375 0.4921875
0.484375 0.5
0.4921875 0.4921875
0.5 0.4921875
0.49609375 0.4921875
0.4921875 0.49609375
0.4921875 0.5
0.49609375 0.49609375
0.5 0.49609375
0.498046875 0.49609375
0.49609375 0.498046875
0.49609375 0.5
0.498046875 0.498046875
0.5 0.498046875
0.4990234375 0.498046875
0.498046875 0.4990234375
0.498046875 0.5
0.4990234375 0.4990234375
0.5 0.4990234375
0.4990234375 0.5
0.5 0.5
0.3125 0.5625
0.375 0.5625
0.3125 0.625
0.375 0.625
0.4375 0.53125
0.4375 0.5625
0.46875 0.515625
0.46875 0.53125
0.484375 0.5078125
0.484375 0.515625
0.4921875 0.50390625
0.4921875 0.5078125
0.49609375 0.501953125
0.49609375 0.50390625
0.498046875 0.5009765625
0.498046875 0.501953125
0.4990234375 0.5009765625
0.5 0.5009765625
0.4990234375 0.501953125
0.5 0.501953125
0.498046875 0.50390625
0.5 0.50390625
0.49609375 0.5078125
0.5 0.5078125
0.4921875 0.515625
0.5 0.515625
0.484375 0.53125
0.5 0.53125
0.46875 0.5625
0.5 0.5625
0.4375 0.625
0.5 0.625
0.3125 0.6875
0.375 0.6875
0.3125 0.75
0.375 0.75
0.4375 0.6875
0.5 0.6875
0.4375 0.75
0.5 0.75
0.3125 0.8125
0.375 0.8125
0.3125 0.875
0.375 0.875
0.4375 0.8125
0.5 0.8125
0.4375 0.875
0.5 0.875
0.3125 0.9375
0.375 0.9375
0.3125 1
0.375 1
0.4375 0.9375
0.5 0.9375
0.4375 1
0.5 1
0.5625 0
0.5625 0.0625
0.625 0
0.625 0.0625
0.5625 0.125
0.625 0.125
0.6875 0
0.6875 0.0625
0.75 0
0.75 0.0625
0.6875 0.125
0.75 0.125
0.5625 0.1875
0.625 0.1875
0.5625 0.25
0.625 0.25
0.6875 0.1875
0.75 0.1875
0.6875 0.25
0.75 0.25
0.5625 0.3125
0.625 0.3125
0.5625 0.375
0.625 0.375
0.6875 0.3125
0.75 0.3125
0.6875 0.375
0.75 0.375
0.5625 0.4375
0.53125 0.4375
0.625 0.4375
0.53125 0.46875
0.515625 0.46875
0.5625 0.46875
0.515625 0.484375
0.5078125 0.484375
0.53125 0.484375
0.5078125 0.4921875
0.50390625 0.4921875
0.515625 0.4921875
0.50390625 0.49609375
0.501953125 0.49609375
0.5078125 0.49609375
0.501953125 0.498046875
0.5009765625 0.498046875
0.50390625 0.498046875
0.5009765625 0.4990234375
0.501953125 0.4990234375
0.5009765625 0.5
0.501953125 0.5
0.50390625 0.5
0.5078125 0.5
0.515625 0.5
0.53125 0.5
0.5625 0.5
0.625 0.5
0.6875 0.4375
0.75 0.4375
0.6875 0.5
0.75 0.5
0.5009765625 0.5009765625
0.501953125 0.5009765625
0.5009765625 0.501953125
0.501953125 0.501953125
0.50390625 0.501953125
0.501953125 0.50390625
0.50390625 0.50390625
0.5078125 0.50390625
0.50390625 0.5078125
0.5078125 0.5078125
0.515625 0.5078125
0.5078125 0.515625
0.515625 0.515625
0.53125 0.515625
0.515625 0.53125
0.53125 0.53125
0.5625 0.53125
0.53125 0.5625
0.5625 0.5625
0.625 0.5625
0.5625 0.625
0.625 0.625
0.6875 0.5625
0.75 0.5625
0.6875 0.625
0.75 0.625
0.5625 0.6875
0.625 0.6875
0.5625 0.75
0.625 0.75
0.6875 0.6875
0.75 0.6875
0.6875 0.75
0.75 0.75
0.5625 0.8125
0.625 0.8125
0.5625 0.875
0.625 0.875
0.6875 0.8125
0.75 0.8125
0.6875 0.875
0.75 0.875
0.5625 0.9375
0.625 0.9375
0.5625 1
0.625 1
0.6875 0.9375
0.75 0.9375
0.6875 1
0.75 1
0.8125 0
0.8125 0.0625
0.875 0
0.875 0.0625
0.8125 0.125
0.875 0.125
0.9375 0
0.9375 0.0625
1 0
1 0.0625
0.9375 0.125
1 0.125
0.8125 0.1875
0.875 0.1875
0.8125 0.25
0.875 0.25
0.9375 0.1875
1 0.1875
0.9375 0.25
1 0.25
0.8125 0.3125
0.875 0.3125
0.8125 0.375
0.875 0.375
0.9375 0.3125
1 0.3125
0.9375 0.375
1 0.375
0.8125 0.4375
0.875 0.4375
0.8125 0.5
0.875 0.5
0.9375 0.4375
1 0.4375
0.9375 0.5
1 0.5
0.8125 0.5625
0.875 0.5625
0.8125 0.625
0.875 0.625
0.9375 0.5625
1 0.5625
0.9375 0.625
1 0.625
0.8125 0.6875
0.875 0.6875
0.8125 0.75
0.875 0.75
0.9375 0.6875
1 0.6875
0.9375 0.75
1 0.75
0.8125 0.8125
0.875 0.8125
0.8125 0.875
0.875 0.875
0.9375 0.8125
1 0.8125
0.9375 0.875
1 0.875
0.8125 0.9375
0.875 0.9375
0.8125 1
0.875 1
0.9375 0.9375
1 0.9375
0.9375 1
1 1
4 1 2 3 4
4 2 5 6 3
4 4 3 7 8
4 3 6 9 7
4 5 10 11 6
4 10 12 13 11
4 6 11 14 9
4 11 13 15 14
4 8 7 16 17
4 7 9 18 16
4 17 16 19 20
4 16 18 21 19
4 9 14 22 18
4 14 15 23 22
4 18 22 24 21
4 22 23 25 24
4 20 19 26 27
4 19 21 28 26
4 27 26 29 30
4 26 28 31 29
4 21 24 32 28
4 24 25 33 32
4 28 32 34 31
4 32 33 35 34
4 30 29 36 37
4 29 31 38 36
4 37 36 39 40
4 36 38 41 39
4 31 34 42 38
4 34 35 43 42
4 38 42 44 41
4 42 43 45 44
4 40 39 46 47
4 39 41 48 46
4 47 46 49 50
4 46 48 51 49
4 41 44 52 48
4 44 45 53 52
4 48 52 54 51
4 52 53 55 54
4 50 49 56 57
4 49 51 58 56
4 57 56 59 60
4 56 58 61 59
4 51 54 62 58
4 54 55 63 62
4 58 62 64 61
4 62 63 65 64
4 60 59 66 67
4 59 61 68 66
4 67 66 69 70
4 66 68 71 69
4 61 64 72 68
4 64 65 73 72
4 68 72 74 71
4 72 73 75 74
4 70 69 76 77
4 69 71 78 76
4 77 76 79 80
4 76 78 81 79
4 71 74 82 78
4 74 75 83 82
4 78 82 84 81
4 82 83 85 84
4 12 86 87 13
4 86 88 89 87
4 13 87 90 15
4 87 89 91 90
4 88 92 93 89
4 92 94 95 93
4 89 93 96 91
4 93 95 97 96
4 15 90 98 23
4 90 91 99 98
4 23 98 100 25
4 98 99 101 100
4 91 96 102 99
4 96 97 103 102
4 99 102 104 101
4 102 103 105 104
4 25 100 106 33
4 100 101 107 106
4 33 106 108 35
4 106 107 109 108
4 101 104 110 107
4 104 105 111 110
4 107 110 112 109
4 110 111 113 112
4 35 108 114 43
4 108 109 115 114
4 43 114 116 45
4 114 115 117 116
4 109 112 118 115
5 112 113 119 120 118
5 115 118 121 122 117
4 118 120 123 121
5 120 119 124 125 123
5 121 123 126 127 122
4 123 125 128 126
5 125 124 129 130 128
5 126 128 131 132 127
4 128 130 133 131
5 130 129 134 135 133
5 131 133 136 137 132
4 133 135 138 136
5 135 134 139 140 138
5 136 138 141 142 137
4 138 140 143 141
5 140 139 144 145 143
5 141 143 146 147 142
4 143 145 148 146
4 145 144 149 148
4 146 148 150 147
4 148 149 151 150
4 45 116 152 53
4 116 117 153 152
4 53 152 154 55
4 152 153 155 154
5 117 122 156 157 153
5 122 127 158 159 156
5 127 132 160 161 158
5 132 137 162 163 160
5 137 142 164 165 162
5 142 147 166 167 164
4 147 150 168 166
4 150 151 169 168
4 166 168 170 167
4 168 169 171 170
4 164 167 172 165
5 167 170 171 173 172
4 162 165 174 163
5 165 172 173 175 174
4 160 163 176 161
5 163 174 175 177 176
4 158 161 178 159
5 161 176 177 179 178
4 156 159 180 157
5 159 178 179 181 180
4 153 157 182 155
5 157 180 181 183 182
4 55 154 184 63
4 154 155 185 184
4 63 184 186 65
4 184 185 187 186
4 155 182 188 185
4 182 183 189 188
4 185 188 190 187
4 188 189 191 190
4 65 186 192 73
4 186 187 193 192
4 73 192 194 75
4 192 193 195 194
4 187 190 196 193
4 190 191 197 196
4 193 196 198 195
4 196 197 199 198
4 75 194 200 83
4 194 195 201 200
4 83 200 202 85
4 200 201 203 202
4 195 198 204 201
4 198 199 205 204
4 201 204 206 203
4 204 205 207 206
4 94 208 209 95
4 208 210 211 209
4 95 209 212 97
4 209 211 213 212
4 210 214 215 211
4 214 216 217 215
4 211 215 218 213
4 215 217 219 218
4 97 212 220 103
4 212 213 221 220
4 103 220 222 105
4 220 221 223 222
4 213 218 224 221
4 218 219 225 224
4 221 224 226 223
4 224 225 227 226
4 105 222 228 111
4 222 223 229 228
4 111 228 230 113
4 228 229 231 230
4 223 226 232 229
4 226 227 233 232
4 229 232 234 231
4 232 233 235 234
5 113 230 236 237 119
4 230 231 238 236
5 119 237 239 240 124
4 237 236 241 239
5 124 240 242 243 129
4 240 239 244 242
5 129 243 245 246 134
4 243 242 247 245
5 134 246 248 249 139
4 246 245 250 248
5 139 249 251 252 144
4 249 248 253 251
4 144 252 254 149
4 252 251 255 254
4 149 254 256 151
4 254 255 257 256
5 251 253 258 257 255
5 248 250 259 258 253
5 245 247 260 259 250
5 242 244 261 260 247
5 239 241 262 261 244
5 236 238 263 262 241
4 231 234 264 238
4 234 235 265 264
4 238 264 266 263
4 264 265 267 266
4 151 256 268 169
4 256 257 269 268
4 169 268 270 171
4 268 269 271 270
5 257 258 272 271 269
5 171 270 271 273 173
4 271 272 274 273
5 258 259 275 274 272
5 173 273 274 276 175
4 274 275 277 276
5 259 260 278 277 275
5 175 276 277 279 177
4 277 278 280 279
5 260 261 281 280 278
5 177 279 280 282 179
4 280 281 283 282
5 261 262 284 283 281
5 179 282 283 285 181
4 283 284 286 285
5 262 263 287 286 284
5 181 285 286 288 183
4 286 287 289 288
4 263 266 290 287
4 266 267 291 290
4 287 290 292 289
4 290 291 293 292
4 183 288 294 189
4 288 289 295 294
4 189 294 296 191
4 294 295 297 296
4 289 292 298 295
4 292 293 299 298
4 295 298 300 297
4 298 299 301 300
4 191 296 302 197
4 296 297 303 302
4 197 302 304 199
4 302 303 305 304
4 297 300 306 303
4 300 301 307 306
4 303 306 308 305
4 306 307 309 308
4 199 304 310 205
4 304 305 311 310
4 205 310 312 207
4 310 311 313 312
4 305 308 314 311
4 308 309 315 314
4 311 314 316 313
4 314 315 317 316
4 216 318 319 217
4 318 320 321 319
4 217 319 322 219
4 319 321 323 322
4 320 324 325 321
4 324 326 327 325
4 321 325 328 323
4 325 327 329 328
4 219 322 330 225
4 322 323 331 330
4 225 330 332 227
4 330 331 333 332
4 323 328 334 331
4 328 329 335 334
4 331 334 336 333
4 334 335 337 336
4 227 332 338 233
4 332 333 339 338
4 233 338 340 235
4 338 339 341 340
4 333 336 342 339
4 336 337 343 342
4 339 342 344 341
4 342 343 345 344
4 235 340 346 265
4 340 341 347 346
4 265 346 348 267
4 346 347 349 348
4 341 344 350 347
4 344 345 351 350
4 347 350 352 349
4 350 351 353 352
4 267 348 354 291
4 348 349 355 354
4 291 354 356 293
4 354 355 357 356
4 349 352 358 355
4 352 353 359 358
4 355 358 360 357
4 358 359 361 360
4 293 356 362 299
4 356 357 363 362
4 299 362 364 301
4 362 363 365 364
4 357 360 366 363
4 360 361 367 366
4 363 366 368 365
4 366 367 369 368
4 301 364 370 307
4 364 365 371 370
4 307 370 372 309
4 370 371 373 372
4 365 368 374 371
4 368 369 375 374
4 371 374 376 373
4 374 375 377 376
4 309 372 378 315
4 372 373 379 378
4 315 378 380 317
4 378 379 381 380
4 373 376 382 379
4 376 377 383 382
4 379 382 384 381
4 382 383 385 384
1 2 4 5 8 10 12 17 20 27 30 37 40 47 50 57 60 67 70 77 79 80 81 84 85 86 88 92 94 202 203 206 207 208 210 214 216 312 313 316 317 318 320 324 326 327 329 335 337 343 345 351 353 359 361 367 369 375 377 380 381 383 384 385
