113 88 1
0 0
0.125 0
0.125 0.125
0 0.125
0.25 0
0.25 0.125
0.125 0.25
0 0.25
0.25 0.25
0.375 0
0.375 0.125
0.5 0
0.5 0.125
0.375 0.25
0.5 0.25
0.125 0.375
0 0.375
0.25 0.375
0.125 0.5
0 0.5
0.25 0.5
0.375 0.375
0.5 0.375
0.4375 0.375
0.375 0.4375
0.375 0.5
0.4375 0.4375
0.5 0.4375
0.46875 0.4375
0.4375 0.46875
0.4375 0.5
0.46875 0.46875
0.5 0.46875
0.46875 0.5
0.5 0.5
0.125 0.625
0 0.625
0.25 0.625
0.125 0.75
0 0.75
0.25 0.75
0.375 0.5625
0.375 0.625
0.4375 0.53125
0.4375 0.5625
0.46875 0.53125
0.5 0.53125
0.46875 0.5625
0.5 0.5625
0.4375 0.625
0.5 0.625
0.375 0.75
0.5 0.75
0.125 0.875
0 0.875
0.25 0.875
0.125 1
0 1
0.25 1
0.375 0.875
0.5 0.875
0.375 1
0.5 1
0.625 0
0.625 0.125
0.75 0
0.75 0.125
0.625 0.25
0.75 0.25
0.875 0
0.875 0.125
1 0
1 0.125
0.875 0.25
1 0.25
0.625 0.375
0.5625 0.375
0.75 0.375
0.5625 0.4375
0.53125 0.4375
0.625 0.4375
0.53125 0.46875
0.5625 0.46875
0.53125 0.5
0.5625 0.5
0.625 0.5
0.75 0.5
0.875 0.375
1 0.375
0.875 0.5
1 0.5
0.53125 0.53125
0.5625 0.53125
0.53125 0.5625
0.5625 0.5625
0.625 0.5625
0.5625 0.625
0.625 0.625
0.75 0.625
0.625 0.75
0.75 0.75
0.875 0.625
1 0.625
0.875 0.75
1 0.75
0.625 0.875
0.75 0.875
0.625 1
0.75 1
0.875 0.875
1 0.875
0.875 1
1 1
4 1 2 3 4
4 2 5 6 3
4 4 3 7 8
4 3 6 9 7
4 5 10 11 6
4 10 12 13 11
4 6 11 14 9
4 11 13 15 14
4 8 7 16 17
4 7 9 18 16
4 17 16 19 20
4 16 18 21 19
4 9 14 22 18
5 14 15 23 24 22
5 18 22 25 26 21
4 22 24 27 25
5 24 23 28 29 27
5 25 27 30 31 26
4 27 29 32 30
4 29 28 33 32
4 30 32 34 31
4 32 33 35 34
4 20 19 36 37
4 19 21 38 36
4 37 36 39 40
4 36 38 41 39
5 21 26 42 43 38
5 26 31 44 45 42
4 31 34 46 44
4 34 35 47 46
4 44 46 48 45
4 46 47 49 48
4 42 45 50 43
5 45 48 49 51 50
4 38 43 52 41
5 43 50 51 53 52
4 40 39 54 55
4 39 41 56 54
4 55 54 57 58
4 54 56 59 57
4 41 52 60 56
4 52 53 61 60
4 56 60 62 59
4 60 61 63 62
4 12 64 65 13
4 64 66 67 65
4 13 65 68 15
4 65 67 69 68
4 66 70 71 67
4 70 72 73 71
4 67 71 74 69
4 71 73 75 74
5 15 68 76 77 23
4 68 69 78 76
5 23 77 79 80 28
4 77 76 81 79
4 28 80 82 33
4 80 79 83 82
4 33 82 84 35
4 82 83 85 84
5 79 81 86 85 83
5 76 78 87 86 81
4 69 74 88 78
4 74 75 89 88
4 78 88 90 87
4 88 89 91 90
4 35 84 92 47
4 84 85 93 92
4 47 92 94 49
4 92 93 95 94
5 85 86 96 95 93
5 49 94 95 97 51
4 95 96 98 97
5 86 87 99 98 96
5 51 97 98 100 53
4 98 99 101 100
4 87 90 102 99
4 90 91 103 102
4 99 102 104 101
4 102 103 105 104
4 53 100 106 61
4 100 101 107 106
4 61 106 108 63
4 106 107 109 108
4 101 104 110 107
4 104 105 111 110
4 107 110 112 109
4 110 111 113 112
1 2 4 5 8 10 12 17 20 37 40 55 57 58 59 62 63 64 66 70 72 73 75 89 91 103 105 108 109 111 112 113
