449 376 1
0 0
0.0625 0
0.0625 0.0625
0 0.0625
0.125 0
0.125 0.0625
0.0625 0.125
0 0.125
0.125 0.125
0.1875 0
0.1875 0.0625
0.25 0
0.25 0.0625
0.1875 0.125
0.25 0.125
0.0625 0.1875
0 0.1875
0.125 0.1875
0.0625 0.25
0 0.25
0.125 0.25
0.1875 0.1875
0.25 0.1875
0.1875 0.25
0.25 0.25
0.0625 0.3125
0 0.3125
0.125 0.3125
0.0625 0.375
0 0.375
0.125 0.375
0.1875 0.3125
0.25 0.3125
0.1875 0.375
0.25 0.375
0.0625 0.4375
0 0.4375
0.125 0.4375
0.0625 0.5
0 0.5
0.125 0.5
0.1875 0.4375
0.25 0.4375
0.1875 0.5
0.25 0.5
0.0625 0.5625
0 0.5625
0.125 0.5625
0.0625 0.625
0 0.625
0.125 0.625
0.1875 0.5625
0.25 0.5625
0.1875 0.625
0.25 0.625
0.0625 0.6875
0 0.6875
0.125 0.6875
0.0625 0.75
0 0.75
0.125 0.75
0.1875 0.6875
0.25 0.6875
0.1875 0.75
0.25 0.75
0.0625 0.8125
0 0.8125
0.125 0.8125
0.0625 0.875
0 0.875
0.125 0.875
0.1875 0.8125
0.25 0.8125
0.1875 0.875
0.25 0.875
0.0625 0.9375
0 0.9375
0.125 0.9375
0.0625 1
0 1
0.125 1
0.1875 0.9375
0.25 0.9375
0.1875 1
0.25 1
0.3125 0
0.3125 0.0625
0.375 0
0.375 0.0625
0.3125 0.125
0.375 0.125
0.4375 0
0.4375 0.0625
0.5 0
0.5 0.0625
0.4375 0.125
0.5 0.125
0.3125 0.1875
0.375 0.1875
0.3125 0.25
0.375 0.25
0.4375 0.1875
0.5 0.1875
0.4375 0.25
0.5 0.25
0.3125 0.3125
0.375 0.3125
0.3125 0.375
0.375 0.375
0.4375 0.3125
0.5 0.3125
0.4375 0.375
0.5 0.375
0.3125 0.4375
0.375 0.4375
0.3125 0.5
0.375 0.5
0.4375 0.4375
0.5 0.4375
0.46875 0.4375
0.4375 0.46875
0.4375 0.5
0.46875 0.46875
0.5 0.46875
0.484375 0.46875
0.46875 0.484375
0.46875 0.5
0.484375 0.484375
0.5 0.484375
0.4921875 0.484375
0.484375 0.4921875
0.484375 0.5
0.4921875 0.4921875
0.5 0.4921875
0.49609375 0.4921875
0.4921875 0.49609375
0.4921875 0.5
0.49609375 0.49609375
0.5 0.49609375
0.498046875 0.49609375
0.49609375 0.498046875
0.49609375 0.5
0.498046875 0.498046875
0.5 0.498046875
0.4990234375 0.498046875
0.498046875 0.4990234375
0.498046875 0.5
0.4990234375 0.4990234375
0.5 0.4990234375
0.49951171875 0.4990234375
0.4990234375 0.49951171875
0.4990234375 0.5
0.49951171875 0.49951171875
0.5 0.49951171875
0.499755859375 0.49951171875
0.49951171875 0.499755859375
0.49951171875 0.5
0.499755859375 0.499755859375
0.5 0.499755859375
0.4998779296875 0.499755859375
0.499755859375 0.4998779296875
0.499755859375 0.5
0.4998779296875 0.4998779296875
0.5 0.4998779296875
0.49993896484375 0.4998779296875
0.4998779296875 0.49993896484375
0.4998779296875 0.5
0.49993896484375 0.49993896484375
0.5 0.49993896484375
0.49993896484375 0.5
0.5 0.5
0.3125 0.5625
0.375 0.5625
0.3125 0.625
0.375 0.625
0.4375 0.53125
0.4375 0.5625
0.46875 0.515625
0.46875 0.53125
0.484375 0.5078125
0.484375 0.515625
0.4921875 0.50390625
0.4921875 0.5078125
0.49609375 0.501953125
0.49609375 0.50390625
0.498046875 0.5009765625
0.498046875 0.501953125
0.4990234375 0.50048828125
0.4990234375 0.5009765625
0.49951171875 0.500244140625
0.49951171875 0.50048828125
0.499755859375 0.5001220703125
0.499755859375 0.500244140625
0.4998779296875 0.50006103515625
0.4998779296875 0.5001220703125
0.49993896484375 0.50006103515625
0.5 0.50006103515625
0.49993896484375 0.5001220703125
0.5 0.5001220703125
0.4998779296875 0.500244140625
0.5 0.500244140625
0.499755859375 0.50048828125
0.5 0.50048828125
0.49951171875 0.5009765625
0.5 0.5009765625
0.4990234375 0.501953125
0.5 0.501953125
0.498046875 0.50390625
0.5 0.50390625
0.49609375 0.5078125
0.5 0.5078125
0.4921875 0.515625
0.5 0.515625
0.484375 0.53125
0.5 0.53125
0.46875 0.5625
0.5 0.5625
0.4375 0.625
0.5 0.625
0.3125 0.6875
0.375 0.6875
0.3125 0.75
0.375 0.75
0.4375 0.6875
0.5 0.6875
0.4375 0.75
0.5 0.75
0.3125 0.8125
0.375 0.8125
0.3125 0.875
0.375 0.875
0.4375 0.8125
0.5 0.8125
0.4375 0.875
0.5 0.875
0.3125 0.9375
0.375 0.9375
0.3125 1
0.375 1
0.4375 0.9375
0.5 0.9375
0.4375 1
0.5 1
0.5625 0
0.5625 0.0625
0.625 0
0.625 0.0625
0.5625 0.125
0.625 0.125
0.6875 0
0.6875 0.0625
0.75 0
0.75 0.0625
0.6875 0.125
0.75 0.125
0.5625 0.1875
0.625 0.1875
0.5625 0.25
0.625 0.25
0.6875 0.1875
0.75 0.1875
0.6875 0.25
0.75 0.25
0.5625 0.3125
0.625 0.3125
0.5625 0.375
0.625 0.375
0.6875 0.3125
0.75 0.3125
0.6875 0.375
0.75 0.375
0.5625 0.4375
0.53125 0.4375
0.625 0.4375
0.53125 0.46875
0.515625 0.46875
0.5625 0.46875
0.515625 0.484375
0.5078125 0.484375
0.53125 0.484375
0.5078125 0.4921875
0.50390625 0.4921875
0.515625 0.4921875
0.50390625 0.49609375
0.501953125 0.49609375
0.5078125 0.49609375
0.501953125 0.498046875
0.5009765625 0.498046875
0.50390625 0.498046875
0.5009765625 0.4990234375
0.50048828125 0.4990234375
0.501953125 0.4990234375
0.50048828125 0.49951171875
0.500244140625 0.49951171875
0.5009765625 0.49951171875
0.500244140625 0.499755859375
0.5001220703125 0.499755859375
0.50048828125 0.499755859375
0.5001220703125 0.4998779296875
0.50006103515625 0.4998779296875
0.500244140625 0.4998779296875
0.50006103515625 0.49993896484375
0.5001220703125 0.49993896484375
0.50006103515625 0.5
0.5001220703125 0.5
0.500244140625 0.5
0.50048828125 0.5
0.5009765625 0.5
0.501953125 0.5
0.50390625 0.5
0.5078125 0.5
0.515625 0.5
0.53125 0.5
0.5625 0.5
0.625 0.5
0.6875 0.4375
0.75 0.4375
0.6875 0.5
0.75 0.5
0.50006103515625 0.50006103515625
0.5001220703125 0.50006103515625
0.50006103515625 0.5001220703125
0.5001220703125 0.5001220703125
0.500244140625 0.5001220703125
0.5001220703125 0.500244140625
0.500244140625 0.500244140625
0.50048828125 0.500244140625
0.500244140625 0.50048828125
0.50048828125 0.50048828125
0.5009765625 0.50048828125
0.50048828125 0.5009765625
0.5009765625 0.5009765625
0.501953125 0.5009765625
0.5009765625 0.501953125
0.501953125 0.501953125
0.50390625 0.501953125
0.501953125 0.50390625
0.50390625 0.50390625
0.5078125 0.50390625
0.50390625 0.5078125
0.5078125 0.5078125
0.515625 0.5078125
0.5078125 0.515625
0.515625 0.515625
0.53125 0.515625
0.515625 0.53125
0.53125 0.53125
0.5625 0.53125
0.53125 0.5625
0.5625 0.5625
0.625 0.5625
0.5625 0.625
0.625 0.625
0.6875 0.5625
0.75 0.5625
0.6875 0.625
0.75 0.625
0.5625 0.6875
0.625 0.6875
0.5625 0.75
0.625 0.75
0.6875 0.6875
0.75 0.6875
0.6875 0.75
0.75 0.75
0.5625 0.8125
0.625 0.8125
0.5625 0.875
0.625 0.875
0.6875 0.8125
0.75 0.8125
0.6875 0.875
0.75 0.875
0.5625 0.9375
0.625 0.9375
0.5625 1
0.625 1
0.6875 0.9375
0.75 0.9375
0.6875 1
0.75 1
0.8125 0
0.8125 0.0625
0.875 0
0.875 0.0625
0.8125 0.125
0.875 0.125
0.9375 0
0.9375 0.0625
1 0
1 0.0625
0.9375 0.125
1 0.125
0.8125 0.1875
0.875 0.1875
0.8125 0.25
0.875 0.25
0.9375 0.1875
1 0.1875
0.9375 0.25
1 0.25
0.8125 0.3125
0.875 0.3125
0.8125 0.375
0.875 0.375
0.9375 0.3125
1 0.3125
0.9375 0.375
1 0.375
0.8125 0.4375
0.875 0.4375
0.8125 0.5
0.875 0.5
0.9375 0.4375
1 0.4375
0.9375 0.5
1 0.5
0.8125 0.5625
0.875 0.5625
0.8125 0.625
0.875 0.625
0.9375 0.5625
1 0.5625
0.9375 0.625
1 0.625
0.8125 0.6875
0.875 0.6875
0.8125 0.75
0.875 0.75
0.9375 0.6875
1 0.6875
0.9375 0.75
1 0.75
0.8125 0.8125
0.875 0.8125
0.8125 0.875
0.875 0.875
0.9375 0.8125
1 0.8125
0.9375 0.875
1 0.875
0.8125 0.9375
0.875 0.9375
0.8125 1
0.875 1
0.9375 0.9375
1 0.9375
0.9375 1
1 1
4 1 2 3 4
4 2 5 6 3
4 4 3 7 8
4 3 6 9 7
4 5 10 11 6
4 10 12 13 11
4 6 11 14 9
4 11 13 15 14
4 8 7 16 17
4 7 9 18 16
4 17 16 19 20
4 16 18 21 19
4 9 14 22 18
4 14 15 23 22
4 18 22 24 21
4 22 23 25 24
4 20 19 26 27
4 19 21 28 26
4 27 26 29 30
4 26 28 31 29
4 21 24 32 28
4 24 25 33 32
4 28 32 34 31
4 32 33 35 34
4 30 29 36 37
4 29 31 38 36
4 37 36 39 40
4 36 38 41 39
4 31 34 42 38
4 34 35 43 42
4 38 42 44 41
4 42 43 45 44
4 40 39 46 47
4 39 41 48 46
4 47 46 49 50
4 46 48 51 49
4 41 44 52 48
4 44 45 53 52
4 48 52 54 51
4 52 53 55 54
4 50 49 56 57
4 49 51 58 56
4 57 56 59 60
4 56 58 61 59
4 51 54 62 58
4 54 55 63 62
4 58 62 64 61
4 62 63 65 64
4 60 59 66 67
4 59 61 68 66
4 67 66 69 70
4 66 68 71 69
4 61 64 72 68
4 64 65 73 72
4 68 72 74 71
4 72 73 75 74
4 70 69 76 77
4 69 71 78 76
4 77 76 79 80
4 76 78 81 79
4 71 74 82 78
4 74 75 83 82
4 78 82 84 81
4 82 83 85 84
4 12 86 87 13
4 86 88 89 87
4 13 87 90 15
4 87 89 91 90
4 88 92 93 89
4 92 94 95 93
4 89 93 96 91
4 93 95 97 96
4 15 90 98 23
4 90 91 99 98
4 23 98 100 25
4 98 99 101 100
4 91 96 102 99
4 96 97 103 102
4 99 102 104 101
4 102 103 105 104
4 25 100 106 33
4 100 101 107 106
4 33 106 108 35
4 106 107 109 108
4 101 104 110 107
4 104 105 111 110
4 107 110 112 109
4 110 111 113 112
4 35 108 114 43
4 108 109 115 114
4 43 114 116 45
4 114 115 117 116
4 109 112 118 115
5 112 113 119 120 118
5 115 118 121 122 117
4 118 120 123 121
5 120 119 124 125 123
5 121 123 126 127 122
4 123 125 128 126
5 125 124 129 130 128
5 126 128 131 132 127
4 128 130 133 131
5 130 129 134 135 133
5 131 133 136 137 132
4 133 135 138 136
5 135 134 139 140 138
5 136 138 141 142 137
4 138 140 143 141
5 140 139 144 145 143
5 141 143 146 147 142
4 143 145 148 146
5 145 144 149 150 148
5 146 148 151 152 147
4 148 150 153 151
5 150 149 154 155 153
5 151 153 156 157 152
4 153 155 158 156
5 155 154 159 160 158
5 156 158 161 162 157
4 158 160 163 161
5 160 159 164 165 163
5 161 163 166 167 162
4 163 165 168 166
4 165 164 169 168
4 166 168 170 167
4 168 169 171 170
4 45 116 172 53
4 116 117 173 172
4 53 172 174 55
4 172 173 175 174
5 117 122 176 177 173
5 122 127 178 179 176
5 127 132 180 181 178
5 132 137 182 183 180
5 137 142 184 185 182
5 142 147 186 187 184
5 147 152 188 189 186
5 152 157 190 191 188
5 157 162 192 193 190
5 162 167 194 195 192
4 167 170 196 194
4 170 171 197 196
4 194 196 198 195
4 196 197 199 198
4 192 195 200 193
5 195 198 199 201 200
4 190 193 202 191
5 193 200 201 203 202
4 188 191 204 189
5 191 202 203 205 204
4 186 189 206 187
5 189 204 205 207 206
4 184 187 208 185
5 187 206 207 209 208
4 182 185 210 183
5 185 208 209 211 210
4 180 183 212 181
5 183 210 211 213 212
4 178 181 214 179
5 181 212 213 215 214
4 176 179 216 177
5 179 214 215 217 216
4 173 177 218 175
5 177 216 217 219 218
4 55 174 220 63
4 174 175 221 220
4 63 220 222 65
4 220 221 223 222
4 175 218 224 221
4 218 219 225 224
4 221 224 226 223
4 224 225 227 226
4 65 222 228 73
4 222 223 229 228
4 73 228 230 75
4 228 229 231 230
4 223 226 232 229
4 226 227 233 232
4 229 232 234 231
4 232 233 235 234
4 75 230 236 83
4 230 231 237 236
4 83 236 238 85
4 236 237 239 238
4 231 234 240 237
4 234 235 241 240
4 237 240 242 239
4 240 241 243 242
4 94 244 245 95
4 244 246 247 245
4 95 245 248 97
4 245 247 249 248
4 246 250 251 247
4 250 252 253 251
4 247 251 254 249
4 251 253 255 254
4 97 248 256 103
4 248 249 257 256
4 103 256 258 105
4 256 257 259 258
4 249 254 260 257
4 254 255 261 260
4 257 260 262 259
4 260 261 263 262
4 105 258 264 111
4 258 259 265 264
4 111 264 266 113
4 264 265 267 266
4 259 262 268 265
4 262 263 269 268
4 265 268 270 267
4 268 269 271 270
5 113 266 272 273 119
4 266 267 274 272
5 119 273 275 276 124
4 273 272 277 275
5 124 276 278 279 129
4 276 275 280 278
5 129 279 281 282 134
4 279 278 283 281
5 134 282 284 285 139
4 282 281 286 284
5 139 285 287 288 144
4 285 284 289 287
5 144 288 290 291 149
4 288 287 292 290
5 149 291 293 294 154
4 291 290 295 293
5 154 294 296 297 159
4 294 293 298 296
5 159 297 299 300 164
4 297 296 301 299
4 164 300 302 169
4 300 299 303 302
4 169 302 304 171
4 302 303 305 304
5 299 301 306 305 303
5 296 298 307 306 301
5 293 295 308 307 298
5 290 292 309 308 295
5 287 289 310 309 292
5 284 286 311 310 289
5 281 283 312 311 286
5 278 280 313 312 283
5 275 277 314 313 280
5 272 274 315 314 277
4 267 270 316 274
4 270 271 317 316
4 274 316 318 315
4 316 317 319 318
4 171 304 320 197
4 304 305 321 320
4 197 320 322 199
4 320 321 323 322
5 305 306 324 323 321
5 199 322 323 325 201
4 323 324 326 325
5 306 307 327 326 324
5 201 325 326 328 203
4 326 327 329 328
5 307 308 330 329 327
5 203 328 329 331 205
4 329 330 332 331
5 308 309 333 332 330
5 205 331 332 334 207
4 332 333 335 334
5 309 310 336 335 333
5 207 334 335 337 209
4 335 336 338 337
5 310 311 339 338 336
5 209 337 338 340 211
4 338 339 341 340
5 311 312 342 341 339
5 211 340 341 343 213
4 341 342 344 343
5 312 313 345 344 342
5 213 343 344 346 215
4 344 345 347 346
5 313 314 348 347 345
5 215 346 347 349 217
4 347 348 350 349
5 314 315 351 350 348
5 217 349 350 352 219
4 350 351 353 352
4 315 318 354 351
4 318 319 355 354
4 351 354 356 353
4 354 355 357 356
4 219 352 358 225
4 352 353 359 358
4 225 358 360 227
4 358 359 361 360
4 353 356 362 359
4 356 357 363 362
4 359 362 364 361
4 362 363 365 364
4 227 360 366 233
4 360 361 367 366
4 233 366 368 235
4 366 367 369 368
4 361 364 370 367
4 364 365 371 370
4 367 370 372 369
4 370 371 373 372
4 235 368 374 241
4 368 369 375 374
4 241 374 376 243
4 374 375 377 376
4 369 372 378 375
4 372 373 379 378
4 375 378 380 377
4 378 379 381 380
4 252 382 383 253
4 382 384 385 383
4 253 383 386 255
4 383 385 387 386
4 384 388 389 385
4 388 390 391 389
4 385 389 392 387
4 389 391 393 392
4 255 386 394 261
4 386 387 395 394
4 261 394 396 263
4 394 395 397 396
4 387 392 398 395
4 392 393 399 398
4 395 398 400 397
4 398 399 401 400
4 263 396 402 269
4 396 397 403 402
4 269 402 404 271
4 402 403 405 404
4 397 400 406 403
4 400 401 407 406
4 403 406 408 405
4 406 407 409 408
4 271 404 410 317
4 404 405 411 410
4 317 410 412 319
4 410 411 413 412
4 405 408 414 411
4 408 409 415 414
4 411 414 416 413
4 414 415 417 416
4 319 412 418 355
4 412 413 419 418
4 355 418 420 357
4 418 419 421 420
4 413 416 422 419
4 416 417 423 422
4 419 422 424 421
4 422 423 425 424
4 357 420 426 363
4 420 421 427 426
4 363 426 428 365
4 426 427 429 428
4 421 424 430 427
4 424 425 431 430
4 427 430 432 429
4 430 431 433 432
4 365 428 434 371
4 428 429 435 434
4 371 434 436 373
4 434 435 437 436
4 429 432 438 435
4 432 433 439 438
4 435 438 440 437
4 438 439 441 440
4 373 436 442 379
4 436 437 443 442
4 379 442 444 381
4 442 443 445 444
4 437 440 446 443
4 440 441 447 446
4 443 446 448 445
4 446 447 449 448
1 2 4 5 8 10 12 17 20 27 30 37 40 47 50 57 60 67 70 77 79 80 81 84 85 86 88 92 94 238 239 242 243 244 246 250 252 376 377 380 381 382 384 388 390 391 393 399 401 407 409 415 417 423 425 431 433 439 441 444 445 447 448 449
