241 184 1
0 0
0.125 0
0.125 0.125
0 0.125
0.25 0
0.25 0.125
0.125 0.25
0 0.25
0.25 0.25
0.125 0.375
0 0.375
0.25 0.375
0.125 0.5
0 0.5
0.25 0.5
0.125 0.625
0 0.625
0.25 0.625
0.125 0.75
0 0.75
0.25 0.75
0.125 0.875
0 0.875
0.25 0.875
0.125 1
0 1
0.25 1
0.375 0
0.375 0.125
0.5 0
0.5 0.125
0.375 0.25
0.5 0.25
0.375 0.375
0.5 0.375
0.4375 0.375
0.375 0.4375
0.375 0.5
0.4375 0.4375
0.5 0.4375
0.46875 0.4375
0.4375 0.46875
0.4375 0.5
0.46875 0.46875
0.5 0.46875
0.484375 0.46875
0.46875 0.484375
0.46875 0.5
0.484375 0.484375
0.5 0.484375
0.4921875 0.484375
0.484375 0.4921875
0.484375 0.5
0.4921875 0.4921875
0.5 0.4921875
0.49609375 0.4921875
0.4921875 0.49609375
0.4921875 0.5
0.49609375 0.49609375
0.5 0.49609375
0.498046875 0.49609375
0.49609375 0.498046875
0.49609375 0.5
0.498046875 0.498046875
0.5 0.498046875
0.4990234375 0.498046875
0.498046875 0.4990234375
0.498046875 0.5
0.4990234375 0.4990234375
0.5 0.4990234375
0.49951171875 0.4990234375
0.4990234375 0.49951171875
0.4990234375 0.5
0.49951171875 0.49951171875
0.5 0.49951171875
0.499755859375 0.49951171875
0.49951171875 0.499755859375
0.49951171875 0.5
0.499755859375 0.499755859375
0.5 0.499755859375
0.4998779296875 0.499755859375
0.499755859375 0.4998779296875
0.499755859375 0.5
0.4998779296875 0.4998779296875
0.5 0.4998779296875
0.4998779296875 0.5
0.5 0.5
0.375 0.5625
0.375 0.625
0.4375 0.53125
0.4375 0.5625
0.46875 0.515625
0.46875 0.53125
0.484375 0.5078125
0.484375 0.515625
0.4921875 0.50390625
0.4921875 0.5078125
0.49609375 0.501953125
0.49609375 0.50390625
0.498046875 0.5009765625
0.498046875 0.501953125
0.4990234375 0.50048828125
0.4990234375 0.5009765625
0.49951171875 0.500244140625
0.49951171875 0.50048828125
0.499755859375 0.5001220703125
0.499755859375 0.500244140625
0.4998779296875 0.5001220703125
0.5 0.5001220703125
0.4998779296875 0.500244140625
0.5 0.500244140625
0.499755859375 0.50048828125
0.5 0.50048828125
0.49951171875 0.5009765625
0.5 0.5009765625
0.4990234375 0.501953125
0.5 0.501953125
0.498046875 0.50390625
0.5 0.50390625
0.49609375 0.5078125
0.5 0.5078125
0.4921875 0.515625
0.5 0.515625
0.484375 0.53125
0.5 0.53125
0.46875 0.5625
0.5 0.5625
0.4375 0.625
0.5 0.625
0.375 0.75
0.5 0.75
0.375 0.875
0.5 0.875
0.375 1
0.5 1
0.625 0
0.625 0.125
0.75 0
0.75 0.125
0.625 0.25
0.75 0.25
0.625 0.375
0.5625 0.375
0.75 0.375
0.5625 0.4375
0.53125 0.4375
0.625 0.4375
0.53125 0.46875
0.515625 0.46875
0.5625 0.46875
0.515625 0.484375
0.5078125 0.484375
0.53125 0.484375
0.5078125 0.4921875
0.50390625 0.4921875
0.515625 0.4921875
0.50390625 0.49609375
0.501953125 0.49609375
0.5078125 0.49609375
0.501953125 0.498046875
0.5009765625 0.498046875
0.50390625 0.498046875
0.5009765625 0.4990234375
0.50048828125 0.4990234375
0.501953125 0.4990234375
0.50048828125 0.49951171875
0.500244140625 0.49951171875
0.5009765625 0.49951171875
0.500244140625 0.499755859375
0.5001220703125 0.499755859375
0.50048828125 0.499755859375
0.5001220703125 0.4998779296875
0.500244140625 0.4998779296875
0.5001220703125 0.5
0.500244140625 0.5
0.50048828125 0.5
0.5009765625 0.5
0.501953125 0.5
0.50390625 0.5
0.5078125 0.5
0.515625 0.5
0.53125 0.5
0.5625 0.5
0.625 0.5
0.75 0.5
0.5001220703125 0.5001220703125
0.500244140625 0.5001220703125
0.5001220703125 0.500244140625
0.500244140625 0.500244140625
0.50048828125 0.500244140625
0.500244140625 0.50048828125
0.50048828125 0.50048828125
0.5009765625 0.50048828125
0.50048828125 0.5009765625
0.5009765625 0.5009765625
0.501953125 0.5009765625
0.5009765625 0.501953125
0.501953125 0.501953125
0.50390625 0.501953125
0.501953125 0.50390625
0.50390625 0.50390625
0.5078125 0.50390625
0.50390625 0.5078125
0.5078125 0.5078125
0.515625 0.5078125
0.5078125 0.515625
0.515625 0.515625
0.53125 0.515625
0.515625 0.53125
0.53125 0.53125
0.5625 0.53125
0.53125 0.5625
0.5625 0.5625
0.625 0.5625
0.5625 0.625
0.625 0.625
0.75 0.625
0.625 0.75
0.75 0.75
0.625 0.875
0.75 0.875
0.625 1
0.75 1
0.875 0
0.875 0.125
1 0
1 0.125
0.875 0.25
1 0.25
0.875 0.375
1 0.375
0.875 0.5
1 0.5
0.875 0.625
1 0.625
0.875 0.75
1 0.75
0.875 0.875
1 0.875
0.875 1
1 1
4 1 2 3 4
4 2 5 6 3
4 4 3 7 8
4 3 6 9 7
4 8 7 10 11
4 7 9 12 10
4 11 10 13 14
4 10 12 15 13
4 14 13 16 17
4 13 15 18 16
4 17 16 19 20
4 16 18 21 19
4 20 19 22 23
4 19 21 24 22
4 23 22 25 26
4 22 24 27 25
4 5 28 29 6
4 28 30 31 29
4 6 29 32 9
4 29 31 33 32
4 9 32 34 12
5 32 33 35 36 34
5 12 34 37 38 15
4 34 36 39 37
5 36 35 40 41 39
5 37 39 42 43 38
4 39 41 44 42
5 41 40 45 46 44
5 42 44 47 48 43
4 44 46 49 47
5 46 45 50 51 49
5 47 49 52 53 48
4 49 51 54 52
5 51 50 55 56 54
5 52 54 57 58 53
4 54 56 59 57
5 56 55 60 61 59
5 57 59 62 63 58
4 59 61 64 62
5 61 60 65 66 64
5 62 64 67 68 63
4 64 66 69 67
5 66 65 70 71 69
5 67 69 72 73 68
4 69 71 74 72
5 71 70 75 76 74
5 72 74 77 78 73
4 74 76 79 77
5 76 75 80 81 79
5 77 79 82 83 78
4 79 81 84 82
4 81 80 85 84
4 82 84 86 83
4 84 85 87 86
5 15 38 88 89 18
5 38 43 90 91 88
5 43 48 92 93 90
5 48 53 94 95 92
5 53 58 96 97 94
5 58 63 98 99 96
5 63 68 100 101 98
5 68 73 102 103 100
5 73 78 104 105 102
5 78 83 106 107 104
4 83 86 108 106
4 86 87 109 108
4 106 108 110 107
4 108 109 111 110
4 104 107 112 105
5 107 110 111 113 112
4 102 105 114 103
5 105 112 113 115 114
4 100 103 116 101
5 103 114 115 117 116
4 98 101 118 99
5 101 116 117 119 118
4 96 99 120 97
5 99 118 119 121 120
4 94 97 122 95
5 97 120 121 123 122
4 92 95 124 93
5 95 122 123 125 124
4 90 93 126 91
5 93 124 125 127 126
4 88 91 128 89
5 91 126 127 129 128
4 18 89 130 21
5 89 128 129 131 130
4 21 130 132 24
4 130 131 133 132
4 24 132 134 27
4 132 133 135 134
4 30 136 137 31
4 136 138 139 137
4 31 137 140 33
4 137 139 141 140
5 33 140 142 143 35
4 140 141 144 142
5 35 143 145 146 40
4 143 142 147 145
5 40 146 148 149 45
4 146 145 150 148
5 45 149 151 152 50
4 149 148 153 151
5 50 152 154 155 55
4 152 151 156 154
5 55 155 157 158 60
4 155 154 159 157
5 60 158 160 161 65
4 158 157 162 160
5 65 161 163 164 70
4 161 160 165 163
5 70 164 166 167 75
4 164 163 168 166
5 75 167 169 170 80
4 167 166 171 169
4 80 170 172 85
4 170 169 173 172
4 85 172 174 87
4 172 173 175 174
5 169 171 176 175 173
5 166 168 177 176 171
5 163 165 178 177 168
5 160 162 179 178 165
5 157 159 180 179 162
5 154 156 181 180 159
5 151 153 182 181 156
5 148 150 183 182 153
5 145 147 184 183 150
5 142 144 185 184 147
4 87 174 186 109
4 174 175 187 186
4 109 186 188 111
4 186 187 189 188
5 175 176 190 189 187
5 111 188 189 191 113
4 189 190 192 191
5 176 177 193 192 190
5 113 191 192 194 115
4 192 193 195 194
5 177 178 196 195 193
5 115 194 195 197 117
4 195 196 198 197
5 178 179 199 198 196
5 117 197 198 200 119
4 198 199 201 200
5 179 180 202 201 199
5 119 200 201 203 121
4 201 202 204 203
5 180 181 205 204 202
5 121 203 204 206 123
4 204 205 207 206
5 181 182 208 207 205
5 123 206 207 209 125
4 207 208 210 209
5 182 183 211 210 208
5 125 209 210 212 127
4 210 211 213 212
5 183 184 214 213 211
5 127 212 213 215 129
4 213 214 216 215
5 184 185 217 216 214
5 129 215 216 218 131
4 216 217 219 218
4 131 218 220 133
4 218 219 221 220
4 133 220 222 135
4 220 221 223 222
4 138 224 225 139
4 224 226 227 225
4 139 225 228 141
4 225 227 229 228
4 141 228 230 144
4 228 229 231 230
4 144 230 232 185
4 230 231 233 232
4 185 232 234 217
4 232 233 235 234
4 217 234 236 219
4 234 235 237 236
4 219 236 238 221
4 236 237 239 238
4 221 238 240 223
4 238 239 241 240
1 2 4 5 8 11 14 17 20 23 25 26 27 28 30 134 135 136 138 222 223 224 226 227 229 231 233 235 237 239 240 241
