1321 1096 1
0 0
0.015625 0
0.015625 0.015625
0 0.015625
0.03125 0
0.03125 0.015625
0.015625 0.03125
0 0.03125
0.046875 0
0.046875 0.015625
0.0625 0
0.0625 0.015625
0.015625 0.046875
0 0.046875
0.015625 0.0625
0 0.0625
0.078125 0
0.078125 0.015625
0.09375 0
0.09375 0.015625
0.109375 0
0.109375 0.015625
0.125 0
0.125 0.015625
0.015625 0.078125
0 0.078125
0.015625 0.09375
0 0.09375
0.015625 0.109375
0 0.109375
0.015625 0.125
0 0.125
0.140625 0
0.140625 0.015625
0.15625 0
0.15625 0.015625
0.171875 0
0.171875 0.015625
0.1875 0
0.1875 0.015625
0.203125 0
0.203125 0.015625
0.21875 0
0.21875 0.015625
0.234375 0
0.234375 0.015625
0.25 0
0.25 0.015625
0.015625 0.140625
0 0.140625
0.015625 0.15625
0 0.15625
0.015625 0.171875
0 0.171875
0.015625 0.1875
0 0.1875
0.015625 0.203125
0 0.203125
0.015625 0.21875
0 0.21875
0.015625 0.234375
0 0.234375
0.015625 0.25
0 0.25
0.015625 0.265625
0 0.265625
0.015625 0.28125
0 0.28125
0.015625 0.296875
0 0.296875
0.015625 0.3125
0 0.3125
0.015625 0.328125
0 0.328125
0.015625 0.34375
0 0.34375
0.015625 0.359375
0 0.359375
0.015625 0.375
0 0.375
0.015625 0.390625
0 0.390625
0.015625 0.40625
0 0.40625
0.015625 0.421875
0 0.421875
0.015625 0.4375
0 0.4375
0.015625 0.453125
0 0.453125
0.015625 0.46875
0 0.46875
0.015625 0.484375
0 0.484375
0.015625 0.5
0 0.5
0.015625 0.515625
0 0.515625
0.015625 0.53125
0 0.53125
0.015625 0.546875
0 0.546875
0.015625 0.5625
0 0.5625
0.015625 0.578125
0 0.578125
0.015625 0.59375
0 0.59375
0.015625 0.609375
0 0.609375
0.015625 0.625
0 0.625
0.015625 0.640625
0 0.640625
0.015625 0.65625
0 0.65625
0.015625 0.671875
0 0.671875
0.015625 0.6875
0 0.6875
0.015625 0.703125
0 0.703125
0.015625 0.71875
0 0.71875
0.015625 0.734375
0 0.734375
0.015625 0.75
0 0.75
0.015625 0.765625
0 0.765625
0.015625 0.78125
0 0.78125
0.015625 0.796875
0 0.796875
0.015625 0.8125
0 0.8125
0.015625 0.828125
0 0.828125
0.015625 0.84375
0 0.84375
0.015625 0.859375
0 0.859375
0.015625 0.875
0 0.875
0.015625 0.890625
0 0.890625
0.015625 0.90625
0 0.90625
0.015625 0.921875
0 0.921875
0.015625 0.9375
0 0.9375
0.015625 0.953125
0 0.953125
0.015625 0.96875
0 0.96875
0.015625 0.984375
0 0.984375
0.015625 1
0 1
0.03125 0.984375
0.03125 1
0.046875 0.984375
0.046875 1
0.0625 0.984375
0.0625 1
0.078125 0.984375
0.078125 1
0.09375 0.984375
0.09375 1
0.109375 0.984375
0.109375 1
0.125 0.984375
0.125 1
0.140625 0.984375
0.140625 1
0.15625 0.984375
0.15625 1
0.171875 0.984375
0.171875 1
0.1875 0.984375
0.1875 1
0.203125 0.984375
0.203125 1
0.21875 0.984375
0.21875 1
0.234375 0.984375
0.234375 1
0.25 0.984375
0.25 1
0.265625 0
0.265625 0.015625
0.28125 0
0.28125 0.015625
0.296875 0
0.296875 0.015625
0.3125 0
0.3125 0.015625
0.328125 0
0.328125 0.015625
0.34375 0
0.34375 0.015625
0.359375 0
0.359375 0.015625
0.375 0
0.375 0.015625
0.390625 0
0.390625 0.015625
0.40625 0
0.40625 0.015625
0.421875 0
0.421875 0.015625
0.4375 0
0.4375 0.015625
0.453125 0
0.453125 0.015625
0.46875 0
0.46875 0.015625
0.484375 0
0.484375 0.015625
0.5 0
0.5 0.015625
0.265625 0.984375
0.265625 1
0.28125 0.984375
0.28125 1
0.296875 0.984375
0.296875 1
0.3125 0.984375
0.3125 1
0.328125 0.984375
0.328125 1
0.34375 0.984375
0.34375 1
0.359375 0.984375
0.359375 1
0.375 0.984375
0.375 1
0.390625 0.984375
0.390625 1
0.40625 0.984375
0.40625 1
0.421875 0.984375
0.421875 1
0.4375 0.984375
0.4375 1
0.453125 0.984375
0.453125 1
0.46875 0.984375
0.46875 1
0.484375 0.984375
0.484375 1
0.5 0.984375
0.5 1
0.515625 0
0.515625 0.015625
0.53125 0
0.53125 0.015625
0.546875 0
0.546875 0.015625
0.5625 0
0.5625 0.015625
0.578125 0
0.578125 0.015625
0.59375 0
0.59375 0.015625
0.609375 0
0.609375 0.015625
0.625 0
0.625 0.015625
0.640625 0
0.640625 0.015625
0.65625 0
0.65625 0.015625
0.671875 0
0.671875 0.015625
0.6875 0
0.6875 0.015625
0.703125 0
0.703125 0.015625
0.71875 0
0.71875 0.015625
0.734375 0
0.734375 0.015625
0.75 0
0.75 0.015625
0.515625 0.984375
0.515625 1
0.53125 0.984375
0.53125 1
0.546875 0.984375
0.546875 1
0.5625 0.984375
0.5625 1
0.578125 0.984375
0.578125 1
0.59375 0.984375
0.59375 1
0.609375 0.984375
0.609375 1
0.625 0.984375
0.625 1
0.640625 0.984375
0.640625 1
0.65625 0.984375
0.65625 1
0.671875 0.984375
0.671875 1
0.6875 0.984375
0.6875 1
0.703125 0.984375
0.703125 1
0.71875 0.984375
0.71875 1
0.734375 0.984375
0.734375 1
0.75 0.984375
0.75 1
0.765625 0
0.765625 0.015625
0.78125 0
0.78125 0.015625
0.796875 0
0.796875 0.015625
0.8125 0
0.8125 0.015625
0.828125 0
0.828125 0.015625
0.84375 0
0.84375 0.015625
0.859375 0
0.859375 0.015625
0.875 0
0.875 0.015625
0.890625 0
0.890625 0.015625
0.90625 0
0.90625 0.015625
0.921875 0
0.921875 0.015625
0.9375 0
0.9375 0.015625
0.953125 0
0.953125 0.015625
0.96875 0
0.96875 0.015625
0.984375 0
0.984375 0.015625
1 0
1 0.015625
1 0.03125
0.984375 0.03125
1 0.046875
0.984375 0.046875
1 0.0625
0.984375 0.0625
1 0.078125
0.984375 0.078125
1 0.09375
0.984375 0.09375
1 0.109375
0.984375 0.109375
1 0.125
0.984375 0.125
1 0.140625
0.984375 0.140625
1 0.15625
0.984375 0.15625
1 0.171875
0.984375 0.171875
1 0.1875
0.984375 0.1875
1 0.203125
0.984375 0.203125
1 0.21875
0.984375 0.21875
1 0.234375
0.984375 0.234375
1 0.25
0.984375 0.25
1 0.265625
0.984375 0.265625
1 0.28125
0.984375 0.28125
1 0.296875
0.984375 0.296875
1 0.3125
0.984375 0.3125
1 0.328125
0.984375 0.328125
1 0.34375
0.984375 0.34375
1 0.359375
0.984375 0.359375
1 0.375
0.984375 0.375
1 0.390625
0.984375 0.390625
1 0.40625
0.984375 0.40625
1 0.421875
0.984375 0.421875
1 0.4375
0.984375 0.4375
1 0.453125
0.984375 0.453125
1 0.46875
0.984375 0.46875
1 0.484375
0.984375 0.484375
1 0.5
0.984375 0.5
1 0.515625
0.984375 0.515625
1 0.53125
0.984375 0.53125
1 0.546875
0.984375 0.546875
1 0.5625
0.984375 0.5625
1 0.578125
0.984375 0.578125
1 0.59375
0.984375 0.59375
1 0.609375
0.984375 0.609375
1 0.625
0.984375 0.625
1 0.640625
0.984375 0.640625
1 0.65625
0.984375 0.65625
1 0.671875
0.984375 0.671875
1 0.6875
0.984375 0.6875
1 0.703125
0.984375 0.703125
1 0.71875
0.984375 0.71875
1 0.734375
0.984375 0.734375
1 0.75
0.984375 0.75
1 0.765625
0.984375 0.765625
1 0.78125
0.984375 0.78125
1 0.796875
0.984375 0.796875
1 0.8125
0.984375 0.8125
1 0.828125
0.984375 0.828125
1 0.84375
0.984375 0.84375
1 0.859375
0.984375 0.859375
1 0.875
0.984375 0.875
0.765625 0.984375
0.765625 1
0.78125 0.984375
0.78125 1
0.796875 0.984375
0.796875 1
0.8125 0.984375
0.8125 1
0.828125 0.984375
0.828125 1
0.84375 0.984375
0.84375 1
0.859375 0.984375
0.859375 1
0.875 0.984375
0.875 1
1 0.890625
0.984375 0.890625
1 0.90625
0.984375 0.90625
1 0.921875
0.984375 0.921875
1 0.9375
0.984375 0.9375
0.890625 0.984375
0.890625 1
0.90625 0.984375
0.90625 1
0.921875 0.984375
0.921875 1
0.9375 0.984375
0.9375 1
1 0.953125
0.984375 0.953125
1 0.96875
0.984375 0.96875
0.953125 0.984375
0.953125 1
0.96875 0.984375
0.96875 1
1 0.984375
0.984375 0.984375
0.984375 1
1 1
0.03125 0.03125
0.046875 0.03125
0.0625 0.03125
0.03125 0.046875
0.03125 0.0625
0.046875 0.046875
0.0625 0.046875
0.046875 0.0625
0.0625 0.0625
0.078125 0.03125
0.09375 0.03125
0.109375 0.03125
0.125 0.03125
0.078125 0.046875
0.09375 0.046875
0.078125 0.0625
0.09375 0.0625
0.109375 0.046875
0.125 0.046875
0.109375 0.0625
0.125 0.0625
0.03125 0.078125
0.03125 0.09375
0.046875 0.078125
0.0625 0.078125
0.046875 0.09375
0.0625 0.09375
0.03125 0.109375
0.03125 0.125
0.046875 0.109375
0.0625 0.109375
0.046875 0.125
0.0625 0.125
0.140625 0.03125
0.15625 0.03125
0.171875 0.03125
0.1875 0.03125
0.140625 0.046875
0.15625 0.046875
0.140625 0.0625
0.15625 0.0625
0.171875 0.046875
0.1875 0.046875
0.171875 0.0625
0.1875 0.0625
0.203125 0.03125
0.21875 0.03125
0.234375 0.03125
0.25 0.03125
0.203125 0.046875
0.21875 0.046875
0.203125 0.0625
0.21875 0.0625
0.234375 0.046875
0.25 0.046875
0.234375 0.0625
0.25 0.0625
0.03125 0.140625
0.03125 0.15625
0.046875 0.140625
0.0625 0.140625
0.046875 0.15625
0.0625 0.15625
0.03125 0.171875
0.03125 0.1875
0.046875 0.171875
0.0625 0.171875
0.046875 0.1875
0.0625 0.1875
0.03125 0.203125
0.03125 0.21875
0.046875 0.203125
0.0625 0.203125
0.046875 0.21875
0.0625 0.21875
0.03125 0.234375
0.03125 0.25
0.046875 0.234375
0.0625 0.234375
0.046875 0.25
0.0625 0.25
0.03125 0.265625
0.03125 0.28125
0.046875 0.265625
0.0625 0.265625
0.046875 0.28125
0.0625 0.28125
0.03125 0.296875
0.03125 0.3125
0.046875 0.296875
0.0625 0.296875
0.046875 0.3125
0.0625 0.3125
0.03125 0.328125
0.03125 0.34375
0.046875 0.328125
0.0625 0.328125
0.046875 0.34375
0.0625 0.34375
0.03125 0.359375
0.03125 0.375
0.046875 0.359375
0.0625 0.359375
0.046875 0.375
0.0625 0.375
0.03125 0.390625
0.03125 0.40625
0.046875 0.390625
0.0625 0.390625
0.046875 0.40625
0.0625 0.40625
0.03125 0.421875
0.03125 0.4375
0.046875 0.421875
0.0625 0.421875
0.046875 0.4375
0.0625 0.4375
0.03125 0.453125
0.03125 0.46875
0.046875 0.453125
0.0625 0.453125
0.046875 0.46875
0.0625 0.46875
0.03125 0.484375
0.03125 0.5
0.046875 0.484375
0.0625 0.484375
0.046875 0.5
0.0625 0.5
0.03125 0.515625
0.03125 0.53125
0.046875 0.515625
0.0625 0.515625
0.046875 0.53125
0.0625 0.53125
0.03125 0.546875
0.03125 0.5625
0.046875 0.546875
0.0625 0.546875
0.046875 0.5625
0.0625 0.5625
0.03125 0.578125
0.03125 0.59375
0.046875 0.578125
0.0625 0.578125
0.046875 0.59375
0.0625 0.59375
0.03125 0.609375
0.03125 0.625
0.046875 0.609375
0.0625 0.609375
0.046875 0.625
0.0625 0.625
0.03125 0.640625
0.03125 0.65625
0.046875 0.640625
0.0625 0.640625
0.046875 0.65625
0.0625 0.65625
0.03125 0.671875
0.03125 0.6875
0.046875 0.671875
0.0625 0.671875
0.046875 0.6875
0.0625 0.6875
0.03125 0.703125
0.03125 0.71875
0.046875 0.703125
0.0625 0.703125
0.046875 0.71875
0.0625 0.71875
0.03125 0.734375
0.03125 0.75
0.046875 0.734375
0.0625 0.734375
0.046875 0.75
0.0625 0.75
0.03125 0.765625
0.03125 0.78125
0.046875 0.765625
0.0625 0.765625
0.046875 0.78125
0.0625 0.78125
0.03125 0.796875
0.03125 0.8125
0.046875 0.796875
0.0625 0.796875
0.046875 0.8125
0.0625 0.8125
0.03125 0.828125
0.03125 0.84375
0.046875 0.828125
0.0625 0.828125
0.046875 0.84375
0.0625 0.84375
0.03125 0.859375
0.03125 0.875
0.046875 0.859375
0.0625 0.859375
0.046875 0.875
0.0625 0.875
0.03125 0.890625
0.03125 0.90625
0.046875 0.890625
0.0625 0.890625
0.046875 0.90625
0.0625 0.90625
0.03125 0.921875
0.03125 0.9375
0.046875 0.921875
0.0625 0.921875
0.046875 0.9375
0.0625 0.9375
0.03125 0.953125
0.03125 0.96875
0.046875 0.953125
0.0625 0.953125
0.046875 0.96875
0.0625 0.96875
0.078125 0.9375
0.078125 0.953125
0.09375 0.9375
0.09375 0.953125
0.078125 0.96875
0.09375 0.96875
0.109375 0.9375
0.109375 0.953125
0.125 0.9375
0.125 0.953125
0.109375 0.96875
0.125 0.96875
0.140625 0.9375
0.140625 0.953125
0.15625 0.9375
0.15625 0.953125
0.140625 0.96875
0.15625 0.96875
0.171875 0.9375
0.171875 0.953125
0.1875 0.9375
0.1875 0.953125
0.171875 0.96875
0.1875 0.96875
0.203125 0.9375
0.203125 0.953125
0.21875 0.9375
0.21875 0.953125
0.203125 0.96875
0.21875 0.96875
0.234375 0.9375
0.234375 0.953125
0.25 0.9375
0.25 0.953125
0.234375 0.96875
0.25 0.96875
0.265625 0.03125
0.28125 0.03125
0.296875 0.03125
0.3125 0.03125
0.265625 0.046875
0.28125 0.046875
0.265625 0.0625
0.28125 0.0625
0.296875 0.046875
0.3125 0.046875
0.296875 0.0625
0.3125 0.0625
0.328125 0.03125
0.34375 0.03125
0.359375 0.03125
0.375 0.03125
0.328125 0.046875
0.34375 0.046875
0.328125 0.0625
0.34375 0.0625
0.359375 0.046875
0.375 0.046875
0.359375 0.0625
0.375 0.0625
0.390625 0.03125
0.40625 0.03125
0.421875 0.03125
0.4375 0.03125
0.390625 0.046875
0.40625 0.046875
0.390625 0.0625
0.40625 0.0625
0.421875 0.046875
0.4375 0.046875
0.421875 0.0625
0.4375 0.0625
0.453125 0.03125
0.46875 0.03125
0.484375 0.03125
0.5 0.03125
0.453125 0.046875
0.46875 0.046875
0.453125 0.0625
0.46875 0.0625
0.484375 0.046875
0.5 0.046875
0.484375 0.0625
0.5 0.0625
0.265625 0.9375
0.265625 0.953125
0.28125 0.9375
0.28125 0.953125
0.265625 0.96875
0.28125 0.96875
0.296875 0.9375
0.296875 0.953125
0.3125 0.9375
0.3125 0.953125
0.296875 0.96875
0.3125 0.96875
0.328125 0.9375
0.328125 0.953125
0.34375 0.9375
0.34375 0.953125
0.328125 0.96875
0.34375 0.96875
0.359375 0.9375
0.359375 0.953125
0.375 0.9375
0.375 0.953125
0.359375 0.96875
0.375 0.96875
0.390625 0.9375
0.390625 0.953125
0.40625 0.9375
0.40625 0.953125
0.390625 0.96875
0.40625 0.96875
0.421875 0.9375
0.421875 0.953125
0.4375 0.9375
0.4375 0.953125
0.421875 0.96875
0.4375 0.96875
0.453125 0.9375
0.453125 0.953125
0.46875 0.9375
0.46875 0.953125
0.453125 0.96875
0.46875 0.96875
0.484375 0.9375
0.484375 0.953125
0.5 0.9375
0.5 0.953125
0.484375 0.96875
0.5 0.96875
0.515625 0.03125
0.53125 0.03125
0.546875 0.03125
0.5625 0.03125
0.515625 0.046875
0.53125 0.046875
0.515625 0.0625
0.53125 0.0625
0.546875 0.046875
0.5625 0.046875
0.546875 0.0625
0.5625 0.0625
0.578125 0.03125
0.59375 0.03125
0.609375 0.03125
0.625 0.03125
0.578125 0.046875
0.59375 0.046875
0.578125 0.0625
0.59375 0.0625
0.609375 0.046875
0.625 0.046875
0.609375 0.0625
0.625 0.0625
0.640625 0.03125
0.65625 0.03125
0.671875 0.03125
0.6875 0.03125
0.640625 0.046875
0.65625 0.046875
0.640625 0.0625
0.65625 0.0625
0.671875 0.046875
0.6875 0.046875
0.671875 0.0625
0.6875 0.0625
0.703125 0.03125
0.71875 0.03125
0.734375 0.03125
0.75 0.03125
0.703125 0.046875
0.71875 0.046875
0.703125 0.0625
0.71875 0.0625
0.734375 0.046875
0.75 0.046875
0.734375 0.0625
0.75 0.0625
0.515625 0.9375
0.515625 0.953125
0.53125 0.9375
0.53125 0.953125
0.515625 0.96875
0.53125 0.96875
0.546875 0.9375
0.546875 0.953125
0.5625 0.9375
0.5625 0.953125
0.546875 0.96875
0.5625 0.96875
0.578125 0.9375
0.578125 0.953125
0.59375 0.9375
0.59375 0.953125
0.578125 0.96875
0.59375 0.96875
0.609375 0.9375
0.609375 0.953125
0.625 0.9375
0.625 0.953125
0.609375 0.96875
0.625 0.96875
0.640625 0.9375
0.640625 0.953125
0.65625 0.9375
0.65625 0.953125
0.640625 0.96875
0.65625 0.96875
0.671875 0.9375
0.671875 0.953125
0.6875 0.9375
0.6875 0.953125
0.671875 0.96875
0.6875 0.96875
0.703125 0.9375
0.703125 0.953125
0.71875 0.9375
0.71875 0.953125
0.703125 0.96875
0.71875 0.96875
0.734375 0.9375
0.734375 0.953125
0.75 0.9375
0.75 0.953125
0.734375 0.96875
0.75 0.96875
0.765625 0.03125
0.78125 0.03125
0.796875 0.03125
0.8125 0.03125
0.765625 0.046875
0.78125 0.046875
0.765625 0.0625
0.78125 0.0625
0.796875 0.046875
0.8125 0.046875
0.796875 0.0625
0.8125 0.0625
0.828125 0.03125
0.84375 0.03125
0.859375 0.03125
0.875 0.03125
0.828125 0.046875
0.84375 0.046875
0.828125 0.0625
0.84375 0.0625
0.859375 0.046875
0.875 0.046875
0.859375 0.0625
0.875 0.0625
0.890625 0.03125
0.90625 0.03125
0.921875 0.03125
0.9375 0.03125
0.890625 0.046875
0.90625 0.046875
0.890625 0.0625
0.90625 0.0625
0.921875 0.046875
0.9375 0.046875
0.921875 0.0625
0.9375 0.0625
0.953125 0.03125
0.96875 0.03125
0.953125 0.046875
0.96875 0.046875
0.953125 0.0625
0.96875 0.0625
0.953125 0.078125
0.9375 0.078125
0.96875 0.078125
0.953125 0.09375
0.9375 0.09375
0.96875 0.09375
0.953125 0.109375
0.9375 0.109375
0.96875 0.109375
0.953125 0.125
0.9375 0.125
0.96875 0.125
0.953125 0.140625
0.9375 0.140625
0.96875 0.140625
0.953125 0.15625
0.9375 0.15625
0.96875 0.15625
0.953125 0.171875
0.9375 0.171875
0.96875 0.171875
0.953125 0.1875
0.9375 0.1875
0.96875 0.1875
0.953125 0.203125
0.9375 0.203125
0.96875 0.203125
0.953125 0.21875
0.9375 0.21875
0.96875 0.21875
0.953125 0.234375
0.9375 0.234375
0.96875 0.234375
0.953125 0.25
0.9375 0.25
0.96875 0.25
0.953125 0.265625
0.9375 0.265625
0.96875 0.265625
0.953125 0.28125
0.9375 0.28125
0.96875 0.28125
0.953125 0.296875
0.9375 0.296875
0.96875 0.296875
0.953125 0.3125
0.9375 0.3125
0.96875 0.3125
0.953125 0.328125
0.9375 0.328125
0.96875 0.328125
0.953125 0.34375
0.9375 0.34375
0.96875 0.34375
0.953125 0.359375
0.9375 0.359375
0.96875 0.359375
0.953125 0.375
0.9375 0.375
0.96875 0.375
0.953125 0.390625
0.9375 0.390625
0.96875 0.390625
0.953125 0.40625
0.9375 0.40625
0.96875 0.40625
0.953125 0.421875
0.9375 0.421875
0.96875 0.421875
0.953125 0.4375
0.9375 0.4375
0.96875 0.4375
0.953125 0.453125
0.9375 0.453125
0.96875 0.453125
0.953125 0.46875
0.9375 0.46875
0.96875 0.46875
0.953125 0.484375
0.9375 0.484375
0.96875 0.484375
0.953125 0.5
0.9375 0.5
0.96875 0.5
0.953125 0.515625
0.9375 0.515625
0.96875 0.515625
0.953125 0.53125
0.9375 0.53125
0.96875 0.53125
0.953125 0.546875
0.9375 0.546875
0.96875 0.546875
0.953125 0.5625
0.9375 0.5625
0.96875 0.5625
0.953125 0.578125
0.9375 0.578125
0.96875 0.578125
0.953125 0.59375
0.9375 0.59375
0.96875 0.59375
0.953125 0.609375
0.9375 0.609375
0.96875 0.609375
0.953125 0.625
0.9375 0.625
0.96875 0.625
0.953125 0.640625
0.9375 0.640625
0.96875 0.640625
0.953125 0.65625
0.9375 0.65625
0.96875 0.65625
0.953125 0.671875
0.9375 0.671875
0.96875 0.671875
0.953125 0.6875
0.9375 0.6875
0.96875 0.6875
0.953125 0.703125
0.9375 0.703125
0.96875 0.703125
0.953125 0.71875
0.9375 0.71875
0.96875 0.71875
0.953125 0.734375
0.9375 0.734375
0.96875 0.734375
0.953125 0.75
0.9375 0.75
0.96875 0.75
0.953125 0.765625
0.9375 0.765625
0.96875 0.765625
0.953125 0.78125
0.9375 0.78125
0.96875 0.78125
0.953125 0.796875
0.9375 0.796875
0.96875 0.796875
0.953125 0.8125
0.9375 0.8125
0.96875 0.8125
0.953125 0.828125
0.9375 0.828125
0.96875 0.828125
0.953125 0.84375
0.9375 0.84375
0.96875 0.84375
0.953125 0.859375
0.9375 0.859375
0.96875 0.859375
0.953125 0.875
0.9375 0.875
0.96875 0.875
0.765625 0.9375
0.765625 0.953125
0.78125 0.9375
0.78125 0.953125
0.765625 0.96875
0.78125 0.96875
0.796875 0.9375
0.796875 0.953125
0.8125 0.9375
0.8125 0.953125
0.796875 0.96875
0.8125 0.96875
0.828125 0.9375
0.828125 0.953125
0.84375 0.9375
0.84375 0.953125
0.828125 0.96875
0.84375 0.96875
0.859375 0.9375
0.859375 0.953125
0.875 0.9375
0.875 0.953125
0.859375 0.96875
0.875 0.96875
0.953125 0.890625
0.9375 0.890625
0.96875 0.890625
0.953125 0.90625
0.9375 0.90625
0.96875 0.90625
0.953125 0.921875
0.9375 0.921875
0.96875 0.921875
0.953125 0.9375
0.9375 0.9375
0.96875 0.9375
0.890625 0.9375
0.890625 0.953125
0.90625 0.9375
0.90625 0.953125
0.890625 0.96875
0.90625 0.96875
0.921875 0.9375
0.921875 0.953125
0.9375 0.953125
0.921875 0.96875
0.9375 0.96875
0.953125 0.953125
0.96875 0.953125
0.953125 0.96875
0.96875 0.96875
0.125 0.125
0.1875 0.125
0.25 0.125
0.125 0.1875
0.125 0.25
0.1875 0.1875
0.25 0.1875
0.1875 0.25
0.25 0.25
0.125 0.3125
0.125 0.375
0.1875 0.3125
0.25 0.3125
0.1875 0.375
0.25 0.375
0.125 0.4375
0.125 0.5
0.1875 0.4375
0.25 0.4375
0.1875 0.5
0.25 0.5
0.125 0.5625
0.125 0.625
0.1875 0.5625
0.25 0.5625
0.1875 0.625
0.25 0.625
0.125 0.6875
0.125 0.75
0.1875 0.6875
0.25 0.6875
0.1875 0.75
0.25 0.75
0.125 0.8125
0.125 0.875
0.1875 0.8125
0.25 0.8125
0.1875 0.875
0.25 0.875
0.3125 0.125
0.375 0.125
0.4375 0.125
0.5 0.125
0.3125 0.1875
0.375 0.1875
0.3125 0.25
0.375 0.25
0.4375 0.1875
0.5 0.1875
0.4375 0.25
0.5 0.25
0.3125 0.75
0.3125 0.8125
0.375 0.75
0.375 0.8125
0.3125 0.875
0.375 0.875
0.4375 0.75
0.4375 0.8125
0.5 0.75
0.5 0.8125
0.4375 0.875
0.5 0.875
0.5625 0.125
0.625 0.125
0.6875 0.125
0.75 0.125
0.5625 0.1875
0.625 0.1875
0.5625 0.25
0.625 0.25
0.6875 0.1875
0.75 0.1875
0.6875 0.25
0.75 0.25
0.5625 0.75
0.5625 0.8125
0.625 0.75
0.625 0.8125
0.5625 0.875
0.625 0.875
0.6875 0.75
0.6875 0.8125
0.75 0.75
0.75 0.8125
0.6875 0.875
0.75 0.875
0.8125 0.125
0.875 0.125
0.8125 0.1875
0.875 0.1875
0.8125 0.25
0.875 0.25
0.8125 0.3125
0.75 0.3125
0.875 0.3125
0.8125 0.375
0.75 0.375
0.875 0.375
0.8125 0.4375
0.75 0.4375
0.875 0.4375
0.8125 0.5
0.75 0.5
0.875 0.5
0.8125 0.5625
0.75 0.5625
0.875 0.5625
0.8125 0.625
0.75 0.625
0.875 0.625
0.8125 0.6875
0.75 0.6875
0.875 0.6875
0.8125 0.75
0.875 0.75
0.8125 0.8125
0.875 0.8125
0.8125 0.875
0.875 0.875
0.5 0.5
4 1 2 3 4
4 2 5 6 3
4 4 3 7 8
4 5 9 10 6
4 9 11 12 10
4 8 7 13 14
4 14 13 15 16
4 11 17 18 12
4 17 19 20 18
4 19 21 22 20
4 21 23 24 22
4 16 15 25 26
4 26 25 27 28
4 28 27 29 30
4 30 29 31 32
4 23 33 34 24
4 33 35 36 34
4 35 37 38 36
4 37 39 40 38
4 39 41 42 40
4 41 43 44 42
4 43 45 46 44
4 45 47 48 46
4 32 31 49 50
4 50 49 51 52
4 52 51 53 54
4 54 53 55 56
4 56 55 57 58
4 58 57 59 60
4 60 59 61 62
4 62 61 63 64
4 64 63 65 66
4 66 65 67 68
4 68 67 69 70
4 70 69 71 72
4 72 71 73 74
4 74 73 75 76
4 76 75 77 78
4 78 77 79 80
4 80 79 81 82
4 82 81 83 84
4 84 83 85 86
4 86 85 87 88
4 88 87 89 90
4 90 89 91 92
4 92 91 93 94
4 94 93 95 96
4 96 95 97 98
4 98 97 99 100
4 100 99 101 102
4 102 101 103 104
4 104 103 105 106
4 106 105 107 108
4 108 107 109 110
4 110 109 111 112
4 112 111 113 114
4 114 113 115 116
4 116 115 117 118
4 118 117 119 120
4 120 119 121 122
4 122 121 123 124
4 124 123 125 126
4 126 125 127 128
4 128 127 129 130
4 130 129 131 132
4 132 131 133 134
4 134 133 135 136
4 136 135 137 138
4 138 137 139 140
4 140 139 141 142
4 142 141 143 144
4 144 143 145 146
4 146 145 147 148
4 148 147 149 150
4 150 149 151 152
4 152 151 153 154
4 154 153 155 156
4 156 155 157 158
4 158 157 159 160
4 157 161 162 159
4 161 163 164 162
4 163 165 166 164
4 165 167 168 166
4 167 169 170 168
4 169 171 172 170
4 171 173 174 172
4 173 175 176 174
4 175 177 178 176
4 177 179 180 178
4 179 181 182 180
4 181 183 184 182
4 183 185 186 184
4 185 187 188 186
4 187 189 190 188
4 47 191 192 48
4 191 193 194 192
4 193 195 196 194
4 195 197 198 196
4 197 199 200 198
4 199 201 202 200
4 201 203 204 202
4 203 205 206 204
4 205 207 208 206
4 207 209 210 208
4 209 211 212 210
4 211 213 214 212
4 213 215 216 214
4 215 217 218 216
4 217 219 220 218
4 219 221 222 220
4 189 223 224 190
4 223 225 226 224
4 225 227 228 226
4 227 229 230 228
4 229 231 232 230
4 231 233 234 232
4 233 235 236 234
4 235 237 238 236
4 237 239 240 238
4 239 241 242 240
4 241 243 244 242
4 243 245 246 244
4 245 247 248 246
4 247 249 250 248
4 249 251 252 250
4 251 253 254 252
4 221 255 256 222
4 255 257 258 256
4 257 259 260 258
4 259 261 262 260
4 261 263 264 262
4 263 265 266 264
4 265 267 268 266
4 267 269 270 268
4 269 271 272 270
4 271 273 274 272
4 273 275 276 274
4 275 277 278 276
4 277 279 280 278
4 279 281 282 280
4 281 283 284 282
4 283 285 286 284
4 253 287 288 254
4 287 289 290 288
4 289 291 292 290
4 291 293 294 292
4 293 295 296 294
4 295 297 298 296
4 297 299 300 298
4 299 301 302 300
4 301 303 304 302
4 303 305 306 304
4 305 307 308 306
4 307 309 310 308
4 309 311 312 310
4 311 313 314 312
4 313 315 316 314
4 315 317 318 316
4 285 319 320 286
4 319 321 322 320
4 321 323 324 322
4 323 325 326 324
4 325 327 328 326
4 327 329 330 328
4 329 331 332 330
4 331 333 334 332
4 333 335 336 334
4 335 337 338 336
4 337 339 340 338
4 339 341 342 340
4 341 343 344 342
4 343 345 346 344
4 345 347 348 346
4 347 349 350 348
4 348 350 351 352
4 352 351 353 354
4 354 353 355 356
4 356 355 357 358
4 358 357 359 360
4 360 359 361 362
4 362 361 363 364
4 364 363 365 366
4 366 365 367 368
4 368 367 369 370
4 370 369 371 372
4 372 371 373 374
4 374 373 375 376
4 376 375 377 378
4 378 377 379 380
4 380 379 381 382
4 382 381 383 384
4 384 383 385 386
4 386 385 387 388
4 388 387 389 390
4 390 389 391 392
4 392 391 393 394
4 394 393 395 396
4 396 395 397 398
4 398 397 399 400
4 400 399 401 402
4 402 401 403 404
4 404 403 405 406
4 406 405 407 408
4 408 407 409 410
4 410 409 411 412
4 412 411 413 414
4 414 413 415 416
4 416 415 417 418
4 418 417 419 420
4 420 419 421 422
4 422 421 423 424
4 424 423 425 426
4 426 425 427 428
4 428 427 429 430
4 430 429 431 432
4 432 431 433 434
4 434 433 435 436
4 436 435 437 438
4 438 437 439 440
4 440 439 441 442
4 442 441 443 444
4 444 443 445 446
4 446 445 447 448
4 448 447 449 450
4 450 449 451 452
4 452 451 453 454
4 454 453 455 456
4 456 455 457 458
4 458 457 459 460
4 317 461 462 318
4 461 463 464 462
4 463 465 466 464
4 465 467 468 466
4 467 469 470 468
4 469 471 472 470
4 471 473 474 472
4 473 475 476 474
4 460 459 477 478
4 478 477 479 480
4 480 479 481 482
4 482 481 483 484
4 475 485 486 476
4 485 487 488 486
4 487 489 490 488
4 489 491 492 490
4 484 483 493 494
4 494 493 495 496
4 491 497 498 492
4 497 499 500 498
4 496 495 501 502
4 499 502 503 500
4 502 501 504 503
4 3 6 505 7
4 6 10 506 505
4 10 12 507 506
4 7 505 508 13
4 13 508 509 15
4 505 506 510 508
4 506 507 511 510
4 508 510 512 509
4 510 511 513 512
4 12 18 514 507
4 18 20 515 514
4 20 22 516 515
4 22 24 517 516
4 507 514 518 511
4 514 515 519 518
4 511 518 520 513
4 518 519 521 520
4 515 516 522 519
4 516 517 523 522
4 519 522 524 521
4 522 523 525 524
4 15 509 526 25
4 25 526 527 27
4 509 512 528 526
4 512 513 529 528
4 526 528 530 527
4 528 529 531 530
4 27 527 532 29
4 29 532 533 31
4 527 530 534 532
4 530 531 535 534
4 532 534 536 533
4 534 535 537 536
4 24 34 538 517
4 34 36 539 538
4 36 38 540 539
4 38 40 541 540
4 517 538 542 523
4 538 539 543 542
4 523 542 544 525
4 542 543 545 544
4 539 540 546 543
4 540 541 547 546
4 543 546 548 545
4 546 547 549 548
4 40 42 550 541
4 42 44 551 550
4 44 46 552 551
4 46 48 553 552
4 541 550 554 547
4 550 551 555 554
4 547 554 556 549
4 554 555 557 556
4 551 552 558 555
4 552 553 559 558
4 555 558 560 557
4 558 559 561 560
4 31 533 562 49
4 49 562 563 51
4 533 536 564 562
4 536 537 565 564
4 562 564 566 563
4 564 565 567 566
4 51 563 568 53
4 53 568 569 55
4 563 566 570 568
4 566 567 571 570
4 568 570 572 569
4 570 571 573 572
4 55 569 574 57
4 57 574 575 59
4 569 572 576 574
4 572 573 577 576
4 574 576 578 575
4 576 577 579 578
4 59 575 580 61
4 61 580 581 63
4 575 578 582 580
4 578 579 583 582
4 580 582 584 581
4 582 583 585 584
4 63 581 586 65
4 65 586 587 67
4 581 584 588 586
4 584 585 589 588
4 586 588 590 587
4 588 589 591 590
4 67 587 592 69
4 69 592 593 71
4 587 590 594 592
4 590 591 595 594
4 592 594 596 593
4 594 595 597 596
4 71 593 598 73
4 73 598 599 75
4 593 596 600 598
4 596 597 601 600
4 598 600 602 599
4 600 601 603 602
4 75 599 604 77
4 77 604 605 79
4 599 602 606 604
4 602 603 607 606
4 604 606 608 605
4 606 607 609 608
4 79 605 610 81
4 81 610 611 83
4 605 608 612 610
4 608 609 613 612
4 610 612 614 611
4 612 613 615 614
4 83 611 616 85
4 85 616 617 87
4 611 614 618 616
4 614 615 619 618
4 616 618 620 617
4 618 619 621 620
4 87 617 622 89
4 89 622 623 91
4 617 620 624 622
4 620 621 625 624
4 622 624 626 623
4 624 625 627 626
4 91 623 628 93
4 93 628 629 95
4 623 626 630 628
4 626 627 631 630
4 628 630 632 629
4 630 631 633 632
4 95 629 634 97
4 97 634 635 99
4 629 632 636 634
4 632 633 637 636
4 634 636 638 635
4 636 637 639 638
4 99 635 640 101
4 101 640 641 103
4 635 638 642 640
4 638 639 643 642
4 640 642 644 641
4 642 643 645 644
4 103 641 646 105
4 105 646 647 107
4 641 644 648 646
4 644 645 649 648
4 646 648 650 647
4 648 649 651 650
4 107 647 652 109
4 109 652 653 111
4 647 650 654 652
4 650 651 655 654
4 652 654 656 653
4 654 655 657 656
4 111 653 658 113
4 113 658 659 115
4 653 656 660 658
4 656 657 661 660
4 658 660 662 659
4 660 661 663 662
4 115 659 664 117
4 117 664 665 119
4 659 662 666 664
4 662 663 667 666
4 664 666 668 665
4 666 667 669 668
4 119 665 670 121
4 121 670 671 123
4 665 668 672 670
4 668 669 673 672
4 670 672 674 671
4 672 673 675 674
4 123 671 676 125
4 125 676 677 127
4 671 674 678 676
4 674 675 679 678
4 676 678 680 677
4 678 679 681 680
4 127 677 682 129
4 129 682 683 131
4 677 680 684 682
4 680 681 685 684
4 682 684 686 683
4 684 685 687 686
4 131 683 688 133
4 133 688 689 135
4 683 686 690 688
4 686 687 691 690
4 688 690 692 689
4 690 691 693 692
4 135 689 694 137
4 137 694 695 139
4 689 692 696 694
4 692 693 697 696
4 694 696 698 695
4 696 697 699 698
4 139 695 700 141
4 141 700 701 143
4 695 698 702 700
4 698 699 703 702
4 700 702 704 701
4 702 703 705 704
4 143 701 706 145
4 145 706 707 147
4 701 704 708 706
4 704 705 709 708
4 706 708 710 707
4 708 709 711 710
4 147 707 712 149
4 149 712 713 151
4 707 710 714 712
4 710 711 715 714
4 712 714 716 713
4 714 715 717 716
4 151 713 718 153
4 153 718 719 155
4 713 716 720 718
4 716 717 721 720
4 718 720 722 719
4 720 721 723 722
4 155 719 161 157
4 719 722 163 161
4 722 723 165 163
4 717 724 725 721
4 724 726 727 725
4 721 725 728 723
4 725 727 729 728
4 726 730 731 727
4 730 732 733 731
4 727 731 734 729
4 731 733 735 734
4 723 728 167 165
4 728 729 169 167
4 729 734 171 169
4 734 735 173 171
4 732 736 737 733
4 736 738 739 737
4 733 737 740 735
4 737 739 741 740
4 738 742 743 739
4 742 744 745 743
4 739 743 746 741
4 743 745 747 746
4 735 740 175 173
4 740 741 177 175
4 741 746 179 177
4 746 747 181 179
4 744 748 749 745
4 748 750 751 749
4 745 749 752 747
4 749 751 753 752
4 750 754 755 751
4 754 756 757 755
4 751 755 758 753
4 755 757 759 758
4 747 752 183 181
4 752 753 185 183
4 753 758 187 185
4 758 759 189 187
4 48 192 760 553
4 192 194 761 760
4 194 196 762 761
4 196 198 763 762
4 553 760 764 559
4 760 761 765 764
4 559 764 766 561
4 764 765 767 766
4 761 762 768 765
4 762 763 769 768
4 765 768 770 767
4 768 769 771 770
4 198 200 772 763
4 200 202 773 772
4 202 204 774 773
4 204 206 775 774
4 763 772 776 769
4 772 773 777 776
4 769 776 778 771
4 776 777 779 778
4 773 774 780 777
4 774 775 781 780
4 777 780 782 779
4 780 781 783 782
4 206 208 784 775
4 208 210 785 784
4 210 212 786 785
4 212 214 787 786
4 775 784 788 781
4 784 785 789 788
4 781 788 790 783
4 788 789 791 790
4 785 786 792 789
4 786 787 793 792
4 789 792 794 791
4 792 793 795 794
4 214 216 796 787
4 216 218 797 796
4 218 220 798 797
4 220 222 799 798
4 787 796 800 793
4 796 797 801 800
4 793 800 802 795
4 800 801 803 802
4 797 798 804 801
4 798 799 805 804
4 801 804 806 803
4 804 805 807 806
4 756 808 809 757
4 808 810 811 809
4 757 809 812 759
4 809 811 813 812
4 810 814 815 811
4 814 816 817 815
4 811 815 818 813
4 815 817 819 818
4 759 812 223 189
4 812 813 225 223
4 813 818 227 225
4 818 819 229 227
4 816 820 821 817
4 820 822 823 821
4 817 821 824 819
4 821 823 825 824
4 822 826 827 823
4 826 828 829 827
4 823 827 830 825
4 827 829 831 830
4 819 824 231 229
4 824 825 233 231
4 825 830 235 233
4 830 831 237 235
4 828 832 833 829
4 832 834 835 833
4 829 833 836 831
4 833 835 837 836
4 834 838 839 835
4 838 840 841 839
4 835 839 842 837
4 839 841 843 842
4 831 836 239 237
4 836 837 241 239
4 837 842 243 241
4 842 843 245 243
4 840 844 845 841
4 844 846 847 845
4 841 845 848 843
4 845 847 849 848
4 846 850 851 847
4 850 852 853 851
4 847 851 854 849
4 851 853 855 854
4 843 848 247 245
4 848 849 249 247
4 849 854 251 249
4 854 855 253 251
4 222 256 856 799
4 256 258 857 856
4 258 260 858 857
4 260 262 859 858
4 799 856 860 805
4 856 857 861 860
4 805 860 862 807
4 860 861 863 862
4 857 858 864 861
4 858 859 865 864
4 861 864 866 863
4 864 865 867 866
4 262 264 868 859
4 264 266 869 868
4 266 268 870 869
4 268 270 871 870
4 859 868 872 865
4 868 869 873 872
4 865 872 874 867
4 872 873 875 874
4 869 870 876 873
4 870 871 877 876
4 873 876 878 875
4 876 877 879 878
4 270 272 880 871
4 272 274 881 880
4 274 276 882 881
4 276 278 883 882
4 871 880 884 877
4 880 881 885 884
4 877 884 886 879
4 884 885 887 886
4 881 882 888 885
4 882 883 889 888
4 885 888 890 887
4 888 889 891 890
4 278 280 892 883
4 280 282 893 892
4 282 284 894 893
4 284 286 895 894
4 883 892 896 889
4 892 893 897 896
4 889 896 898 891
4 896 897 899 898
4 893 894 900 897
4 894 895 901 900
4 897 900 902 899
4 900 901 903 902
4 852 904 905 853
4 904 906 907 905
4 853 905 908 855
4 905 907 909 908
4 906 910 911 907
4 910 912 913 911
4 907 911 914 909
4 911 913 915 914
4 855 908 287 253
4 908 909 289 287
4 909 914 291 289
4 914 915 293 291
4 912 916 917 913
4 916 918 919 917
4 913 917 920 915
4 917 919 921 920
4 918 922 923 919
4 922 924 925 923
4 919 923 926 921
4 923 925 927 926
4 915 920 295 293
4 920 921 297 295
4 921 926 299 297
4 926 927 301 299
4 924 928 929 925
4 928 930 931 929
4 925 929 932 927
4 929 931 933 932
4 930 934 935 931
4 934 936 937 935
4 931 935 938 933
4 935 937 939 938
4 927 932 303 301
4 932 933 305 303
4 933 938 307 305
4 938 939 309 307
4 936 940 941 937
4 940 942 943 941
4 937 941 944 939
4 941 943 945 944
4 942 946 947 943
4 946 948 949 947
4 943 947 950 945
4 947 949 951 950
4 939 944 311 309
4 944 945 313 311
4 945 950 315 313
4 950 951 317 315
4 286 320 952 895
4 320 322 953 952
4 322 324 954 953
4 324 326 955 954
4 895 952 956 901
4 952 953 957 956
4 901 956 958 903
4 956 957 959 958
4 953 954 960 957
4 954 955 961 960
4 957 960 962 959
4 960 961 963 962
4 326 328 964 955
4 328 330 965 964
4 330 332 966 965
4 332 334 967 966
4 955 964 968 961
4 964 965 969 968
4 961 968 970 963
4 968 969 971 970
4 965 966 972 969
4 966 967 973 972
4 969 972 974 971
4 972 973 975 974
4 334 336 976 967
4 336 338 977 976
4 338 340 978 977
4 340 342 979 978
4 967 976 980 973
4 976 977 981 980
4 973 980 982 975
4 980 981 983 982
4 977 978 984 981
4 978 979 985 984
4 981 984 986 983
4 984 985 987 986
4 342 344 988 979
4 344 346 989 988
4 346 348 352 989
4 979 988 990 985
4 988 989 991 990
4 985 990 992 987
4 990 991 993 992
4 989 352 354 991
4 991 354 356 993
4 987 992 994 995
4 992 993 996 994
4 995 994 997 998
4 994 996 999 997
4 993 356 358 996
4 996 358 360 999
4 998 997 1000 1001
4 997 999 1002 1000
4 1001 1000 1003 1004
4 1000 1002 1005 1003
4 999 360 362 1002
4 1002 362 364 1005
4 1004 1003 1006 1007
4 1003 1005 1008 1006
4 1007 1006 1009 1010
4 1006 1008 1011 1009
4 1005 364 366 1008
4 1008 366 368 1011
4 1010 1009 1012 1013
4 1009 1011 1014 1012
4 1013 1012 1015 1016
4 1012 1014 1017 1015
4 1011 368 370 1014
4 1014 370 372 1017
4 1016 1015 1018 1019
4 1015 1017 1020 1018
4 1019 1018 1021 1022
4 1018 1020 1023 1021
4 1017 372 374 1020
4 1020 374 376 1023
4 1022 1021 1024 1025
4 1021 1023 1026 1024
4 1025 1024 1027 1028
4 1024 1026 1029 1027
4 1023 376 378 1026
4 1026 378 380 1029
4 1028 1027 1030 1031
4 1027 1029 1032 1030
4 1031 1030 1033 1034
4 1030 1032 1035 1033
4 1029 380 382 1032
4 1032 382 384 1035
4 1034 1033 1036 1037
4 1033 1035 1038 1036
4 1037 1036 1039 1040
4 1036 1038 1041 1039
4 1035 384 386 1038
4 1038 386 388 1041
4 1040 1039 1042 1043
4 1039 1041 1044 1042
4 1043 1042 1045 1046
4 1042 1044 1047 1045
4 1041 388 390 1044
4 1044 390 392 1047
4 1046 1045 1048 1049
4 1045 1047 1050 1048
4 1049 1048 1051 1052
4 1048 1050 1053 1051
4 1047 392 394 1050
4 1050 394 396 1053
4 1052 1051 1054 1055
4 1051 1053 1056 1054
4 1055 1054 1057 1058
4 1054 1056 1059 1057
4 1053 396 398 1056
4 1056 398 400 1059
4 1058 1057 1060 1061
4 1057 1059 1062 1060
4 1061 1060 1063 1064
4 1060 1062 1065 1063
4 1059 400 402 1062
4 1062 402 404 1065
4 1064 1063 1066 1067
4 1063 1065 1068 1066
4 1067 1066 1069 1070
4 1066 1068 1071 1069
4 1065 404 406 1068
4 1068 406 408 1071
4 1070 1069 1072 1073
4 1069 1071 1074 1072
4 1073 1072 1075 1076
4 1072 1074 1077 1075
4 1071 408 410 1074
4 1074 410 412 1077
4 1076 1075 1078 1079
4 1075 1077 1080 1078
4 1079 1078 1081 1082
4 1078 1080 1083 1081
4 1077 412 414 1080
4 1080 414 416 1083
4 1082 1081 1084 1085
4 1081 1083 1086 1084
4 1085 1084 1087 1088
4 1084 1086 1089 1087
4 1083 416 418 1086
4 1086 418 420 1089
4 1088 1087 1090 1091
4 1087 1089 1092 1090
4 1091 1090 1093 1094
4 1090 1092 1095 1093
4 1089 420 422 1092
4 1092 422 424 1095
4 1094 1093 1096 1097
4 1093 1095 1098 1096
4 1097 1096 1099 1100
4 1096 1098 1101 1099
4 1095 424 426 1098
4 1098 426 428 1101
4 1100 1099 1102 1103
4 1099 1101 1104 1102
4 1103 1102 1105 1106
4 1102 1104 1107 1105
4 1101 428 430 1104
4 1104 430 432 1107
4 1106 1105 1108 1109
4 1105 1107 1110 1108
4 1109 1108 1111 1112
4 1108 1110 1113 1111
4 1107 432 434 1110
4 1110 434 436 1113
4 1112 1111 1114 1115
4 1111 1113 1116 1114
4 1115 1114 1117 1118
4 1114 1116 1119 1117
4 1113 436 438 1116
4 1116 438 440 1119
4 1118 1117 1120 1121
4 1117 1119 1122 1120
4 1121 1120 1123 1124
4 1120 1122 1125 1123
4 1119 440 442 1122
4 1122 442 444 1125
4 1124 1123 1126 1127
4 1123 1125 1128 1126
4 1127 1126 1129 1130
4 1126 1128 1131 1129
4 1125 444 446 1128
4 1128 446 448 1131
4 1130 1129 1132 1133
4 1129 1131 1134 1132
4 1133 1132 1135 1136
4 1132 1134 1137 1135
4 1131 448 450 1134
4 1134 450 452 1137
4 1136 1135 1138 1139
4 1135 1137 1140 1138
4 1139 1138 1141 1142
4 1138 1140 1143 1141
4 1137 452 454 1140
4 1140 454 456 1143
4 1142 1141 1144 1145
4 1141 1143 1146 1144
4 1145 1144 1147 1148
4 1144 1146 1149 1147
4 1143 456 458 1146
4 1146 458 460 1149
4 948 1150 1151 949
4 1150 1152 1153 1151
4 949 1151 1154 951
4 1151 1153 1155 1154
4 1152 1156 1157 1153
4 1156 1158 1159 1157
4 1153 1157 1160 1155
4 1157 1159 1161 1160
4 951 1154 461 317
4 1154 1155 463 461
4 1155 1160 465 463
4 1160 1161 467 465
4 1158 1162 1163 1159
4 1162 1164 1165 1163
4 1159 1163 1166 1161
4 1163 1165 1167 1166
4 1164 1168 1169 1165
4 1168 1170 1171 1169
4 1165 1169 1172 1167
4 1169 1171 1173 1172
4 1161 1166 469 467
4 1166 1167 471 469
4 1167 1172 473 471
4 1172 1173 475 473
4 1148 1147 1174 1175
4 1147 1149 1176 1174
4 1175 1174 1177 1178
4 1174 1176 1179 1177
4 1149 460 478 1176
4 1176 478 480 1179
4 1178 1177 1180 1181
4 1177 1179 1182 1180
4 1181 1180 1183 1184
4 1180 1182 1185 1183
4 1179 480 482 1182
4 1182 482 484 1185
4 1170 1186 1187 1171
4 1186 1188 1189 1187
4 1171 1187 1190 1173
4 1187 1189 1191 1190
4 1188 1192 1193 1189
4 1192 1184 1194 1193
4 1189 1193 1195 1191
4 1193 1194 1196 1195
4 1173 1190 485 475
4 1190 1191 487 485
4 1191 1195 489 487
4 1195 1196 491 489
4 1184 1183 1197 1194
4 1183 1185 1198 1197
4 1194 1197 1199 1196
4 1197 1198 1200 1199
4 1185 484 494 1198
4 1198 494 496 1200
4 1196 1199 497 491
4 1199 1200 499 497
4 1200 496 502 499
10 513 520 521 524 525 1201 537 535 531 529
7 525 544 545 548 549 1202 1201
7 549 556 557 560 561 1203 1202
7 537 1201 1204 573 571 567 565
7 573 1204 1205 585 583 579 577
4 1201 1202 1206 1204
4 1202 1203 1207 1206
4 1204 1206 1208 1205
4 1206 1207 1209 1208
7 585 1205 1210 597 595 591 589
7 597 1210 1211 609 607 603 601
4 1205 1208 1212 1210
4 1208 1209 1213 1212
4 1210 1212 1214 1211
4 1212 1213 1215 1214
7 609 1211 1216 621 619 615 613
7 621 1216 1217 633 631 627 625
4 1211 1214 1218 1216
4 1214 1215 1219 1218
4 1216 1218 1220 1217
4 1218 1219 1221 1220
7 633 1217 1222 645 643 639 637
7 645 1222 1223 657 655 651 649
4 1217 1220 1224 1222
4 1220 1221 1225 1224
4 1222 1224 1226 1223
4 1224 1225 1227 1226
7 657 1223 1228 669 667 663 661
7 669 1228 1229 681 679 675 673
4 1223 1226 1230 1228
4 1226 1227 1231 1230
4 1228 1230 1232 1229
4 1230 1231 1233 1232
7 681 1229 1234 693 691 687 685
7 693 1234 1235 705 703 699 697
4 1229 1232 1236 1234
4 1232 1233 1237 1236
4 1234 1236 1238 1235
4 1236 1237 1239 1238
10 705 1235 732 730 726 724 717 715 711 709
7 1235 1238 744 742 738 736 732
7 1238 1239 756 754 750 748 744
7 561 766 767 770 771 1240 1203
7 771 778 779 782 783 1241 1240
7 783 790 791 794 795 1242 1241
7 795 802 803 806 807 1243 1242
4 1203 1240 1244 1207
4 1240 1241 1245 1244
4 1207 1244 1246 1209
4 1244 1245 1247 1246
4 1241 1242 1248 1245
4 1242 1243 1249 1248
4 1245 1248 1250 1247
4 1248 1249 1251 1250
4 1233 1252 1253 1237
4 1252 1254 1255 1253
4 1237 1253 1256 1239
4 1253 1255 1257 1256
4 1254 1258 1259 1255
4 1258 1260 1261 1259
4 1255 1259 1262 1257
4 1259 1261 1263 1262
7 1239 1256 816 814 810 808 756
7 1256 1257 828 826 822 820 816
7 1257 1262 840 838 834 832 828
7 1262 1263 852 850 846 844 840
7 807 862 863 866 867 1264 1243
7 867 874 875 878 879 1265 1264
7 879 886 887 890 891 1266 1265
7 891 898 899 902 903 1267 1266
4 1243 1264 1268 1249
4 1264 1265 1269 1268
4 1249 1268 1270 1251
4 1268 1269 1271 1270
4 1265 1266 1272 1269
4 1266 1267 1273 1272
4 1269 1272 1274 1271
4 1272 1273 1275 1274
4 1260 1276 1277 1261
4 1276 1278 1279 1277
4 1261 1277 1280 1263
4 1277 1279 1281 1280
4 1278 1282 1283 1279
4 1282 1284 1285 1283
4 1279 1283 1286 1281
4 1283 1285 1287 1286
7 1263 1280 912 910 906 904 852
7 1280 1281 924 922 918 916 912
7 1281 1286 936 934 930 928 924
7 1286 1287 948 946 942 940 936
7 903 958 959 962 963 1288 1267
7 963 970 971 974 975 1289 1288
10 975 982 983 986 987 995 998 1001 1004 1289
4 1267 1288 1290 1273
4 1288 1289 1291 1290
4 1273 1290 1292 1275
4 1290 1291 1293 1292
7 1289 1004 1007 1010 1013 1016 1291
7 1291 1016 1019 1022 1025 1028 1293
4 1275 1292 1294 1295
4 1292 1293 1296 1294
4 1295 1294 1297 1298
4 1294 1296 1299 1297
7 1293 1028 1031 1034 1037 1040 1296
7 1296 1040 1043 1046 1049 1052 1299
4 1298 1297 1300 1301
4 1297 1299 1302 1300
4 1301 1300 1303 1304
4 1300 1302 1305 1303
7 1299 1052 1055 1058 1061 1064 1302
7 1302 1064 1067 1070 1073 1076 1305
4 1304 1303 1306 1307
4 1303 1305 1308 1306
4 1307 1306 1309 1310
4 1306 1308 1311 1309
7 1305 1076 1079 1082 1085 1088 1308
7 1308 1088 1091 1094 1097 1100 1311
4 1310 1309 1312 1313
4 1309 1311 1314 1312
4 1313 1312 1315 1284
4 1312 1314 1316 1315
7 1311 1100 1103 1106 1109 1112 1314
7 1314 1112 1115 1118 1121 1124 1316
4 1284 1315 1317 1285
4 1315 1316 1318 1317
4 1285 1317 1319 1287
4 1317 1318 1320 1319
7 1316 1124 1127 1130 1133 1136 1318
7 1318 1136 1139 1142 1145 1148 1320
7 1287 1319 1158 1156 1152 1150 948
7 1319 1320 1170 1168 1164 1162 1158
10 1320 1148 1175 1178 1181 1184 1192 1188 1186 1170
10 1209 1246 1247 1250 1251 1321 1221 1219 1215 1213
10 1221 1321 1260 1258 1254 1252 1233 1231 1227 1225
10 1251 1270 1271 1274 1275 1295 1298 1301 1304 1321
10 1321 1304 1307 1310 1313 1284 1282 1278 1276 1260
1 2 4 5 8 9 11 14 16 17 19 21 23 26 28 30 32 33 35 37 39 41 43 45 47 50 52 54 56 58 60 62 64 66 68 70 72 74 76 78 80 82 84 86 88 90 92 94 96 98 100 102 104 106 108 110 112 114 116 118 120 122 124 126 128 130 132 134 136 138 140 142 144 146 148 150 152 154 156 158 159 160 162 164 166 168 170 172 174 176 178 180 182 184 186 188 190 191 193 195 197 199 201 203 205 207 209 211 213 215 217 219 221 224 226 228 230 232 234 236 238 240 242 244 246 248 250 252 254 255 257 259 261 263 265 267 269 271 273 275 277 279 281 283 285 288 290 292 294 296 298 300 302 304 306 308 310 312 314 316 318 319 321 323 325 327 329 331 333 335 337 339 341 343 345 347 349 350 351 353 355 357 359 361 363 365 367 369 371 373 375 377 379 381 383 385 387 389 391 393 395 397 399 401 403 405 407 409 411 413 415 417 419 421 423 425 427 429 431 433 435 437 439 441 443 445 447 449 451 453 455 457 459 462 464 466 468 470 472 474 476 477 479 481 483 486 488 490 492 493 495 498 500 501 503 504
