417 352 1
0 0
0.0625 0
0.0625 0.0625
0 0.0625
0.125 0
0.125 0.0625
0.0625 0.125
0 0.125
0.125 0.125
0.1875 0
0.1875 0.0625
0.25 0
0.25 0.0625
0.1875 0.125
0.25 0.125
0.0625 0.1875
0 0.1875
0.125 0.1875
0.0625 0.25
0 0.25
0.125 0.25
0.1875 0.1875
0.25 0.1875
0.1875 0.25
0.25 0.25
0.0625 0.3125
0 0.3125
0.125 0.3125
0.0625 0.375
0 0.375
0.125 0.375
0.1875 0.3125
0.25 0.3125
0.1875 0.375
0.25 0.375
0.0625 0.4375
0 0.4375
0.125 0.4375
0.0625 0.5
0 0.5
0.125 0.5
0.1875 0.4375
0.25 0.4375
0.1875 0.5
0.25 0.5
0.0625 0.5625
0 0.5625
0.125 0.5625
0.0625 0.625
0 0.625
0.125 0.625
0.1875 0.5625
0.25 0.5625
0.1875 0.625
0.25 0.625
0.0625 0.6875
0 0.6875
0.125 0.6875
0.0625 0.75
0 0.75
0.125 0.75
0.1875 0.6875
0.25 0.6875
0.1875 0.75
0.25 0.75
0.0625 0.8125
0 0.8125
0.125 0.8125
0.0625 0.875
0 0.875
0.125 0.875
0.1875 0.8125
0.25 0.8125
0.1875 0.875
0.25 0.875
0.0625 0.9375
0 0.9375
0.125 0.9375
0.0625 1
0 1
0.125 1
0.1875 0.9375
0.25 0.9375
0.1875 1
0.25 1
0.3125 0
0.3125 0.0625
0.375 0
0.375 0.0625
0.3125 0.125
0.375 0.125
0.4375 0
0.4375 0.0625
0.5 0
0.5 0.0625
0.4375 0.125
0.5 0.125
0.3125 0.1875
0.375 0.1875
0.3125 0.25
0.375 0.25
0.4375 0.1875
0.5 0.1875
0.4375 0.25
0.5 0.25
0.3125 0.3125
0.375 0.3125
0.3125 0.375
0.375 0.375
0.4375 0.3125
0.5 0.3125
0.4375 0.375
0.5 0.375
0.3125 0.4375
0.375 0.4375
0.3125 0.5
0.375 0.5
0.4375 0.4375
0.5 0.4375
0.46875 0.4375
0.4375 0.46875
0.4375 0.5
0.46875 0.46875
0.5 0.46875
0.484375 0.46875
0.46875 0.484375
0.46875 0.5
0.484375 0.484375
0.5 0.484375
0.4921875 0.484375
0.484375 0.4921875
0.484375 0.5
0.4921875 0.4921875
0.5 0.4921875
0.49609375 0.4921875
0.4921875 0.49609375
0.4921875 0.5
0.49609375 0.49609375
0.5 0.49609375
0.498046875 0.49609375
0.49609375 0.498046875
0.49609375 0.5
0.498046875 0.498046875
0.5 0.498046875
0.4990234375 0.498046875
0.498046875 0.4990234375
0.498046875 0.5
0.4990234375 0.4990234375
0.5 0.4990234375
0.49951171875 0.4990234375
0.4990234375 0.49951171875
0.4990234375 0.5
0.49951171875 0.49951171875
0.5 0.49951171875
0.499755859375 0.49951171875
0.49951171875 0.499755859375
0.49951171875 0.5
0.499755859375 0.499755859375
0.5 0.499755859375
0.499755859375 0.5
0.5 0.5
0.3125 0.5625
0.375 0.5625
0.3125 0.625
0.375 0.625
0.4375 0.53125
0.4375 0.5625
0.46875 0.515625
0.46875 0.53125
0.484375 0.5078125
0.484375 0.515625
0.4921875 0.50390625
0.4921875 0.5078125
0.49609375 0.501953125
0.49609375 0.50390625
0.498046875 0.5009765625
0.498046875 0.501953125
0.4990234375 0.50048828125
0.4990234375 0.5009765625
0.49951171875 0.500244140625
0.49951171875 0.50048828125
0.499755859375 0.500244140625
0.5 0.500244140625
0.499755859375 0.50048828125
0.5 0.50048828125
0.49951171875 0.5009765625
0.5 0.5009765625
0.4990234375 0.501953125
0.5 0.501953125
0.498046875 0.50390625
0.5 0.50390625
0.49609375 0.5078125
0.5 0.5078125
0.4921875 0.515625
0.5 0.515625
0.484375 0.53125
0.5 0.53125
0.46875 0.5625
0.5 0.5625
0.4375 0.625
0.5 0.625
0.3125 0.6875
0.375 0.6875
0.3125 0.75
0.375 0.75
0.4375 0.6875
0.5 0.6875
0.4375 0.75
0.5 0.75
0.3125 0.8125
0.375 0.8125
0.3125 0.875
0.375 0.875
0.4375 0.8125
0.5 0.8125
0.4375 0.875
0.5 0.875
0.3125 0.9375
0.375 0.9375
0.3125 1
0.375 1
0.4375 0.9375
0.5 0.9375
0.4375 1
0.5 1
0.5625 0
0.5625 0.0625
0.625 0
0.625 0.0625
0.5625 0.125
0.625 0.125
0.6875 0
0.6875 0.0625
0.75 0
0.75 0.0625
0.6875 0.125
0.75 0.125
0.5625 0.1875
0.625 0.1875
0.5625 0.25
0.625 0.25
0.6875 0.1875
0.75 0.1875
0.6875 0.25
0.75 0.25
0.5625 0.3125
0.625 0.3125
0.5625 0.375
0.625 0.375
0.6875 0.3125
0.75 0.3125
0.6875 0.375
0.75 0.375
0.5625 0.4375
0.53125 0.4375
0.625 0.4375
0.53125 0.46875
0.515625 0.46875
0.5625 0.46875
0.515625 0.484375
0.5078125 0.484375
0.53125 0.484375
0.5078125 0.4921875
0.50390625 0.4921875
0.515625 0.4921875
0.50390625 0.49609375
0.501953125 0.49609375
0.5078125 0.49609375
0.501953125 0.498046875
0.5009765625 0.498046875
0.50390625 0.498046875
0.5009765625 0.4990234375
0.50048828125 0.4990234375
0.501953125 0.4990234375
0.50048828125 0.49951171875
0.500244140625 0.49951171875
0.5009765625 0.49951171875
0.500244140625 0.499755859375
0.50048828125 0.499755859375
0.500244140625 0.5
0.50048828125 0.5
0.5009765625 0.5
0.501953125 0.5
0.50390625 0.5
0.5078125 0.5
0.515625 0.5
0.53125 0.5
0.5625 0.5
0.625 0.5
0.6875 0.4375
0.75 0.4375
0.6875 0.5
0.75 0.5
0.500244140625 0.500244140625
0.50048828125 0.500244140625
0.500244140625 0.50048828125
0.50048828125 0.50048828125
0.5009765625 0.50048828125
0.50048828125 0.5009765625
0.5009765625 0.5009765625
0.501953125 0.5009765625
0.5009765625 0.501953125
0.501953125 0.501953125
0.50390625 0.501953125
0.501953125 0.50390625
0.50390625 0.50390625
0.5078125 0.50390625
0.50390625 0.5078125
0.5078125 0.5078125
0.515625 0.5078125
0.5078125 0.515625
0.515625 0.515625
0.53125 0.515625
0.515625 0.53125
0.53125 0.53125
0.5625 0.53125
0.53125 0.5625
0.5625 0.5625
0.625 0.5625
0.5625 0.625
0.625 0.625
0.6875 0.5625
0.75 0.5625
0.6875 0.625
0.75 0.625
0.5625 0.6875
0.625 0.6875
0.5625 0.75
0.625 0.75
0.6875 0.6875
0.75 0.6875
0.6875 0.75
0.75 0.75
0.5625 0.8125
0.625 0.8125
0.5625 0.875
0.625 0.875
0.6875 0.8125
0.75 0.8125
0.6875 0.875
0.75 0.875
0.5625 0.9375
0.625 0.9375
0.5625 1
0.625 1
0.6875 0.9375
0.75 0.9375
0.6875 1
0.75 1
0.8125 0
0.8125 0.0625
0.875 0
0.875 0.0625
0.8125 0.125
0.875 0.125
0.9375 0
0.9375 0.0625
1 0
1 0.0625
0.9375 0.125
1 0.125
0.8125 0.1875
0.875 0.1875
0.8125 0.25
0.875 0.25
0.9375 0.1875
1 0.1875
0.9375 0.25
1 0.25
0.8125 0.3125
0.875 0.3125
0.8125 0.375
0.875 0.375
0.9375 0.3125
1 0.3125
0.9375 0.375
1 0.375
0.8125 0.4375
0.875 0.4375
0.8125 0.5
0.875 0.5
0.9375 0.4375
1 0.4375
0.9375 0.5
1 0.5
0.8125 0.5625
0.875 0.5625
0.8125 0.625
0.875 0.625
0.9375 0.5625
1 0.5625
0.9375 0.625
1 0.625
0.8125 0.6875
0.875 0.6875
0.8125 0.75
0.875 0.75
0.9375 0.6875
1 0.6875
0.9375 0.75
1 0.75
0.8125 0.8125
0.875 0.8125
0.8125 0.875
0.875 0.875
0.9375 0.8125
1 0.8125
0.9375 0.875
1 0.875
0.8125 0.9375
0.875 0.9375
0.8125 1
0.875 1
0.9375 0.9375
1 0.9375
0.9375 1
1 1
4 1 2 3 4
4 2 5 6 3
4 4 3 7 8
4 3 6 9 7
4 5 10 11 6
4 10 12 13 11
4 6 11 14 9
4 11 13 15 14
4 8 7 16 17
4 7 9 18 16
4 17 16 19 20
4 16 18 21 19
4 9 14 22 18
4 14 15 23 22
4 18 22 24 21
4 22 23 25 24
4 20 19 26 27
4 19 21 28 26
4 27 26 29 30
4 26 28 31 29
4 21 24 32 28
4 24 25 33 32
4 28 32 34 31
4 32 33 35 34
4 30 29 36 37
4 29 31 38 36
4 37 36 39 40
4 36 38 41 39
4 31 34 42 38
4 34 35 43 42
4 38 42 44 41
4 42 43 45 44
4 40 39 46 47
4 39 41 48 46
4 47 46 49 50
4 46 48 51 49
4 41 44 52 48
4 44 45 53 52
4 48 52 54 51
4 52 53 55 54
4 50 49 56 57
4 49 51 58 56
4 57 56 59 60
4 56 58 61 59
4 51 54 62 58
4 54 55 63 62
4 58 62 64 61
4 62 63 65 64
4 60 59 66 67
4 59 61 68 66
4 67 66 69 70
4 66 68 71 69
4 61 64 72 68
4 64 65 73 72
4 68 72 74 71
4 72 73 75 74
4 70 69 76 77
4 69 71 78 76
4 77 76 79 80
4 76 78 81 79
4 71 74 82 78
4 74 75 83 82
4 78 82 84 81
4 82 83 85 84
4 12 86 87 13
4 86 88 89 87
4 13 87 90 15
4 87 89 91 90
4 88 92 93 89
4 92 94 95 93
4 89 93 96 91
4 93 95 97 96
4 15 90 98 23
4 90 91 99 98
4 23 98 100 25
4 98 99 101 100
4 91 96 102 99
4 96 97 103 102
4 99 102 104 101
4 102 103 105 104
4 25 100 106 33
4 100 101 107 106
4 33 106 108 35
4 106 107 109 108
4 101 104 110 107
4 104 105 111 110
4 107 110 112 109
4 110 111 113 112
4 35 108 114 43
4 108 109 115 114
4 43 114 116 45
4 114 115 117 116
4 109 112 118 115
5 112 113 119 120 118
5 115 118 121 122 117
4 118 120 123 121
5 120 119 124 125 123
5 121 123 126 127 122
4 123 125 128 126
5 125 124 129 130 128
5 126 128 131 132 127
4 128 130 133 131
5 130 129 134 135 133
5 131 133 136 137 132
4 133 135 138 136
5 135 134 139 140 138
5 136 138 141 142 137
4 138 140 143 141
5 140 139 144 145 143
5 141 143 146 147 142
4 143 145 148 146
5 145 144 149 150 148
5 146 148 151 152 147
4 148 150 153 151
5 150 149 154 155 153
5 151 153 156 157 152
4 153 155 158 156
4 155 154 159 158
4 156 158 160 157
4 158 159 161 160
4 45 116 162 53
4 116 117 163 162
4 53 162 164 55
4 162 163 165 164
5 117 122 166 167 163
5 122 127 168 169 166
5 127 132 170 171 168
5 132 137 172 173 170
5 137 142 174 175 172
5 142 147 176 177 174
5 147 152 178 179 176
5 152 157 180 181 178
4 157 160 182 180
4 160 161 183 182
4 180 182 184 181
4 182 183 185 184
4 178 181 186 179
5 181 184 185 187 186
4 176 179 188 177
5 179 186 187 189 188
4 174 177 190 175
5 177 188 189 191 190
4 172 175 192 173
5 175 190 191 193 192
4 170 173 194 171
5 173 192 193 195 194
4 168 171 196 169
5 171 194 195 197 196
4 166 169 198 167
5 169 196 197 199 198
4 163 167 200 165
5 167 198 199 201 200
4 55 164 202 63
4 164 165 203 202
4 63 202 204 65
4 202 203 205 204
4 165 200 206 203
4 200 201 207 206
4 203 206 208 205
4 206 207 209 208
4 65 204 210 73
4 204 205 211 210
4 73 210 212 75
4 210 211 213 212
4 205 208 214 211
4 208 209 215 214
4 211 214 216 213
4 214 215 217 216
4 75 212 218 83
4 212 213 219 218
4 83 218 220 85
4 218 219 221 220
4 213 216 222 219
4 216 217 223 222
4 219 222 224 221
4 222 223 225 224
4 94 226 227 95
4 226 228 229 227
4 95 227 230 97
4 227 229 231 230
4 228 232 233 229
4 232 234 235 233
4 229 233 236 231
4 233 235 237 236
4 97 230 238 103
4 230 231 239 238
4 103 238 240 105
4 238 239 241 240
4 231 236 242 239
4 236 237 243 242
4 239 242 244 241
4 242 243 245 244
4 105 240 246 111
4 240 241 247 246
4 111 246 248 113
4 246 247 249 248
4 241 244 250 247
4 244 245 251 250
4 247 250 252 249
4 250 251 253 252
5 113 248 254 255 119
4 248 249 256 254
5 119 255 257 258 124
4 255 254 259 257
5 124 258 260 261 129
4 258 257 262 260
5 129 261 263 264 134
4 261 260 265 263
5 134 264 266 267 139
4 264 263 268 266
5 139 267 269 270 144
4 267 266 271 269
5 144 270 272 273 149
4 270 269 274 272
5 149 273 275 276 154
4 273 272 277 275
4 154 276 278 159
4 276 275 279 278
4 159 278 280 161
4 278 279 281 280
5 275 277 282 281 279
5 272 274 283 282 277
5 269 271 284 283 274
5 266 268 285 284 271
5 263 265 286 285 268
5 260 262 287 286 265
5 257 259 288 287 262
5 254 256 289 288 259
4 249 252 290 256
4 252 253 291 290
4 256 290 292 289
4 290 291 293 292
4 161 280 294 183
4 280 281 295 294
4 183 294 296 185
4 294 295 297 296
5 281 282 298 297 295
5 185 296 297 299 187
4 297 298 300 299
5 282 283 301 300 298
5 187 299 300 302 189
4 300 301 303 302
5 283 284 304 303 301
5 189 302 303 305 191
4 303 304 306 305
5 284 285 307 306 304
5 191 305 306 308 193
4 306 307 309 308
5 285 286 310 309 307
5 193 308 309 311 195
4 309 310 312 311
5 286 287 313 312 310
5 195 311 312 314 197
4 312 313 315 314
5 287 288 316 315 313
5 197 314 315 317 199
4 315 316 318 317
5 288 289 319 318 316
5 199 317 318 320 201
4 318 319 321 320
4 289 292 322 319
4 292 293 323 322
4 319 322 324 321
4 322 323 325 324
4 201 320 326 207
4 320 321 327 326
4 207 326 328 209
4 326 327 329 328
4 321 324 330 327
4 324 325 331 330
4 327 330 332 329
4 330 331 333 332
4 209 328 334 215
4 328 329 335 334
4 215 334 336 217
4 334 335 337 336
4 329 332 338 335
4 332 333 339 338
4 335 338 340 337
4 338 339 341 340
4 217 336 342 223
4 336 337 343 342
4 223 342 344 225
4 342 343 345 344
4 337 340 346 343
4 340 341 347 346
4 343 346 348 345
4 346 347 349 348
4 234 350 351 235
4 350 352 353 351
4 235 351 354 237
4 351 353 355 354
4 352 356 357 353
4 356 358 359 357
4 353 357 360 355
4 357 359 361 360
4 237 354 362 243
4 354 355 363 362
4 243 362 364 245
4 362 363 365 364
4 355 360 366 363
4 360 361 367 366
4 363 366 368 365
4 366 367 369 368
4 245 364 370 251
4 364 365 371 370
4 251 370 372 253
4 370 371 373 372
4 365 368 374 371
4 368 369 375 374
4 371 374 376 373
4 374 375 377 376
4 253 372 378 291
4 372 373 379 378
4 291 378 380 293
4 378 379 381 380
4 373 376 382 379
4 376 377 383 382
4 379 382 384 381
4 382 383 385 384
4 293 380 386 323
4 380 381 387 386
4 323 386 388 325
4 386 387 389 388
4 381 384 390 387
4 384 385 391 390
4 387 390 392 389
4 390 391 393 392
4 325 388 394 331
4 388 389 395 394
4 331 394 396 333
4 394 395 397 396
4 389 392 398 395
4 392 393 399 398
4 395 398 400 397
4 398 399 401 400
4 333 396 402 339
4 396 397 403 402
4 339 402 404 341
4 402 403 405 404
4 397 400 406 403
4 400 401 407 406
4 403 406 408 405
4 406 407 409 408
4 341 404 410 347
4 404 405 411 410
4 347 410 412 349
4 410 411 413 412
4 405 408 414 411
4 408 409 415 414
4 411 414 416 413
4 414 415 417 416
1 2 4 5 8 10 12 17 20 27 30 37 40 47 50 57 60 67 70 77 79 80 81 84 85 86 88 92 94 220 221 224 225 226 228 232 234 344 345 348 349 350 352 356 358 359 361 367 369 375 377 383 385 391 393 399 401 407 409 412 413 415 416 417
