177 132 1
0 0
0.166666666666667 0
0.166666666666667 0.166666666666667
0 0.166666666666667
0.166666666666667 0.333333333333333
0 0.333333333333333
0.166666666666667 0.5
0 0.5
0.166666666666667 0.666666666666667
0 0.666666666666667
0.166666666666667 0.833333333333333
0 0.833333333333333
0.166666666666667 1
0 1
0.333333333333333 0
0.333333333333333 0.166666666666667
0.333333333333333 0.333333333333333
0.333333333333333 0.416666666666667
0.333333333333333 0.5
0.333333333333333 0.583333333333333
0.333333333333333 0.666666666666667
0.333333333333333 0.833333333333333
0.333333333333333 1
0.5 0
0.5 0.166666666666667
0.5 0.333333333333333
0.416666666666667 0.333333333333333
0.416666666666667 0.416666666666667
0.5 0.416666666666667
0.458333333333333 0.416666666666667
0.416666666666667 0.458333333333333
0.416666666666667 0.5
0.458333333333333 0.458333333333333
0.5 0.458333333333333
0.479166666666667 0.458333333333333
0.458333333333333 0.479166666666667
0.458333333333333 0.5
0.479166666666667 0.479166666666667
0.5 0.479166666666667
0.489583333333333 0.479166666666667
0.479166666666667 0.489583333333333
0.479166666666667 0.5
0.489583333333333 0.489583333333333
0.5 0.489583333333333
0.494791666666667 0.489583333333333
0.489583333333333 0.494791666666667
0.489583333333333 0.5
0.494791666666667 0.494791666666667
0.5 0.494791666666667
0.497395833333333 0.494791666666667
0.494791666666667 0.497395833333333
0.494791666666667 0.5
0.497395833333333 0.497395833333333
0.5 0.497395833333333
0.498697916666667 0.497395833333333
0.497395833333333 0.498697916666667
0.497395833333333 0.5
0.498697916666667 0.498697916666667
0.5 0.498697916666667
0.499348958333333 0.498697916666667
0.498697916666667 0.499348958333333
0.498697916666667 0.5
0.499348958333333 0.499348958333333
0.5 0.499348958333333
0.499348958333333 0.5
0.5 0.5
0.416666666666667 0.541666666666667
0.416666666666667 0.583333333333333
0.458333333333333 0.520833333333333
0.458333333333333 0.541666666666667
0.479166666666667 0.510416666666667
0.479166666666667 0.520833333333333
0.489583333333333 0.505208333333333
0.489583333333333 0.510416666666667
0.494791666666667 0.502604166666667
0.494791666666667 0.505208333333333
0.497395833333333 0.501302083333333
0.497395833333333 0.502604166666667
0.498697916666667 0.500651041666667
0.498697916666667 0.501302083333333
0.499348958333333 0.500651041666667
0.5 0.500651041666667
0.499348958333333 0.501302083333333
0.5 0.501302083333333
0.498697916666667 0.502604166666667
0.5 0.502604166666667
0.497395833333333 0.505208333333333
0.5 0.505208333333333
0.494791666666667 0.510416666666667
0.5 0.510416666666667
0.489583333333333 0.520833333333333
0.5 0.520833333333333
0.479166666666667 0.541666666666667
0.5 0.541666666666667
0.458333333333333 0.583333333333333
0.5 0.583333333333333
0.416666666666667 0.666666666666667
0.5 0.666666666666667
0.5 0.833333333333333
0.5 1
0.666666666666667 0
0.666666666666667 0.166666666666667
0.666666666666667 0.333333333333333
0.583333333333333 0.333333333333333
0.583333333333333 0.416666666666667
0.541666666666667 0.416666666666667
0.666666666666667 0.416666666666667
0.541666666666667 0.458333333333333
0.520833333333333 0.458333333333333
0.583333333333333 0.458333333333333
0.520833333333333 0.479166666666667
0.510416666666667 0.479166666666667
0.541666666666667 0.479166666666667
0.510416666666667 0.489583333333333
0.505208333333333 0.489583333333333
0.520833333333333 0.489583333333333
0.505208333333333 0.494791666666667
0.502604166666667 0.494791666666667
0.510416666666667 0.494791666666667
0.502604166666667 0.497395833333333
0.501302083333333 0.497395833333333
0.505208333333333 0.497395833333333
0.501302083333333 0.498697916666667
0.500651041666667 0.498697916666667
0.502604166666667 0.498697916666667
0.500651041666667 0.499348958333333
0.501302083333333 0.499348958333333
0.500651041666667 0.5
0.501302083333333 0.5
0.502604166666667 0.5
0.505208333333333 0.5
0.510416666666667 0.5
0.520833333333333 0.5
0.541666666666667 0.5
0.583333333333333 0.5
0.666666666666667 0.5
0.500651041666667 0.500651041666667
0.501302083333333 0.500651041666667
0.500651041666667 0.501302083333333
0.501302083333333 0.501302083333333
0.502604166666667 0.501302083333333
0.501302083333333 0.502604166666667
0.502604166666667 0.502604166666667
0.505208333333333 0.502604166666667
0.502604166666667 0.505208333333333
0.505208333333333 0.505208333333333
0.510416666666667 0.505208333333333
0.505208333333333 0.510416666666667
0.510416666666667 0.510416666666667
0.520833333333333 0.510416666666667
0.510416666666667 0.520833333333333
0.520833333333333 0.520833333333333
0.541666666666667 0.520833333333333
0.520833333333333 0.541666666666667
0.541666666666667 0.541666666666667
0.583333333333333 0.541666666666667
0.541666666666667 0.583333333333333
0.583333333333333 0.583333333333333
0.666666666666667 0.583333333333333
0.583333333333333 0.666666666666667
0.666666666666667 0.666666666666667
0.666666666666667 0.833333333333333
0.666666666666667 1
0.833333333333333 0
0.833333333333333 0.166666666666667
0.833333333333333 0.333333333333333
0.833333333333333 0.5
0.833333333333333 0.666666666666667
0.833333333333333 0.833333333333333
0.833333333333333 1
1 0
1 0.166666666666667
1 0.333333333333333
1 0.5
1 0.666666666666667
1 0.833333333333333
1 1
4 1 2 3 4
4 4 3 5 6
4 6 5 7 8
4 8 7 9 10
4 10 9 11 12
4 12 11 13 14
4 2 15 16 3
4 3 16 17 5
5 5 17 18 19 7
5 7 19 20 21 9
4 9 21 22 11
4 11 22 23 13
4 15 24 25 16
5 16 25 26 27 17
4 17 27 28 18
5 27 26 29 30 28
5 18 28 31 32 19
4 28 30 33 31
5 30 29 34 35 33
5 31 33 36 37 32
4 33 35 38 36
5 35 34 39 40 38
5 36 38 41 42 37
4 38 40 43 41
5 40 39 44 45 43
5 41 43 46 47 42
4 43 45 48 46
5 45 44 49 50 48
5 46 48 51 52 47
4 48 50 53 51
5 50 49 54 55 53
5 51 53 56 57 52
4 53 55 58 56
5 55 54 59 60 58
5 56 58 61 62 57
4 58 60 63 61
4 60 59 64 63
4 61 63 65 62
4 63 64 66 65
5 19 32 67 68 20
5 32 37 69 70 67
5 37 42 71 72 69
5 42 47 73 74 71
5 47 52 75 76 73
5 52 57 77 78 75
5 57 62 79 80 77
4 62 65 81 79
4 65 66 82 81
4 79 81 83 80
4 81 82 84 83
4 77 80 85 78
5 80 83 84 86 85
4 75 78 87 76
5 78 85 86 88 87
4 73 76 89 74
5 76 87 88 90 89
4 71 74 91 72
5 74 89 90 92 91
4 69 72 93 70
5 72 91 92 94 93
4 67 70 95 68
5 70 93 94 96 95
4 20 68 97 21
5 68 95 96 98 97
5 21 97 98 99 22
4 22 99 100 23
4 24 101 102 25
5 25 102 103 104 26
5 26 104 105 106 29
4 104 103 107 105
5 29 106 108 109 34
4 106 105 110 108
5 34 109 111 112 39
4 109 108 113 111
5 39 112 114 115 44
4 112 111 116 114
5 44 115 117 118 49
4 115 114 119 117
5 49 118 120 121 54
4 118 117 122 120
5 54 121 123 124 59
4 121 120 125 123
4 59 124 126 64
4 124 123 127 126
4 64 126 128 66
4 126 127 129 128
5 123 125 130 129 127
5 120 122 131 130 125
5 117 119 132 131 122
5 114 116 133 132 119
5 111 113 134 133 116
5 108 110 135 134 113
5 105 107 136 135 110
4 66 128 137 82
4 128 129 138 137
4 82 137 139 84
4 137 138 140 139
5 129 130 141 140 138
5 84 139 140 142 86
4 140 141 143 142
5 130 131 144 143 141
5 86 142 143 145 88
4 143 144 146 145
5 131 132 147 146 144
5 88 145 146 148 90
4 146 147 149 148
5 132 133 150 149 147
5 90 148 149 151 92
4 149 150 152 151
5 133 134 153 152 150
5 92 151 152 154 94
4 152 153 155 154
5 134 135 156 155 153
5 94 154 155 157 96
4 155 156 158 157
5 135 136 159 158 156
5 96 157 158 160 98
4 158 159 161 160
5 98 160 161 162 99
4 99 162 163 100
4 101 164 165 102
4 102 165 166 103
5 103 166 167 136 107
5 136 167 168 161 159
4 161 168 169 162
4 162 169 170 163
4 164 171 172 165
4 165 172 173 166
4 166 173 174 167
4 167 174 175 168
4 168 175 176 169
4 169 176 177 170
1 2 4 6 8 10 12 13 14 15 23 24 100 101 163 164 170 171 172 173 174 175 176 177
