1169 1084 1
0 0
0.03125 0
0.03125 0.03125
0 0.03125
0.0625 0
0.0625 0.03125
0.03125 0.0625
0 0.0625
0.0625 0.0625
0.09375 0
0.09375 0.03125
0.125 0
0.125 0.03125
0.09375 0.0625
0.125 0.0625
0.03125 0.09375
0 0.09375
0.0625 0.09375
0.03125 0.125
0 0.125
0.0625 0.125
0.09375 0.09375
0.125 0.09375
0.09375 0.125
0.125 0.125
0.15625 0
0.15625 0.03125
0.1875 0
0.1875 0.03125
0.15625 0.0625
0.1875 0.0625
0.21875 0
0.21875 0.03125
0.25 0
0.25 0.03125
0.21875 0.0625
0.25 0.0625
0.15625 0.09375
0.1875 0.09375
0.15625 0.125
0.1875 0.125
0.21875 0.09375
0.25 0.09375
0.21875 0.125
0.25 0.125
0.03125 0.15625
0 0.15625
0.0625 0.15625
0.03125 0.1875
0 0.1875
0.0625 0.1875
0.09375 0.15625
0.125 0.15625
0.09375 0.1875
0.125 0.1875
0.03125 0.21875
0 0.21875
0.0625 0.21875
0.03125 0.25
0 0.25
0.0625 0.25
0.09375 0.21875
0.125 0.21875
0.09375 0.25
0.125 0.25
0.15625 0.15625
0.1875 0.15625
0.15625 0.1875
0.1875 0.1875
0.21875 0.15625
0.25 0.15625
0.21875 0.1875
0.25 0.1875
0.15625 0.21875
0.1875 0.21875
0.15625 0.25
0.1875 0.25
0.21875 0.21875
0.25 0.21875
0.21875 0.25
0.25 0.25
0.03125 0.28125
0 0.28125
0.0625 0.28125
0.03125 0.3125
0 0.3125
0.0625 0.3125
0.09375 0.28125
0.125 0.28125
0.09375 0.3125
0.125 0.3125
0.03125 0.34375
0 0.34375
0.0625 0.34375
0.03125 0.375
0 0.375
0.0625 0.375
0.09375 0.34375
0.125 0.34375
0.09375 0.375
0.125 0.375
0.15625 0.28125
0.1875 0.28125
0.15625 0.3125
0.1875 0.3125
0.21875 0.28125
0.25 0.28125
0.21875 0.3125
0.25 0.3125
0.15625 0.34375
0.1875 0.34375
0.15625 0.375
0.1875 0.375
0.21875 0.34375
0.25 0.34375
0.21875 0.375
0.25 0.375
0.03125 0.40625
0 0.40625
0.0625 0.40625
0.03125 0.4375
0 0.4375
0.0625 0.4375
0.09375 0.40625
0.125 0.40625
0.09375 0.4375
0.125 0.4375
0.03125 0.46875
0 0.46875
0.0625 0.46875
0.03125 0.5
0 0.5
0.0625 0.5
0.09375 0.46875
0.125 0.46875
0.09375 0.5
0.125 0.5
0.15625 0.40625
0.1875 0.40625
0.15625 0.4375
0.1875 0.4375
0.21875 0.40625
0.25 0.40625
0.21875 0.4375
0.25 0.4375
0.15625 0.46875
0.1875 0.46875
0.15625 0.5
0.1875 0.5
0.21875 0.46875
0.25 0.46875
0.21875 0.5
0.25 0.5
0.03125 0.53125
0 0.53125
0.0625 0.53125
0.03125 0.5625
0 0.5625
0.0625 0.5625
0.09375 0.53125
0.125 0.53125
0.09375 0.5625
0.125 0.5625
0.03125 0.59375
0 0.59375
0.0625 0.59375
0.03125 0.625
0 0.625
0.0625 0.625
0.09375 0.59375
0.125 0.59375
0.09375 0.625
0.125 0.625
0.15625 0.53125
0.1875 0.53125
0.15625 0.5625
0.1875 0.5625
0.21875 0.53125
0.25 0.53125
0.21875 0.5625
0.25 0.5625
0.15625 0.59375
0.1875 0.59375
0.15625 0.625
0.1875 0.625
0.21875 0.59375
0.25 0.59375
0.21875 0.625
0.25 0.625
0.03125 0.65625
0 0.65625
0.0625 0.65625
0.03125 0.6875
0 0.6875
0.0625 0.6875
0.09375 0.65625
0.125 0.65625
0.09375 0.6875
0.125 0.6875
0.03125 0.71875
0 0.71875
0.0625 0.71875
0.03125 0.75
0 0.75
0.0625 0.75
0.09375 0.71875
0.125 0.71875
0.09375 0.75
0.125 0.75
0.15625 0.65625
0.1875 0.65625
0.15625 0.6875
0.1875 0.6875
0.21875 0.65625
0.25 0.65625
0.21875 0.6875
0.25 0.6875
0.15625 0.71875
0.1875 0.71875
0.15625 0.75
0.1875 0.75
0.21875 0.71875
0.25 0.71875
0.21875 0.75
0.25 0.75
0.03125 0.78125
0 0.78125
0.0625 0.78125
0.03125 0.8125
0 0.8125
0.0625 0.8125
0.09375 0.78125
0.125 0.78125
0.09375 0.8125
0.125 0.8125
0.03125 0.84375
0 0.84375
0.0625 0.84375
0.03125 0.875
0 0.875
0.0625 0.875
0.09375 0.84375
0.125 0.84375
0.09375 0.875
0.125 0.875
0.15625 0.78125
0.1875 0.78125
0.15625 0.8125
0.1875 0.8125
0.21875 0.78125
0.25 0.78125
0.21875 0.8125
0.25 0.8125
0.15625 0.84375
0.1875 0.84375
0.15625 0.875
0.1875 0.875
0.21875 0.84375
0.25 0.84375
0.21875 0.875
0.25 0.875
0.03125 0.90625
0 0.90625
0.0625 0.90625
0.03125 0.9375
0 0.9375
0.0625 0.9375
0.09375 0.90625
0.125 0.90625
0.09375 0.9375
0.125 0.9375
0.03125 0.96875
0 0.96875
0.0625 0.96875
0.03125 1
0 1
0.0625 1
0.09375 0.96875
0.125 0.96875
0.09375 1
0.125 1
0.15625 0.90625
0.1875 0.90625
0.15625 0.9375
0.1875 0.9375
0.21875 0.90625
0.25 0.90625
0.21875 0.9375
0.25 0.9375
0.15625 0.96875
0.1875 0.96875
0.15625 1
0.1875 1
0.21875 0.96875
0.25 0.96875
0.21875 1
0.25 1
0.28125 0
0.28125 0.03125
0.3125 0
0.3125 0.03125
0.28125 0.0625
0.3125 0.0625
0.34375 0
0.34375 0.03125
0.375 0
0.375 0.03125
0.34375 0.0625
0.375 0.0625
0.28125 0.09375
0.3125 0.09375
0.28125 0.125
0.3125 0.125
0.34375 0.09375
0.375 0.09375
0.34375 0.125
0.375 0.125
0.40625 0
0.40625 0.03125
0.4375 0
0.4375 0.03125
0.40625 0.0625
0.4375 0.0625
0.46875 0
0.46875 0.03125
0.5 0
0.5 0.03125
0.46875 0.0625
0.5 0.0625
0.40625 0.09375
0.4375 0.09375
0.40625 0.125
0.4375 0.125
0.46875 0.09375
0.5 0.09375
0.46875 0.125
0.5 0.125
0.28125 0.15625
0.3125 0.15625
0.28125 0.1875
0.3125 0.1875
0.34375 0.15625
0.375 0.15625
0.34375 0.1875
0.375 0.1875
0.28125 0.21875
0.3125 0.21875
0.28125 0.25
0.3125 0.25
0.34375 0.21875
0.375 0.21875
0.34375 0.25
0.375 0.25
0.40625 0.15625
0.4375 0.15625
0.40625 0.1875
0.4375 0.1875
0.46875 0.15625
0.5 0.15625
0.46875 0.1875
0.5 0.1875
0.40625 0.21875
0.4375 0.21875
0.40625 0.25
0.4375 0.25
0.46875 0.21875
0.5 0.21875
0.46875 0.25
0.5 0.25
0.28125 0.28125
0.3125 0.28125
0.28125 0.3125
0.3125 0.3125
0.34375 0.28125
0.375 0.28125
0.34375 0.3125
0.375 0.3125
0.28125 0.34375
0.3125 0.34375
0.28125 0.375
0.3125 0.375
0.34375 0.34375
0.375 0.34375
0.34375 0.375
0.375 0.375
0.40625 0.28125
0.4375 0.28125
0.40625 0.3125
0.4375 0.3125
0.46875 0.28125
0.5 0.28125
0.46875 0.3125
0.5 0.3125
0.40625 0.34375
0.4375 0.34375
0.40625 0.375
0.4375 0.375
0.46875 0.34375
0.5 0.34375
0.46875 0.375
0.5 0.375
0.28125 0.40625
0.3125 0.40625
0.28125 0.4375
0.3125 0.4375
0.34375 0.40625
0.375 0.40625
0.34375 0.4375
0.375 0.4375
0.28125 0.46875
0.3125 0.46875
0.28125 0.5
0.3125 0.5
0.34375 0.46875
0.375 0.46875
0.34375 0.5
0.375 0.5
0.40625 0.40625
0.4375 0.40625
0.40625 0.4375
0.4375 0.4375
0.46875 0.40625
0.5 0.40625
0.46875 0.4375
0.5 0.4375
0.40625 0.46875
0.4375 0.46875
0.40625 0.5
0.4375 0.5
0.46875 0.46875
0.5 0.46875
0.484375 0.46875
0.46875 0.484375
0.46875 0.5
0.484375 0.484375
0.5 0.484375
0.4921875 0.484375
0.484375 0.4921875
0.484375 0.5
0.4921875 0.4921875
0.5 0.4921875
0.49609375 0.4921875
0.4921875 0.49609375
0.4921875 0.5
0.49609375 0.49609375
0.5 0.49609375
0.498046875 0.49609375
0.49609375 0.498046875
0.49609375 0.5
0.498046875 0.498046875
0.5 0.498046875
0.4990234375 0.498046875
0.498046875 0.4990234375
0.498046875 0.5
0.4990234375 0.4990234375
0.5 0.4990234375
0.4990234375 0.5
0.5 0.5
0.28125 0.53125
0.3125 0.53125
0.28125 0.5625
0.3125 0.5625
0.34375 0.53125
0.375 0.53125
0.34375 0.5625
0.375 0.5625
0.28125 0.59375
0.3125 0.59375
0.28125 0.625
0.3125 0.625
0.34375 0.59375
0.375 0.59375
0.34375 0.625
0.375 0.625
0.40625 0.53125
0.4375 0.53125
0.40625 0.5625
0.4375 0.5625
0.46875 0.515625
0.46875 0.53125
0.484375 0.5078125
0.484375 0.515625
0.4921875 0.50390625
0.4921875 0.5078125
0.49609375 0.501953125
0.49609375 0.50390625
0.498046875 0.5009765625
0.498046875 0.501953125
0.4990234375 0.5009765625
0.5 0.5009765625
0.4990234375 0.501953125
0.5 0.501953125
0.498046875 0.50390625
0.5 0.50390625
0.49609375 0.5078125
0.5 0.5078125
0.4921875 0.515625
0.5 0.515625
0.484375 0.53125
0.5 0.53125
0.46875 0.5625
0.5 0.5625
0.40625 0.59375
0.4375 0.59375
0.40625 0.625
0.4375 0.625
0.46875 0.59375
0.5 0.59375
0.46875 0.625
0.5 0.625
0.28125 0.65625
0.3125 0.65625
0.28125 0.6875
0.3125 0.6875
0.34375 0.65625
0.375 0.65625
0.34375 0.6875
0.375 0.6875
0.28125 0.71875
0.3125 0.71875
0.28125 0.75
0.3125 0.75
0.34375 0.71875
0.375 0.71875
0.34375 0.75
0.375 0.75
0.40625 0.65625
0.4375 0.65625
0.40625 0.6875
0.4375 0.6875
0.46875 0.65625
0.5 0.65625
0.46875 0.6875
0.5 0.6875
0.40625 0.71875
0.4375 0.71875
0.40625 0.75
0.4375 0.75
0.46875 0.71875
0.5 0.71875
0.46875 0.75
0.5 0.75
0.28125 0.78125
0.3125 0.78125
0.28125 0.8125
0.3125 0.8125
0.34375 0.78125
0.375 0.78125
0.34375 0.8125
0.375 0.8125
0.28125 0.84375
0.3125 0.84375
0.28125 0.875
0.3125 0.875
0.34375 0.84375
0.375 0.84375
0.34375 0.875
0.375 0.875
0.40625 0.78125
0.4375 0.78125
0.40625 0.8125
0.4375 0.8125
0.46875 0.78125
0.5 0.78125
0.46875 0.8125
0.5 0.8125
0.40625 0.84375
0.4375 0.84375
0.40625 0.875
0.4375 0.875
0.46875 0.84375
0.5 0.84375
0.46875 0.875
0.5 0.875
0.28125 0.90625
0.3125 0.90625
0.28125 0.9375
0.3125 0.9375
0.34375 0.90625
0.375 0.90625
0.34375 0.9375
0.375 0.9375
0.28125 0.96875
0.3125 0.96875
0.28125 1
0.3125 1
0.34375 0.96875
0.375 0.96875
0.34375 1
0.375 1
0.40625 0.90625
0.4375 0.90625
0.40625 0.9375
0.4375 0.9375
0.46875 0.90625
0.5 0.90625
0.46875 0.9375
0.5 0.9375
0.40625 0.96875
0.4375 0.96875
0.40625 1
0.4375 1
0.46875 0.96875
0.5 0.96875
0.46875 1
0.5 1
0.53125 0
0.53125 0.03125
0.5625 0
0.5625 0.03125
0.53125 0.0625
0.5625 0.0625
0.59375 0
0.59375 0.03125
0.625 0
0.625 0.03125
0.59375 0.0625
0.625 0.0625
0.53125 0.09375
0.5625 0.09375
0.53125 0.125
0.5625 0.125
0.59375 0.09375
0.625 0.09375
0.59375 0.125
0.625 0.125
0.65625 0
0.65625 0.03125
0.6875 0
0.6875 0.03125
0.65625 0.0625
0.6875 0.0625
0.71875 0
0.71875 0.03125
0.75 0
0.75 0.03125
0.71875 0.0625
0.75 0.0625
0.65625 0.09375
0.6875 0.09375
0.65625 0.125
0.6875 0.125
0.71875 0.09375
0.75 0.09375
0.71875 0.125
0.75 0.125
0.53125 0.15625
0.5625 0.15625
0.53125 0.1875
0.5625 0.1875
0.59375 0.15625
0.625 0.15625
0.59375 0.1875
0.625 0.1875
0.53125 0.21875
0.5625 0.21875
0.53125 0.25
0.5625 0.25
0.59375 0.21875
0.625 0.21875
0.59375 0.25
0.625 0.25
0.65625 0.15625
0.6875 0.15625
0.65625 0.1875
0.6875 0.1875
0.71875 0.15625
0.75 0.15625
0.71875 0.1875
0.75 0.1875
0.65625 0.21875
0.6875 0.21875
0.65625 0.25
0.6875 0.25
0.71875 0.21875
0.75 0.21875
0.71875 0.25
0.75 0.25
0.53125 0.28125
0.5625 0.28125
0.53125 0.3125
0.5625 0.3125
0.59375 0.28125
0.625 0.28125
0.59375 0.3125
0.625 0.3125
0.53125 0.34375
0.5625 0.34375
0.53125 0.375
0.5625 0.375
0.59375 0.34375
0.625 0.34375
0.59375 0.375
0.625 0.375
0.65625 0.28125
0.6875 0.28125
0.65625 0.3125
0.6875 0.3125
0.71875 0.28125
0.75 0.28125
0.71875 0.3125
0.75 0.3125
0.65625 0.34375
0.6875 0.34375
0.65625 0.375
0.6875 0.375
0.71875 0.34375
0.75 0.34375
0.71875 0.375
0.75 0.375
0.53125 0.40625
0.5625 0.40625
0.53125 0.4375
0.5625 0.4375
0.59375 0.40625
0.625 0.40625
0.59375 0.4375
0.625 0.4375
0.53125 0.46875
0.515625 0.46875
0.5625 0.46875
0.515625 0.484375
0.5078125 0.484375
0.53125 0.484375
0.5078125 0.4921875
0.50390625 0.4921875
0.515625 0.4921875
0.50390625 0.49609375
0.501953125 0.49609375
0.5078125 0.49609375
0.501953125 0.498046875
0.5009765625 0.498046875
0.50390625 0.498046875
0.5009765625 0.4990234375
0.501953125 0.4990234375
0.5009765625 0.5
0.501953125 0.5
0.50390625 0.5
0.5078125 0.5
0.515625 0.5
0.53125 0.5
0.5625 0.5
0.59375 0.46875
0.625 0.46875
0.59375 0.5
0.625 0.5
0.65625 0.40625
0.6875 0.40625
0.65625 0.4375
0.6875 0.4375
0.71875 0.40625
0.75 0.40625
0.71875 0.4375
0.75 0.4375
0.65625 0.46875
0.6875 0.46875
0.65625 0.5
0.6875 0.5
0.71875 0.46875
0.75 0.46875
0.71875 0.5
0.75 0.5
0.5009765625 0.5009765625
0.501953125 0.5009765625
0.5009765625 0.501953125
0.501953125 0.501953125
0.50390625 0.501953125
0.501953125 0.50390625
0.50390625 0.50390625
0.5078125 0.50390625
0.50390625 0.5078125
0.5078125 0.5078125
0.515625 0.5078125
0.5078125 0.515625
0.515625 0.515625
0.53125 0.515625
0.515625 0.53125
0.53125 0.53125
0.5625 0.53125
0.53125 0.5625
0.5625 0.5625
0.59375 0.53125
0.625 0.53125
0.59375 0.5625
0.625 0.5625
0.53125 0.59375
0.5625 0.59375
0.53125 0.625
0.5625 0.625
0.59375 0.59375
0.625 0.59375
0.59375 0.625
0.625 0.625
0.65625 0.53125
0.6875 0.53125
0.65625 0.5625
0.6875 0.5625
0.71875 0.53125
0.75 0.53125
0.71875 0.5625
0.75 0.5625
0.65625 0.59375
0.6875 0.59375
0.65625 0.625
0.6875 0.625
0.71875 0.59375
0.75 0.59375
0.71875 0.625
0.75 0.625
0.53125 0.65625
0.5625 0.65625
0.53125 0.6875
0.5625 0.6875
0.59375 0.65625
0.625 0.65625
0.59375 0.6875
0.625 0.6875
0.53125 0.71875
0.5625 0.71875
0.53125 0.75
0.5625 0.75
0.59375 0.71875
0.625 0.71875
0.59375 0.75
0.625 0.75
0.65625 0.65625
0.6875 0.65625
0.65625 0.6875
0.6875 0.6875
0.71875 0.65625
0.75 0.65625
0.71875 0.6875
0.75 0.6875
0.65625 0.71875
0.6875 0.71875
0.65625 0.75
0.6875 0.75
0.71875 0.71875
0.75 0.71875
0.71875 0.75
0.75 0.75
0.53125 0.78125
0.5625 0.78125
0.53125 0.8125
0.5625 0.8125
0.59375 0.78125
0.625 0.78125
0.59375 0.8125
0.625 0.8125
0.53125 0.84375
0.5625 0.84375
0.53125 0.875
0.5625 0.875
0.59375 0.84375
0.625 0.84375
0.59375 0.875
0.625 0.875
0.65625 0.78125
0.6875 0.78125
0.65625 0.8125
0.6875 0.8125
0.71875 0.78125
0.75 0.78125
0.71875 0.8125
0.75 0.8125
0.65625 0.84375
0.6875 0.84375
0.65625 0.875
0.6875 0.875
0.71875 0.84375
0.75 0.84375
0.71875 0.875
0.75 0.875
0.53125 0.90625
0.5625 0.90625
0.53125 0.9375
0.5625 0.9375
0.59375 0.90625
0.625 0.90625
0.59375 0.9375
0.625 0.9375
0.53125 0.96875
0.5625 0.96875
0.53125 1
0.5625 1
0.59375 0.96875
0.625 0.96875
0.59375 1
0.625 1
0.65625 0.90625
0.6875 0.90625
0.65625 0.9375
0.6875 0.9375
0.71875 0.90625
0.75 0.90625
0.71875 0.9375
0.75 0.9375
0.65625 0.96875
0.6875 0.96875
0.65625 1
0.6875 1
0.71875 0.96875
0.75 0.96875
0.71875 1
0.75 1
0.78125 0
0.78125 0.03125
0.8125 0
0.8125 0.03125
0.78125 0.0625
0.8125 0.0625
0.84375 0
0.84375 0.03125
0.875 0
0.875 0.03125
0.84375 0.0625
0.875 0.0625
0.78125 0.09375
0.8125 0.09375
0.78125 0.125
0.8125 0.125
0.84375 0.09375
0.875 0.09375
0.84375 0.125
0.875 0.125
0.90625 0
0.90625 0.03125
0.9375 0
0.9375 0.03125
0.90625 0.0625
0.9375 0.0625
0.96875 0
0.96875 0.03125
1 0
1 0.03125
0.96875 0.0625
1 0.0625
0.90625 0.09375
0.9375 0.09375
0.90625 0.125
0.9375 0.125
0.96875 0.09375
1 0.09375
0.96875 0.125
1 0.125
0.78125 0.15625
0.8125 0.15625
0.78125 0.1875
0.8125 0.1875
0.84375 0.15625
0.875 0.15625
0.84375 0.1875
0.875 0.1875
0.78125 0.21875
0.8125 0.21875
0.78125 0.25
0.8125 0.25
0.84375 0.21875
0.875 0.21875
0.84375 0.25
0.875 0.25
0.90625 0.15625
0.9375 0.15625
0.90625 0.1875
0.9375 0.1875
0.96875 0.15625
1 0.15625
0.96875 0.1875
1 0.1875
0.90625 0.21875
0.9375 0.21875
0.90625 0.25
0.9375 0.25
0.96875 0.21875
1 0.21875
0.96875 0.25
1 0.25
0.78125 0.28125
0.8125 0.28125
0.78125 0.3125
0.8125 0.3125
0.84375 0.28125
0.875 0.28125
0.84375 0.3125
0.875 0.3125
0.78125 0.34375
0.8125 0.34375
0.78125 0.375
0.8125 0.375
0.84375 0.34375
0.875 0.34375
0.84375 0.375
0.875 0.375
0.90625 0.28125
0.9375 0.28125
0.90625 0.3125
0.9375 0.3125
0.96875 0.28125
1 0.28125
0.96875 0.3125
1 0.3125
0.90625 0.34375
0.9375 0.34375
0.90625 0.375
0.9375 0.375
0.96875 0.34375
1 0.34375
0.96875 0.375
1 0.375
0.78125 0.40625
0.8125 0.40625
0.78125 0.4375
0.8125 0.4375
0.84375 0.40625
0.875 0.40625
0.84375 0.4375
0.875 0.4375
0.78125 0.46875
0.8125 0.46875
0.78125 0.5
0.8125 0.5
0.84375 0.46875
0.875 0.46875
0.84375 0.5
0.875 0.5
0.90625 0.40625
0.9375 0.40625
0.90625 0.4375
0.9375 0.4375
0.96875 0.40625
1 0.40625
0.96875 0.4375
1 0.4375
0.90625 0.46875
0.9375 0.46875
0.90625 0.5
0.9375 0.5
0.96875 0.46875
1 0.46875
0.96875 0.5
1 0.5
0.78125 0.53125
0.8125 0.53125
0.78125 0.5625
0.8125 0.5625
0.84375 0.53125
0.875 0.53125
0.84375 0.5625
0.875 0.5625
0.78125 0.59375
0.8125 0.59375
0.78125 0.625
0.8125 0.625
0.84375 0.59375
0.875 0.59375
0.84375 0.625
0.875 0.625
0.90625 0.53125
0.9375 0.53125
0.90625 0.5625
0.9375 0.5625
0.96875 0.53125
1 0.53125
0.96875 0.5625
1 0.5625
0.90625 0.59375
0.9375 0.59375
0.90625 0.625
0.9375 0.625
0.96875 0.59375
1 0.59375
0.96875 0.625
1 0.625
0.78125 0.65625
0.8125 0.65625
0.78125 0.6875
0.8125 0.6875
0.84375 0.65625
0.875 0.65625
0.84375 0.6875
0.875 0.6875
0.78125 0.71875
0.8125 0.71875
0.78125 0.75
0.8125 0.75
0.84375 0.71875
0.875 0.71875
0.84375 0.75
0.875 0.75
0.90625 0.65625
0.9375 0.65625
0.90625 0.6875
0.9375 0.6875
0.96875 0.65625
1 0.65625
0.96875 0.6875
1 0.6875
0.90625 0.71875
0.9375 0.71875
0.90625 0.75
0.9375 0.75
0.96875 0.71875
1 0.71875
0.96875 0.75
1 0.75
0.78125 0.78125
0.8125 0.78125
0.78125 0.8125
0.8125 0.8125
0.84375 0.78125
0.875 0.78125
0.84375 0.8125
0.875 0.8125
0.78125 0.84375
0.8125 0.84375
0.78125 0.875
0.8125 0.875
0.84375 0.84375
0.875 0.84375
0.84375 0.875
0.875 0.875
0.90625 0.78125
0.9375 0.78125
0.90625 0.8125
0.9375 0.8125
0.96875 0.78125
1 0.78125
0.96875 0.8125
1 0.8125
0.90625 0.84375
0.9375 0.84375
0.90625 0.875
0.9375 0.875
0.96875 0.84375
1 0.84375
0.96875 0.875
1 0.875
0.78125 0.90625
0.8125 0.90625
0.78125 0.9375
0.8125 0.9375
0.84375 0.90625
0.875 0.90625
0.84375 0.9375
0.875 0.9375
0.78125 0.96875
0.8125 0.96875
0.78125 1
0.8125 1
0.84375 0.96875
0.875 0.96875
0.84375 1
0.875 1
0.90625 0.90625
0.9375 0.90625
0.90625 0.9375
0.9375 0.9375
0.96875 0.90625
1 0.90625
0.96875 0.9375
1 0.9375
0.90625 0.96875
0.9375 0.96875
0.90625 1
0.9375 1
0.96875 0.96875
1 0.96875
0.96875 1
1 1
4 1 2 3 4
4 2 5 6 3
4 4 3 7 8
4 3 6 9 7
4 5 10 11 6
4 10 12 13 11
4 6 11 14 9
4 11 13 15 14
4 8 7 16 17
4 7 9 18 16
4 17 16 19 20
4 16 18 21 19
4 9 14 22 18
4 14 15 23 22
4 18 22 24 21
4 22 23 25 24
4 12 26 27 13
4 26 28 29 27
4 13 27 30 15
4 27 29 31 30
4 28 32 33 29
4 32 34 35 33
4 29 33 36 31
4 33 35 37 36
4 15 30 38 23
4 30 31 39 38
4 23 38 40 25
4 38 39 41 40
4 31 36 42 39
4 36 37 43 42
4 39 42 44 41
4 42 43 45 44
4 20 19 46 47
4 19 21 48 46
4 47 46 49 50
4 46 48 51 49
4 21 24 52 48
4 24 25 53 52
4 48 52 54 51
4 52 53 55 54
4 50 49 56 57
4 49 51 58 56
4 57 56 59 60
4 56 58 61 59
4 51 54 62 58
4 54 55 63 62
4 58 62 64 61
4 62 63 65 64
4 25 40 66 53
4 40 41 67 66
4 53 66 68 55
4 66 67 69 68
4 41 44 70 67
4 44 45 71 70
4 67 70 72 69
4 70 71 73 72
4 55 68 74 63
4 68 69 75 74
4 63 74 76 65
4 74 75 77 76
4 69 72 78 75
4 72 73 79 78
4 75 78 80 77
4 78 79 81 80
4 60 59 82 83
4 59 61 84 82
4 83 82 85 86
4 82 84 87 85
4 61 64 88 84
4 64 65 89 88
4 84 88 90 87
4 88 89 91 90
4 86 85 92 93
4 85 87 94 92
4 93 92 95 96
4 92 94 97 95
4 87 90 98 94
4 90 91 99 98
4 94 98 100 97
4 98 99 101 100
4 65 76 102 89
4 76 77 103 102
4 89 102 104 91
4 102 103 105 104
4 77 80 106 103
4 80 81 107 106
4 103 106 108 105
4 106 107 109 108
4 91 104 110 99
4 104 105 111 110
4 99 110 112 101
4 110 111 113 112
4 105 108 114 111
4 108 109 115 114
4 111 114 116 113
4 114 115 117 116
4 96 95 118 119
4 95 97 120 118
4 119 118 121 122
4 118 120 123 121
4 97 100 124 120
4 100 101 125 124
4 120 124 126 123
4 124 125 127 126
4 122 121 128 129
4 121 123 130 128
4 129 128 131 132
4 128 130 133 131
4 123 126 134 130
4 126 127 135 134
4 130 134 136 133
4 134 135 137 136
4 101 112 138 125
4 112 113 139 138
4 125 138 140 127
4 138 139 141 140
4 113 116 142 139
4 116 117 143 142
4 139 142 144 141
4 142 143 145 144
4 127 140 146 135
4 140 141 147 146
4 135 146 148 137
4 146 147 149 148
4 141 144 150 147
4 144 145 151 150
4 147 150 152 149
4 150 151 153 152
4 132 131 154 155
4 131 133 156 154
4 155 154 157 158
4 154 156 159 157
4 133 136 160 156
4 136 137 161 160
4 156 160 162 159
4 160 161 163 162
4 158 157 164 165
4 157 159 166 164
4 165 164 167 168
4 164 166 169 167
4 159 162 170 166
4 162 163 171 170
4 166 170 172 169
4 170 171 173 172
4 137 148 174 161
4 148 149 175 174
4 161 174 176 163
4 174 175 177 176
4 149 152 178 175
4 152 153 179 178
4 175 178 180 177
4 178 179 181 180
4 163 176 182 171
4 176 177 183 182
4 171 182 184 173
4 182 183 185 184
4 177 180 186 183
4 180 181 187 186
4 183 186 188 185
4 186 187 189 188
4 168 167 190 191
4 167 169 192 190
4 191 190 193 194
4 190 192 195 193
4 169 172 196 192
4 172 173 197 196
4 192 196 198 195
4 196 197 199 198
4 194 193 200 201
4 193 195 202 200
4 201 200 203 204
4 200 202 205 203
4 195 198 206 202
4 198 199 207 206
4 202 206 208 205
4 206 207 209 208
4 173 184 210 197
4 184 185 211 210
4 197 210 212 199
4 210 211 213 212
4 185 188 214 211
4 188 189 215 214
4 211 214 216 213
4 214 215 217 216
4 199 212 218 207
4 212 213 219 218
4 207 218 220 209
4 218 219 221 220
4 213 216 222 219
4 216 217 223 222
4 219 222 224 221
4 222 223 225 224
4 204 203 226 227
4 203 205 228 226
4 227 226 229 230
4 226 228 231 229
4 205 208 232 228
4 208 209 233 232
4 228 232 234 231
4 232 233 235 234
4 230 229 236 237
4 229 231 238 236
4 237 236 239 240
4 236 238 241 239
4 231 234 242 238
4 234 235 243 242
4 238 242 244 241
4 242 243 245 244
4 209 220 246 233
4 220 221 247 246
4 233 246 248 235
4 246 247 249 248
4 221 224 250 247
4 224 225 251 250
4 247 250 252 249
4 250 251 253 252
4 235 248 254 243
4 248 249 255 254
4 243 254 256 245
4 254 255 257 256
4 249 252 258 255
4 252 253 259 258
4 255 258 260 257
4 258 259 261 260
4 240 239 262 263
4 239 241 264 262
4 263 262 265 266
4 262 264 267 265
4 241 244 268 264
4 244 245 269 268
4 264 268 270 267
4 268 269 271 270
4 266 265 272 273
4 265 267 274 272
4 273 272 275 276
4 272 274 277 275
4 267 270 278 274
4 270 271 279 278
4 274 278 280 277
4 278 279 281 280
4 245 256 282 269
4 256 257 283 282
4 269 282 284 271
4 282 283 285 284
4 257 260 286 283
4 260 261 287 286
4 283 286 288 285
4 286 287 289 288
4 271 284 290 279
4 284 285 291 290
4 279 290 292 281
4 290 291 293 292
4 285 288 294 291
4 288 289 295 294
4 291 294 296 293
4 294 295 297 296
4 34 298 299 35
4 298 300 301 299
4 35 299 302 37
4 299 301 303 302
4 300 304 305 301
4 304 306 307 305
4 301 305 308 303
4 305 307 309 308
4 37 302 310 43
4 302 303 311 310
4 43 310 312 45
4 310 311 313 312
4 303 308 314 311
4 308 309 315 314
4 311 314 316 313
4 314 315 317 316
4 306 318 319 307
4 318 320 321 319
4 307 319 322 309
4 319 321 323 322
4 320 324 325 321
4 324 326 327 325
4 321 325 328 323
4 325 327 329 328
4 309 322 330 315
4 322 323 331 330
4 315 330 332 317
4 330 331 333 332
4 323 328 334 331
4 328 329 335 334
4 331 334 336 333
4 334 335 337 336
4 45 312 338 71
4 312 313 339 338
4 71 338 340 73
4 338 339 341 340
4 313 316 342 339
4 316 317 343 342
4 339 342 344 341
4 342 343 345 344
4 73 340 346 79
4 340 341 347 346
4 79 346 348 81
4 346 347 349 348
4 341 344 350 347
4 344 345 351 350
4 347 350 352 349
4 350 351 353 352
4 317 332 354 343
4 332 333 355 354
4 343 354 356 345
4 354 355 357 356
4 333 336 358 355
4 336 337 359 358
4 355 358 360 357
4 358 359 361 360
4 345 356 362 351
4 356 357 363 362
4 351 362 364 353
4 362 363 365 364
4 357 360 366 363
4 360 361 367 366
4 363 366 368 365
4 366 367 369 368
4 81 348 370 107
4 348 349 371 370
4 107 370 372 109
4 370 371 373 372
4 349 352 374 371
4 352 353 375 374
4 371 374 376 373
4 374 375 377 376
4 109 372 378 115
4 372 373 379 378
4 115 378 380 117
4 378 379 381 380
4 373 376 382 379
4 376 377 383 382
4 379 382 384 381
4 382 383 385 384
4 353 364 386 375
4 364 365 387 386
4 375 386 388 377
4 386 387 389 388
4 365 368 390 387
4 368 369 391 390
4 387 390 392 389
4 390 391 393 392
4 377 388 394 383
4 388 389 395 394
4 383 394 396 385
4 394 395 397 396
4 389 392 398 395
4 392 393 399 398
4 395 398 400 397
4 398 399 401 400
4 117 380 402 143
4 380 381 403 402
4 143 402 404 145
4 402 403 405 404
4 381 384 406 403
4 384 385 407 406
4 403 406 408 405
4 406 407 409 408
4 145 404 410 151
4 404 405 411 410
4 151 410 412 153
4 410 411 413 412
4 405 408 414 411
4 408 409 415 414
4 411 414 416 413
4 414 415 417 416
4 385 396 418 407
4 396 397 419 418
4 407 418 420 409
4 418 419 421 420
4 397 400 422 419
4 400 401 423 422
4 419 422 424 421
4 422 423 425 424
4 409 420 426 415
4 420 421 427 426
4 415 426 428 417
4 426 427 429 428
4 421 424 430 427
5 424 425 431 432 430
5 427 430 433 434 429
4 430 432 435 433
5 432 431 436 437 435
5 433 435 438 439 434
4 435 437 440 438
5 437 436 441 442 440
5 438 440 443 444 439
4 440 442 445 443
5 442 441 446 447 445
5 443 445 448 449 444
4 445 447 450 448
5 447 446 451 452 450
5 448 450 453 454 449
4 450 452 455 453
4 452 451 456 455
4 453 455 457 454
4 455 456 458 457
4 153 412 459 179
4 412 413 460 459
4 179 459 461 181
4 459 460 462 461
4 413 416 463 460
4 416 417 464 463
4 460 463 465 462
4 463 464 466 465
4 181 461 467 187
4 461 462 468 467
4 187 467 469 189
4 467 468 470 469
4 462 465 471 468
4 465 466 472 471
4 468 471 473 470
4 471 472 474 473
4 417 428 475 464
4 428 429 476 475
4 464 475 477 466
4 475 476 478 477
5 429 434 479 480 476
5 434 439 481 482 479
5 439 444 483 484 481
5 444 449 485 486 483
5 449 454 487 488 485
4 454 457 489 487
4 457 458 490 489
4 487 489 491 488
4 489 490 492 491
4 485 488 493 486
5 488 491 492 494 493
4 483 486 495 484
5 486 493 494 496 495
4 481 484 497 482
5 484 495 496 498 497
4 479 482 499 480
5 482 497 498 500 499
4 476 480 501 478
5 480 499 500 502 501
4 466 477 503 472
4 477 478 504 503
4 472 503 505 474
4 503 504 506 505
4 478 501 507 504
4 501 502 508 507
4 504 507 509 506
4 507 508 510 509
4 189 469 511 215
4 469 470 512 511
4 215 511 513 217
4 511 512 514 513
4 470 473 515 512
4 473 474 516 515
4 512 515 517 514
4 515 516 518 517
4 217 513 519 223
4 513 514 520 519
4 223 519 521 225
4 519 520 522 521
4 514 517 523 520
4 517 518 524 523
4 520 523 525 522
4 523 524 526 525
4 474 505 527 516
4 505 506 528 527
4 516 527 529 518
4 527 528 530 529
4 506 509 531 528
4 509 510 532 531
4 528 531 533 530
4 531 532 534 533
4 518 529 535 524
4 529 530 536 535
4 524 535 537 526
4 535 536 538 537
4 530 533 539 536
4 533 534 540 539
4 536 539 541 538
4 539 540 542 541
4 225 521 543 251
4 521 522 544 543
4 251 543 545 253
4 543 544 546 545
4 522 525 547 544
4 525 526 548 547
4 544 547 549 546
4 547 548 550 549
4 253 545 551 259
4 545 546 552 551
4 259 551 553 261
4 551 552 554 553
4 546 549 555 552
4 549 550 556 555
4 552 555 557 554
4 555 556 558 557
4 526 537 559 548
4 537 538 560 559
4 548 559 561 550
4 559 560 562 561
4 538 541 563 560
4 541 542 564 563
4 560 563 565 562
4 563 564 566 565
4 550 561 567 556
4 561 562 568 567
4 556 567 569 558
4 567 568 570 569
4 562 565 571 568
4 565 566 572 571
4 568 571 573 570
4 571 572 574 573
4 261 553 575 287
4 553 554 576 575
4 287 575 577 289
4 575 576 578 577
4 554 557 579 576
4 557 558 580 579
4 576 579 581 578
4 579 580 582 581
4 289 577 583 295
4 577 578 584 583
4 295 583 585 297
4 583 584 586 585
4 578 581 587 584
4 581 582 588 587
4 584 587 589 586
4 587 588 590 589
4 558 569 591 580
4 569 570 592 591
4 580 591 593 582
4 591 592 594 593
4 570 573 595 592
4 573 574 596 595
4 592 595 597 594
4 595 596 598 597
4 582 593 599 588
4 593 594 600 599
4 588 599 601 590
4 599 600 602 601
4 594 597 603 600
4 597 598 604 603
4 600 603 605 602
4 603 604 606 605
4 326 607 608 327
4 607 609 610 608
4 327 608 611 329
4 608 610 612 611
4 609 613 614 610
4 613 615 616 614
4 610 614 617 612
4 614 616 618 617
4 329 611 619 335
4 611 612 620 619
4 335 619 621 337
4 619 620 622 621
4 612 617 623 620
4 617 618 624 623
4 620 623 625 622
4 623 624 626 625
4 615 627 628 616
4 627 629 630 628
4 616 628 631 618
4 628 630 632 631
4 629 633 634 630
4 633 635 636 634
4 630 634 637 632
4 634 636 638 637
4 618 631 639 624
4 631 632 640 639
4 624 639 641 626
4 639 640 642 641
4 632 637 643 640
4 637 638 644 643
4 640 643 645 642
4 643 644 646 645
4 337 621 647 359
4 621 622 648 647
4 359 647 649 361
4 647 648 650 649
4 622 625 651 648
4 625 626 652 651
4 648 651 653 650
4 651 652 654 653
4 361 649 655 367
4 649 650 656 655
4 367 655 657 369
4 655 656 658 657
4 650 653 659 656
4 653 654 660 659
4 656 659 661 658
4 659 660 662 661
4 626 641 663 652
4 641 642 664 663
4 652 663 665 654
4 663 664 666 665
4 642 645 667 664
4 645 646 668 667
4 664 667 669 666
4 667 668 670 669
4 654 665 671 660
4 665 666 672 671
4 660 671 673 662
4 671 672 674 673
4 666 669 675 672
4 669 670 676 675
4 672 675 677 674
4 675 676 678 677
4 369 657 679 391
4 657 658 680 679
4 391 679 681 393
4 679 680 682 681
4 658 661 683 680
4 661 662 684 683
4 680 683 685 682
4 683 684 686 685
4 393 681 687 399
4 681 682 688 687
4 399 687 689 401
4 687 688 690 689
4 682 685 691 688
4 685 686 692 691
4 688 691 693 690
4 691 692 694 693
4 662 673 695 684
4 673 674 696 695
4 684 695 697 686
4 695 696 698 697
4 674 677 699 696
4 677 678 700 699
4 696 699 701 698
4 699 700 702 701
4 686 697 703 692
4 697 698 704 703
4 692 703 705 694
4 703 704 706 705
4 698 701 707 704
4 701 702 708 707
4 704 707 709 706
4 707 708 710 709
4 401 689 711 423
4 689 690 712 711
4 423 711 713 425
4 711 712 714 713
4 690 693 715 712
4 693 694 716 715
4 712 715 717 714
4 715 716 718 717
5 425 713 719 720 431
4 713 714 721 719
5 431 720 722 723 436
4 720 719 724 722
5 436 723 725 726 441
4 723 722 727 725
5 441 726 728 729 446
4 726 725 730 728
5 446 729 731 732 451
4 729 728 733 731
4 451 732 734 456
4 732 731 735 734
4 456 734 736 458
4 734 735 737 736
5 731 733 738 737 735
5 728 730 739 738 733
5 725 727 740 739 730
5 722 724 741 740 727
5 719 721 742 741 724
4 714 717 743 721
4 717 718 744 743
4 721 743 745 742
4 743 744 746 745
4 694 705 747 716
4 705 706 748 747
4 716 747 749 718
4 747 748 750 749
4 706 709 751 748
4 709 710 752 751
4 748 751 753 750
4 751 752 754 753
4 718 749 755 744
4 749 750 756 755
4 744 755 757 746
4 755 756 758 757
4 750 753 759 756
4 753 754 760 759
4 756 759 761 758
4 759 760 762 761
4 458 736 763 490
4 736 737 764 763
4 490 763 765 492
4 763 764 766 765
5 737 738 767 766 764
5 492 765 766 768 494
4 766 767 769 768
5 738 739 770 769 767
5 494 768 769 771 496
4 769 770 772 771
5 739 740 773 772 770
5 496 771 772 774 498
4 772 773 775 774
5 740 741 776 775 773
5 498 774 775 777 500
4 775 776 778 777
5 741 742 779 778 776
5 500 777 778 780 502
4 778 779 781 780
4 742 745 782 779
4 745 746 783 782
4 779 782 784 781
4 782 783 785 784
4 502 780 786 508
4 780 781 787 786
4 508 786 788 510
4 786 787 789 788
4 781 784 790 787
4 784 785 791 790
4 787 790 792 789
4 790 791 793 792
4 746 757 794 783
4 757 758 795 794
4 783 794 796 785
4 794 795 797 796
4 758 761 798 795
4 761 762 799 798
4 795 798 800 797
4 798 799 801 800
4 785 796 802 791
4 796 797 803 802
4 791 802 804 793
4 802 803 805 804
4 797 800 806 803
4 800 801 807 806
4 803 806 808 805
4 806 807 809 808
4 510 788 810 532
4 788 789 811 810
4 532 810 812 534
4 810 811 813 812
4 789 792 814 811
4 792 793 815 814
4 811 814 816 813
4 814 815 817 816
4 534 812 818 540
4 812 813 819 818
4 540 818 820 542
4 818 819 821 820
4 813 816 822 819
4 816 817 823 822
4 819 822 824 821
4 822 823 825 824
4 793 804 826 815
4 804 805 827 826
4 815 826 828 817
4 826 827 829 828
4 805 808 830 827
4 808 809 831 830
4 827 830 832 829
4 830 831 833 832
4 817 828 834 823
4 828 829 835 834
4 823 834 836 825
4 834 835 837 836
4 829 832 838 835
4 832 833 839 838
4 835 838 840 837
4 838 839 841 840
4 542 820 842 564
4 820 821 843 842
4 564 842 844 566
4 842 843 845 844
4 821 824 846 843
4 824 825 847 846
4 843 846 848 845
4 846 847 849 848
4 566 844 850 572
4 844 845 851 850
4 572 850 852 574
4 850 851 853 852
4 845 848 854 851
4 848 849 855 854
4 851 854 856 853
4 854 855 857 856
4 825 836 858 847
4 836 837 859 858
4 847 858 860 849
4 858 859 861 860
4 837 840 862 859
4 840 841 863 862
4 859 862 864 861
4 862 863 865 864
4 849 860 866 855
4 860 861 867 866
4 855 866 868 857
4 866 867 869 868
4 861 864 870 867
4 864 865 871 870
4 867 870 872 869
4 870 871 873 872
4 574 852 874 596
4 852 853 875 874
4 596 874 876 598
4 874 875 877 876
4 853 856 878 875
4 856 857 879 878
4 875 878 880 877
4 878 879 881 880
4 598 876 882 604
4 876 877 883 882
4 604 882 884 606
4 882 883 885 884
4 877 880 886 883
4 880 881 887 886
4 883 886 888 885
4 886 887 889 888
4 857 868 890 879
4 868 869 891 890
4 879 890 892 881
4 890 891 893 892
4 869 872 894 891
4 872 873 895 894
4 891 894 896 893
4 894 895 897 896
4 881 892 898 887
4 892 893 899 898
4 887 898 900 889
4 898 899 901 900
4 893 896 902 899
4 896 897 903 902
4 899 902 904 901
4 902 903 905 904
4 635 906 907 636
4 906 908 909 907
4 636 907 910 638
4 907 909 911 910
4 908 912 913 909
4 912 914 915 913
4 909 913 916 911
4 913 915 917 916
4 638 910 918 644
4 910 911 919 918
4 644 918 920 646
4 918 919 921 920
4 911 916 922 919
4 916 917 923 922
4 919 922 924 921
4 922 923 925 924
4 914 926 927 915
4 926 928 929 927
4 915 927 930 917
4 927 929 931 930
4 928 932 933 929
4 932 934 935 933
4 929 933 936 931
4 933 935 937 936
4 917 930 938 923
4 930 931 939 938
4 923 938 940 925
4 938 939 941 940
4 931 936 942 939
4 936 937 943 942
4 939 942 944 941
4 942 943 945 944
4 646 920 946 668
4 920 921 947 946
4 668 946 948 670
4 946 947 949 948
4 921 924 950 947
4 924 925 951 950
4 947 950 952 949
4 950 951 953 952
4 670 948 954 676
4 948 949 955 954
4 676 954 956 678
4 954 955 957 956
4 949 952 958 955
4 952 953 959 958
4 955 958 960 957
4 958 959 961 960
4 925 940 962 951
4 940 941 963 962
4 951 962 964 953
4 962 963 965 964
4 941 944 966 963
4 944 945 967 966
4 963 966 968 965
4 966 967 969 968
4 953 964 970 959
4 964 965 971 970
4 959 970 972 961
4 970 971 973 972
4 965 968 974 971
4 968 969 975 974
4 971 974 976 973
4 974 975 977 976
4 678 956 978 700
4 956 957 979 978
4 700 978 980 702
4 978 979 981 980
4 957 960 982 979
4 960 961 983 982
4 979 982 984 981
4 982 983 985 984
4 702 980 986 708
4 980 981 987 986
4 708 986 988 710
4 986 987 989 988
4 981 984 990 987
4 984 985 991 990
4 987 990 992 989
4 990 991 993 992
4 961 972 994 983
4 972 973 995 994
4 983 994 996 985
4 994 995 997 996
4 973 976 998 995
4 976 977 999 998
4 995 998 1000 997
4 998 999 1001 1000
4 985 996 1002 991
4 996 997 1003 1002
4 991 1002 1004 993
4 1002 1003 1005 1004
4 997 1000 1006 1003
4 1000 1001 1007 1006
4 1003 1006 1008 1005
4 1006 1007 1009 1008
4 710 988 1010 752
4 988 989 1011 1010
4 752 1010 1012 754
4 1010 1011 1013 1012
4 989 992 1014 1011
4 992 993 1015 1014
4 1011 1014 1016 1013
4 1014 1015 1017 1016
4 754 1012 1018 760
4 1012 1013 1019 1018
4 760 1018 1020 762
4 1018 1019 1021 1020
4 1013 1016 1022 1019
4 1016 1017 1023 1022
4 1019 1022 1024 1021
4 1022 1023 1025 1024
4 993 1004 1026 1015
4 1004 1005 1027 1026
4 1015 1026 1028 1017
4 1026 1027 1029 1028
4 1005 1008 1030 1027
4 1008 1009 1031 1030
4 1027 1030 1032 1029
4 1030 1031 1033 1032
4 1017 1028 1034 1023
4 1028 1029 1035 1034
4 1023 1034 1036 1025
4 1034 1035 1037 1036
4 1029 1032 1038 1035
4 1032 1033 1039 1038
4 1035 1038 1040 1037
4 1038 1039 1041 1040
4 762 1020 1042 799
4 1020 1021 1043 1042
4 799 1042 1044 801
4 1042 1043 1045 1044
4 1021 1024 1046 1043
4 1024 1025 1047 1046
4 1043 1046 1048 1045
4 1046 1047 1049 1048
4 801 1044 1050 807
4 1044 1045 1051 1050
4 807 1050 1052 809
4 1050 1051 1053 1052
4 1045 1048 1054 1051
4 1048 1049 1055 1054
4 1051 1054 1056 1053
4 1054 1055 1057 1056
4 1025 1036 1058 1047
4 1036 1037 1059 1058
4 1047 1058 1060 1049
4 1058 1059 1061 1060
4 1037 1040 1062 1059
4 1040 1041 1063 1062
4 1059 1062 1064 1061
4 1062 1063 1065 1064
4 1049 1060 1066 1055
4 1060 1061 1067 1066
4 1055 1066 1068 1057
4 1066 1067 1069 1068
4 1061 1064 1070 1067
4 1064 1065 1071 1070
4 1067 1070 1072 1069
4 1070 1071 1073 1072
4 809 1052 1074 831
4 1052 1053 1075 1074
4 831 1074 1076 833
4 1074 1075 1077 1076
4 1053 1056 1078 1075
4 1056 1057 1079 1078
4 1075 1078 1080 1077
4 1078 1079 1081 1080
4 833 1076 1082 839
4 1076 1077 1083 1082
4 839 1082 1084 841
4 1082 1083 1085 1084
4 1077 1080 1086 1083
4 1080 1081 1087 1086
4 1083 1086 1088 1085
4 1086 1087 1089 1088
4 1057 1068 1090 1079
4 1068 1069 1091 1090
4 1079 1090 1092 1081
4 1090 1091 1093 1092
4 1069 1072 1094 1091
4 1072 1073 1095 1094
4 1091 1094 1096 1093
4 1094 1095 1097 1096
4 1081 1092 1098 1087
4 1092 1093 1099 1098
4 1087 1098 1100 1089
4 1098 1099 1101 1100
4 1093 1096 1102 1099
4 1096 1097 1103 1102
4 1099 1102 1104 1101
4 1102 1103 1105 1104
4 841 1084 1106 863
4 1084 1085 1107 1106
4 863 1106 1108 865
4 1106 1107 1109 1108
4 1085 1088 1110 1107
4 1088 1089 1111 1110
4 1107 1110 1112 1109
4 1110 1111 1113 1112
4 865 1108 1114 871
4 1108 1109 1115 1114
4 871 1114 1116 873
4 1114 1115 1117 1116
4 1109 1112 1118 1115
4 1112 1113 1119 1118
4 1115 1118 1120 1117
4 1118 1119 1121 1120
4 1089 1100 1122 1111
4 1100 1101 1123 1122
4 1111 1122 1124 1113
4 1122 1123 1125 1124
4 1101 1104 1126 1123
4 1104 1105 1127 1126
4 1123 1126 1128 1125
4 1126 1127 1129 1128
4 1113 1124 1130 1119
4 1124 1125 1131 1130
4 1119 1130 1132 1121
4 1130 1131 1133 1132
4 1125 1128 1134 1131
4 1128 1129 1135 1134
4 1131 1134 1136 1133
4 1134 1135 1137 1136
4 873 1116 1138 895
4 1116 1117 1139 1138
4 895 1138 1140 897
4 1138 1139 1141 1140
4 1117 1120 1142 1139
4 1120 1121 1143 1142
4 1139 1142 1144 1141
4 1142 1143 1145 1144
4 897 1140 1146 903
4 1140 1141 1147 1146
4 903 1146 1148 905
4 1146 1147 1149 1148
4 1141 1144 1150 1147
4 1144 1145 1151 1150
4 1147 1150 1152 1149
4 1150 1151 1153 1152
4 1121 1132 1154 1143
4 1132 1133 1155 1154
4 1143 1154 1156 1145
4 1154 1155 1157 1156
4 1133 1136 1158 1155
4 1136 1137 1159 1158
4 1155 1158 1160 1157
4 1158 1159 1161 1160
4 1145 1156 1162 1151
4 1156 1157 1163 1162
4 1151 1162 1164 1153
4 1162 1163 1165 1164
4 1157 1160 1166 1163
4 1160 1161 1167 1166
4 1163 1166 1168 1165
4 1166 1167 1169 1168
1 2 4 5 8 10 12 17 20 26 28 32 34 47 50 57 60 83 86 93 96 119 122 129 132 155 158 165 168 191 194 201 204 227 230 237 240 263 266 273 275 276 277 280 281 292 293 296 297 298 300 304 306 318 320 324 326 585 586 589 590 601 602 605 606 607 609 613 615 627 629 633 635 884 885 888 889 900 901 904 905 906 908 912 914 926 928 932 934 935 937 943 945 967 969 975 977 999 1001 1007 1009 1031 1033 1039 1041 1063 1065 1071 1073 1095 1097 1103 1105 1127 1129 1135 1137 1148 1149 1152 1153 1159 1161 1164 1165 1167 1168 1169
