481 400 1
0 0
0.0625 0
0.0625 0.0625
0 0.0625
0.125 0
0.125 0.0625
0.0625 0.125
0 0.125
0.125 0.125
0.1875 0
0.1875 0.0625
0.25 0
0.25 0.0625
0.1875 0.125
0.25 0.125
0.0625 0.1875
0 0.1875
0.125 0.1875
0.0625 0.25
0 0.25
0.125 0.25
0.1875 0.1875
0.25 0.1875
0.1875 0.25
0.25 0.25
0.0625 0.3125
0 0.3125
0.125 0.3125
0.0625 0.375
0 0.375
0.125 0.375
0.1875 0.3125
0.25 0.3125
0.1875 0.375
0.25 0.375
0.0625 0.4375
0 0.4375
0.125 0.4375
0.0625 0.5
0 0.5
0.125 0.5
0.1875 0.4375
0.25 0.4375
0.1875 0.5
0.25 0.5
0.0625 0.5625
0 0.5625
0.125 0.5625
0.0625 0.625
0 0.625
0.125 0.625
0.1875 0.5625
0.25 0.5625
0.1875 0.625
0.25 0.625
0.0625 0.6875
0 0.6875
0.125 0.6875
0.0625 0.75
0 0.75
0.125 0.75
0.1875 0.6875
0.25 0.6875
0.1875 0.75
0.25 0.75
0.0625 0.8125
0 0.8125
0.125 0.8125
0.0625 0.875
0 0.875
0.125 0.875
0.1875 0.8125
0.25 0.8125
0.1875 0.875
0.25 0.875
0.0625 0.9375
0 0.9375
0.125 0.9375
0.0625 1
0 1
0.125 1
0.1875 0.9375
0.25 0.9375
0.1875 1
0.25 1
0.3125 0
0.3125 0.0625
0.375 0
0.375 0.0625
0.3125 0.125
0.375 0.125
0.4375 0
0.4375 0.0625
0.5 0
0.5 0.0625
0.4375 0.125
0.5 0.125
0.3125 0.1875
0.375 0.1875
0.3125 0.25
0.375 0.25
0.4375 0.1875
0.5 0.1875
0.4375 0.25
0.5 0.25
0.3125 0.3125
0.375 0.3125
0.3125 0.375
0.375 0.375
0.4375 0.3125
0.5 0.3125
0.4375 0.375
0.5 0.375
0.3125 0.4375
0.375 0.4375
0.3125 0.5
0.375 0.5
0.4375 0.4375
0.5 0.4375
0.46875 0.4375
0.4375 0.46875
0.4375 0.5
0.46875 0.46875
0.5 0.46875
0.484375 0.46875
0.46875 0.484375
0.46875 0.5
0.484375 0.484375
0.5 0.484375
0.4921875 0.484375
0.484375 0.4921875
0.484375 0.5
0.4921875 0.4921875
0.5 0.4921875
0.49609375 0.4921875
0.4921875 0.49609375
0.4921875 0.5
0.49609375 0.49609375
0.5 0.49609375
0.498046875 0.49609375
0.49609375 0.498046875
0.49609375 0.5
0.498046875 0.498046875
0.5 0.498046875
0.4990234375 0.498046875
0.498046875 0.4990234375
0.498046875 0.5
0.4990234375 0.4990234375
0.5 0.4990234375
0.49951171875 0.4990234375
0.4990234375 0.49951171875
0.4990234375 0.5
0.49951171875 0.49951171875
0.5 0.49951171875
0.499755859375 0.49951171875
0.49951171875 0.499755859375
0.49951171875 0.5
0.499755859375 0.499755859375
0.5 0.499755859375
0.4998779296875 0.499755859375
0.499755859375 0.4998779296875
0.499755859375 0.5
0.4998779296875 0.4998779296875
0.5 0.4998779296875
0.49993896484375 0.4998779296875
0.4998779296875 0.49993896484375
0.4998779296875 0.5
0.49993896484375 0.49993896484375
0.5 0.49993896484375
0.499969482421875 0.49993896484375
0.49993896484375 0.499969482421875
0.49993896484375 0.5
0.499969482421875 0.499969482421875
0.5 0.499969482421875
0.499984741210938 0.499969482421875
0.499969482421875 0.499984741210938
0.499969482421875 0.5
0.499984741210938 0.499984741210938
0.5 0.499984741210938
0.499984741210938 0.5
0.5 0.5
0.3125 0.5625
0.375 0.5625
0.3125 0.625
0.375 0.625
0.4375 0.53125
0.4375 0.5625
0.46875 0.515625
0.46875 0.53125
0.484375 0.5078125
0.484375 0.515625
0.4921875 0.50390625
0.4921875 0.5078125
0.49609375 0.501953125
0.49609375 0.50390625
0.498046875 0.5009765625
0.498046875 0.501953125
0.4990234375 0.50048828125
0.4990234375 0.5009765625
0.49951171875 0.500244140625
0.49951171875 0.50048828125
0.499755859375 0.5001220703125
0.499755859375 0.500244140625
0.4998779296875 0.50006103515625
0.4998779296875 0.5001220703125
0.49993896484375 0.500030517578125
0.49993896484375 0.50006103515625
0.499969482421875 0.500015258789062
0.499969482421875 0.500030517578125
0.499984741210938 0.500015258789062
0.5 0.500015258789062
0.499984741210938 0.500030517578125
0.5 0.500030517578125
0.499969482421875 0.50006103515625
0.5 0.50006103515625
0.49993896484375 0.5001220703125
0.5 0.5001220703125
0.4998779296875 0.500244140625
0.5 0.500244140625
0.499755859375 0.50048828125
0.5 0.50048828125
0.49951171875 0.5009765625
0.5 0.5009765625
0.4990234375 0.501953125
0.5 0.501953125
0.498046875 0.50390625
0.5 0.50390625
0.49609375 0.5078125
0.5 0.5078125
0.4921875 0.515625
0.5 0.515625
0.484375 0.53125
0.5 0.53125
0.46875 0.5625
0.5 0.5625
0.4375 0.625
0.5 0.625
0.3125 0.6875
0.375 0.6875
0.3125 0.75
0.375 0.75
0.4375 0.6875
0.5 0.6875
0.4375 0.75
0.5 0.75
0.3125 0.8125
0.375 0.8125
0.3125 0.875
0.375 0.875
0.4375 0.8125
0.5 0.8125
0.4375 0.875
0.5 0.875
0.3125 0.9375
0.375 0.9375
0.3125 1
0.375 1
0.4375 0.9375
0.5 0.9375
0.4375 1
0.5 1
0.5625 0
0.5625 0.0625
0.625 0
0.625 0.0625
0.5625 0.125
0.625 0.125
0.6875 0
0.6875 0.0625
0.75 0
0.75 0.0625
0.6875 0.125
0.75 0.125
0.5625 0.1875
0.625 0.1875
0.5625 0.25
0.625 0.25
0.6875 0.1875
0.75 0.1875
0.6875 0.25
0.75 0.25
0.5625 0.3125
0.625 0.3125
0.5625 0.375
0.625 0.375
0.6875 0.3125
0.75 0.3125
0.6875 0.375
0.75 0.375
0.5625 0.4375
0.53125 0.4375
0.625 0.4375
0.53125 0.46875
0.515625 0.46875
0.5625 0.46875
0.515625 0.484375
0.5078125 0.484375
0.53125 0.484375
0.5078125 0.4921875
0.50390625 0.4921875
0.515625 0.4921875
0.50390625 0.49609375
0.501953125 0.49609375
0.5078125 0.49609375
0.501953125 0.498046875
0.5009765625 0.498046875
0.50390625 0.498046875
0.5009765625 0.4990234375
0.50048828125 0.4990234375
0.501953125 0.4990234375
0.50048828125 0.49951171875
0.500244140625 0.49951171875
0.5009765625 0.49951171875
0.500244140625 0.499755859375
0.5001220703125 0.499755859375
0.50048828125 0.499755859375
0.5001220703125 0.4998779296875
0.50006103515625 0.4998779296875
0.500244140625 0.4998779296875
0.50006103515625 0.49993896484375
0.500030517578125 0.49993896484375
0.5001220703125 0.49993896484375
0.500030517578125 0.499969482421875
0.500015258789062 0.499969482421875
0.50006103515625 0.499969482421875
0.500015258789062 0.499984741210938
0.500030517578125 0.499984741210938
0.500015258789062 0.5
0.500030517578125 0.5
0.50006103515625 0.5
0.5001220703125 0.5
0.500244140625 0.5
0.50048828125 0.5
0.5009765625 0.5
0.501953125 0.5
0.50390625 0.5
0.5078125 0.5
0.515625 0.5
0.53125 0.5
0.5625 0.5
0.625 0.5
0.6875 0.4375
0.75 0.4375
0.6875 0.5
0.75 0.5
0.500015258789062 0.500015258789062
0.500030517578125 0.500015258789062
0.500015258789062 0.500030517578125
0.500030517578125 0.500030517578125
0.50006103515625 0.500030517578125
0.500030517578125 0.50006103515625
0.50006103515625 0.50006103515625
0.5001220703125 0.50006103515625
0.50006103515625 0.5001220703125
0.5001220703125 0.5001220703125
0.500244140625 0.5001220703125
0.5001220703125 0.500244140625
0.500244140625 0.500244140625
0.50048828125 0.500244140625
0.500244140625 0.50048828125
0.50048828125 0.50048828125
0.5009765625 0.50048828125
0.50048828125 0.5009765625
0.5009765625 0.5009765625
0.501953125 0.5009765625
0.5009765625 0.501953125
0.501953125 0.501953125
0.50390625 0.501953125
0.501953125 0.50390625
0.50390625 0.50390625
0.5078125 0.50390625
0.50390625 0.5078125
0.5078125 0.5078125
0.515625 0.5078125
0.5078125 0.515625
0.515625 0.515625
0.53125 0.515625
0.515625 0.53125
0.53125 0.53125
0.5625 0.53125
0.53125 0.5625
0.5625 0.5625
0.625 0.5625
0.5625 0.625
0.625 0.625
0.6875 0.5625
0.75 0.5625
0.6875 0.625
0.75 0.625
0.5625 0.6875
0.625 0.6875
0.5625 0.75
0.625 0.75
0.6875 0.6875
0.75 0.6875
0.6875 0.75
0.75 0.75
0.5625 0.8125
0.625 0.8125
0.5625 0.875
0.625 0.875
0.6875 0.8125
0.75 0.8125
0.6875 0.875
0.75 0.875
0.5625 0.9375
0.625 0.9375
0.5625 1
0.625 1
0.6875 0.9375
0.75 0.9375
0.6875 1
0.75 1
0.8125 0
0.8125 0.0625
0.875 0
0.875 0.0625
0.8125 0.125
0.875 0.125
0.9375 0
0.9375 0.0625
1 0
1 0.0625
0.9375 0.125
1 0.125
0.8125 0.1875
0.875 0.1875
0.8125 0.25
0.875 0.25
0.9375 0.1875
1 0.1875
0.9375 0.25
1 0.25
0.8125 0.3125
0.875 0.3125
0.8125 0.375
0.875 0.375
0.9375 0.3125
1 0.3125
0.9375 0.375
1 0.375
0.8125 0.4375
0.875 0.4375
0.8125 0.5
0.875 0.5
0.9375 0.4375
1 0.4375
0.9375 0.5
1 0.5
0.8125 0.5625
0.875 0.5625
0.8125 0.625
0.875 0.625
0.9375 0.5625
1 0.5625
0.9375 0.625
1 0.625
0.8125 0.6875
0.875 0.6875
0.8125 0.75
0.875 0.75
0.9375 0.6875
1 0.6875
0.9375 0.75
1 0.75
0.8125 0.8125
0.875 0.8125
0.8125 0.875
0.875 0.875
0.9375 0.8125
1 0.8125
0.9375 0.875
1 0.875
0.8125 0.9375
0.875 0.9375
0.8125 1
0.875 1
0.9375 0.9375
1 0.9375
0.9375 1
1 1
4 1 2 3 4
4 2 5 6 3
4 4 3 7 8
4 3 6 9 7
4 5 10 11 6
4 10 12 13 11
4 6 11 14 9
4 11 13 15 14
4 8 7 16 17
4 7 9 18 16
4 17 16 19 20
4 16 18 21 19
4 9 14 22 18
4 14 15 23 22
4 18 22 24 21
4 22 23 25 24
4 20 19 26 27
4 19 21 28 26
4 27 26 29 30
4 26 28 31 29
4 21 24 32 28
4 24 25 33 32
4 28 32 34 31
4 32 33 35 34
4 30 29 36 37
4 29 31 38 36
4 37 36 39 40
4 36 38 41 39
4 31 34 42 38
4 34 35 43 42
4 38 42 44 41
4 42 43 45 44
4 40 39 46 47
4 39 41 48 46
4 47 46 49 50
4 46 48 51 49
4 41 44 52 48
4 44 45 53 52
4 48 52 54 51
4 52 53 55 54
4 50 49 56 57
4 49 51 58 56
4 57 56 59 60
4 56 58 61 59
4 51 54 62 58
4 54 55 63 62
4 58 62 64 61
4 62 63 65 64
4 60 59 66 67
4 59 61 68 66
4 67 66 69 70
4 66 68 71 69
4 61 64 72 68
4 64 65 73 72
4 68 72 74 71
4 72 73 75 74
4 70 69 76 77
4 69 71 78 76
4 77 76 79 80
4 76 78 81 79
4 71 74 82 78
4 74 75 83 82
4 78 82 84 81
4 82 83 85 84
4 12 86 87 13
4 86 88 89 87
4 13 87 90 15
4 87 89 91 90
4 88 92 93 89
4 92 94 95 93
4 89 93 96 91
4 93 95 97 96
4 15 90 98 23
4 90 91 99 98
4 23 98 100 25
4 98 99 101 100
4 91 96 102 99
4 96 97 103 102
4 99 102 104 101
4 102 103 105 104
4 25 100 106 33
4 100 101 107 106
4 33 106 108 35
4 106 107 109 108
4 101 104 110 107
4 104 105 111 110
4 107 110 112 109
4 110 111 113 112
4 35 108 114 43
4 108 109 115 114
4 43 114 116 45
4 114 115 117 116
4 109 112 118 115
5 112 113 119 120 118
5 115 118 121 122 117
4 118 120 123 121
5 120 119 124 125 123
5 121 123 126 127 122
4 123 125 128 126
5 125 124 129 130 128
5 126 128 131 132 127
4 128 130 133 131
5 130 129 134 135 133
5 131 133 136 137 132
4 133 135 138 136
5 135 134 139 140 138
5 136 138 141 142 137
4 138 140 143 141
5 140 139 144 145 143
5 141 143 146 147 142
4 143 145 148 146
5 145 144 149 150 148
5 146 148 151 152 147
4 148 150 153 151
5 150 149 154 155 153
5 151 153 156 157 152
4 153 155 158 156
5 155 154 159 160 158
5 156 158 161 162 157
4 158 160 163 161
5 160 159 164 165 163
5 161 163 166 167 162
4 163 165 168 166
5 165 164 169 170 168
5 166 168 171 172 167
4 168 170 173 171
5 170 169 174 175 173
5 171 173 176 177 172
4 173 175 178 176
4 175 174 179 178
4 176 178 180 177
4 178 179 181 180
4 45 116 182 53
4 116 117 183 182
4 53 182 184 55
4 182 183 185 184
5 117 122 186 187 183
5 122 127 188 189 186
5 127 132 190 191 188
5 132 137 192 193 190
5 137 142 194 195 192
5 142 147 196 197 194
5 147 152 198 199 196
5 152 157 200 201 198
5 157 162 202 203 200
5 162 167 204 205 202
5 167 172 206 207 204
5 172 177 208 209 206
4 177 180 210 208
4 180 181 211 210
4 208 210 212 209
4 210 211 213 212
4 206 209 214 207
5 209 212 213 215 214
4 204 207 216 205
5 207 214 215 217 216
4 202 205 218 203
5 205 216 217 219 218
4 200 203 220 201
5 203 218 219 221 220
4 198 201 222 199
5 201 220 221 223 222
4 196 199 224 197
5 199 222 223 225 224
4 194 197 226 195
5 197 224 225 227 226
4 192 195 228 193
5 195 226 227 229 228
4 190 193 230 191
5 193 228 229 231 230
4 188 191 232 189
5 191 230 231 233 232
4 186 189 234 187
5 189 232 233 235 234
4 183 187 236 185
5 187 234 235 237 236
4 55 184 238 63
4 184 185 239 238
4 63 238 240 65
4 238 239 241 240
4 185 236 242 239
4 236 237 243 242
4 239 242 244 241
4 242 243 245 244
4 65 240 246 73
4 240 241 247 246
4 73 246 248 75
4 246 247 249 248
4 241 244 250 247
4 244 245 251 250
4 247 250 252 249
4 250 251 253 252
4 75 248 254 83
4 248 249 255 254
4 83 254 256 85
4 254 255 257 256
4 249 252 258 255
4 252 253 259 258
4 255 258 260 257
4 258 259 261 260
4 94 262 263 95
4 262 264 265 263
4 95 263 266 97
4 263 265 267 266
4 264 268 269 265
4 268 270 271 269
4 265 269 272 267
4 269 271 273 272
4 97 266 274 103
4 266 267 275 274
4 103 274 276 105
4 274 275 277 276
4 267 272 278 275
4 272 273 279 278
4 275 278 280 277
4 278 279 281 280
4 105 276 282 111
4 276 277 283 282
4 111 282 284 113
4 282 283 285 284
4 277 280 286 283
4 280 281 287 286
4 283 286 288 285
4 286 287 289 288
5 113 284 290 291 119
4 284 285 292 290
5 119 291 293 294 124
4 291 290 295 293
5 124 294 296 297 129
4 294 293 298 296
5 129 297 299 300 134
4 297 296 301 299
5 134 300 302 303 139
4 300 299 304 302
5 139 303 305 306 144
4 303 302 307 305
5 144 306 308 309 149
4 306 305 310 308
5 149 309 311 312 154
4 309 308 313 311
5 154 312 314 315 159
4 312 311 316 314
5 159 315 317 318 164
4 315 314 319 317
5 164 318 320 321 169
4 318 317 322 320
5 169 321 323 324 174
4 321 320 325 323
4 174 324 326 179
4 324 323 327 326
4 179 326 328 181
4 326 327 329 328
5 323 325 330 329 327
5 320 322 331 330 325
5 317 319 332 331 322
5 314 316 333 332 319
5 311 313 334 333 316
5 308 310 335 334 313
5 305 307 336 335 310
5 302 304 337 336 307
5 299 301 338 337 304
5 296 298 339 338 301
5 293 295 340 339 298
5 290 292 341 340 295
4 285 288 342 292
4 288 289 343 342
4 292 342 344 341
4 342 343 345 344
4 181 328 346 211
4 328 329 347 346
4 211 346 348 213
4 346 347 349 348
5 329 330 350 349 347
5 213 348 349 351 215
4 349 350 352 351
5 330 331 353 352 350
5 215 351 352 354 217
4 352 353 355 354
5 331 332 356 355 353
5 217 354 355 357 219
4 355 356 358 357
5 332 333 359 358 356
5 219 357 358 360 221
4 358 359 361 360
5 333 334 362 361 359
5 221 360 361 363 223
4 361 362 364 363
5 334 335 365 364 362
5 223 363 364 366 225
4 364 365 367 366
5 335 336 368 367 365
5 225 366 367 369 227
4 367 368 370 369
5 336 337 371 370 368
5 227 369 370 372 229
4 370 371 373 372
5 337 338 374 373 371
5 229 372 373 375 231
4 373 374 376 375
5 338 339 377 376 374
5 231 375 376 378 233
4 376 377 379 378
5 339 340 380 379 377
5 233 378 379 381 235
4 379 380 382 381
5 340 341 383 382 380
5 235 381 382 384 237
4 382 383 385 384
4 341 344 386 383
4 344 345 387 386
4 383 386 388 385
4 386 387 389 388
4 237 384 390 243
4 384 385 391 390
4 243 390 392 245
4 390 391 393 392
4 385 388 394 391
4 388 389 395 394
4 391 394 396 393
4 394 395 397 396
4 245 392 398 251
4 392 393 399 398
4 251 398 400 253
4 398 399 401 400
4 393 396 402 399
4 396 397 403 402
4 399 402 404 401
4 402 403 405 404
4 253 400 406 259
4 400 401 407 406
4 259 406 408 261
4 406 407 409 408
4 401 404 410 407
4 404 405 411 410
4 407 410 412 409
4 410 411 413 412
4 270 414 415 271
4 414 416 417 415
4 271 415 418 273
4 415 417 419 418
4 416 420 421 417
4 420 422 423 421
4 417 421 424 419
4 421 423 425 424
4 273 418 426 279
4 418 419 427 426
4 279 426 428 281
4 426 427 429 428
4 419 424 430 427
4 424 425 431 430
4 427 430 432 429
4 430 431 433 432
4 281 428 434 287
4 428 429 435 434
4 287 434 436 289
4 434 435 437 436
4 429 432 438 435
4 432 433 439 438
4 435 438 440 437
4 438 439 441 440
4 289 436 442 343
4 436 437 443 442
4 343 442 444 345
4 442 443 445 444
4 437 440 446 443
4 440 441 447 446
4 443 446 448 445
4 446 447 449 448
4 345 444 450 387
4 444 445 451 450
4 387 450 452 389
4 450 451 453 452
4 445 448 454 451
4 448 449 455 454
4 451 454 456 453
4 454 455 457 456
4 389 452 458 395
4 452 453 459 458
4 395 458 460 397
4 458 459 461 460
4 453 456 462 459
4 456 457 463 462
4 459 462 464 461
4 462 463 465 464
4 397 460 466 403
4 460 461 467 466
4 403 466 468 405
4 466 467 469 468
4 461 464 470 467
4 464 465 471 470
4 467 470 472 469
4 470 471 473 472
4 405 468 474 411
4 468 469 475 474
4 411 474 476 413
4 474 475 477 476
4 469 472 478 475
4 472 473 479 478
4 475 478 480 477
4 478 479 481 480
1 2 4 5 8 10 12 17 20 27 30 37 40 47 50 57 60 67 70 77 79 80 81 84 85 86 88 92 94 256 257 260 261 262 264 268 270 408 409 412 413 414 416 420 422 423 425 431 433 439 441 447 449 455 457 463 465 471 473 476 477 479 480 481
