337 292 1
0 0
0.0625 0
0.0625 0.0625
0 0.0625
0.125 0
0.125 0.0625
0.0625 0.125
0 0.125
0.125 0.125
0.1875 0
0.1875 0.0625
0.25 0
0.25 0.0625
0.1875 0.125
0.25 0.125
0.0625 0.1875
0 0.1875
0.125 0.1875
0.0625 0.25
0 0.25
0.125 0.25
0.1875 0.1875
0.25 0.1875
0.1875 0.25
0.25 0.25
0.0625 0.3125
0 0.3125
0.125 0.3125
0.0625 0.375
0 0.375
0.125 0.375
0.1875 0.3125
0.25 0.3125
0.1875 0.375
0.25 0.375
0.0625 0.4375
0 0.4375
0.125 0.4375
0.0625 0.5
0 0.5
0.125 0.5
0.1875 0.4375
0.25 0.4375
0.1875 0.5
0.25 0.5
0.0625 0.5625
0 0.5625
0.125 0.5625
0.0625 0.625
0 0.625
0.125 0.625
0.1875 0.5625
0.25 0.5625
0.1875 0.625
0.25 0.625
0.0625 0.6875
0 0.6875
0.125 0.6875
0.0625 0.75
0 0.75
0.125 0.75
0.1875 0.6875
0.25 0.6875
0.1875 0.75
0.25 0.75
0.0625 0.8125
0 0.8125
0.125 0.8125
0.0625 0.875
0 0.875
0.125 0.875
0.1875 0.8125
0.25 0.8125
0.1875 0.875
0.25 0.875
0.0625 0.9375
0 0.9375
0.125 0.9375
0.0625 1
0 1
0.125 1
0.1875 0.9375
0.25 0.9375
0.1875 1
0.25 1
0.3125 0
0.3125 0.0625
0.375 0
0.375 0.0625
0.3125 0.125
0.375 0.125
0.4375 0
0.4375 0.0625
0.5 0
0.5 0.0625
0.4375 0.125
0.5 0.125
0.3125 0.1875
0.375 0.1875
0.3125 0.25
0.375 0.25
0.4375 0.1875
0.5 0.1875
0.4375 0.25
0.5 0.25
0.3125 0.3125
0.375 0.3125
0.3125 0.375
0.375 0.375
0.4375 0.3125
0.5 0.3125
0.4375 0.375
0.5 0.375
0.3125 0.4375
0.375 0.4375
0.3125 0.5
0.375 0.5
0.4375 0.4375
0.5 0.4375
0.46875 0.4375
0.4375 0.46875
0.4375 0.5
0.46875 0.46875
0.5 0.46875
0.484375 0.46875
0.46875 0.484375
0.46875 0.5
0.484375 0.484375
0.5 0.484375
0.4921875 0.484375
0.484375 0.4921875
0.484375 0.5
0.4921875 0.4921875
0.5 0.4921875
0.4921875 0.5
0.5 0.5
0.3125 0.5625
0.375 0.5625
0.3125 0.625
0.375 0.625
0.4375 0.53125
0.4375 0.5625
0.46875 0.515625
0.46875 0.53125
0.484375 0.5078125
0.484375 0.515625
0.4921875 0.5078125
0.5 0.5078125
0.4921875 0.515625
0.5 0.515625
0.484375 0.53125
0.5 0.53125
0.46875 0.5625
0.5 0.5625
0.4375 0.625
0.5 0.625
0.3125 0.6875
0.375 0.6875
0.3125 0.75
0.375 0.75
0.4375 0.6875
0.5 0.6875
0.4375 0.75
0.5 0.75
0.3125 0.8125
0.375 0.8125
0.3125 0.875
0.375 0.875
0.4375 0.8125
0.5 0.8125
0.4375 0.875
0.5 0.875
0.3125 0.9375
0.375 0.9375
0.3125 1
0.375 1
0.4375 0.9375
0.5 0.9375
0.4375 1
0.5 1
0.5625 0
0.5625 0.0625
0.625 0
0.625 0.0625
0.5625 0.125
0.625 0.125
0.6875 0
0.6875 0.0625
0.75 0
0.75 0.0625
0.6875 0.125
0.75 0.125
0.5625 0.1875
0.625 0.1875
0.5625 0.25
0.625 0.25
0.6875 0.1875
0.75 0.1875
0.6875 0.25
0.75 0.25
0.5625 0.3125
0.625 0.3125
0.5625 0.375
0.625 0.375
0.6875 0.3125
0.75 0.3125
0.6875 0.375
0.75 0.375
0.5625 0.4375
0.53125 0.4375
0.625 0.4375
0.53125 0.46875
0.515625 0.46875
0.5625 0.46875
0.515625 0.484375
0.5078125 0.484375
0.53125 0.484375
0.5078125 0.4921875
0.515625 0.4921875
0.5078125 0.5
0.515625 0.5
0.53125 0.5
0.5625 0.5
0.625 0.5
0.6875 0.4375
0.75 0.4375
0.6875 0.5
0.75 0.5
0.5078125 0.5078125
0.515625 0.5078125
0.5078125 0.515625
0.515625 0.515625
0.53125 0.515625
0.515625 0.53125
0.53125 0.53125
0.5625 0.53125
0.53125 0.5625
0.5625 0.5625
0.625 0.5625
0.5625 0.625
0.625 0.625
0.6875 0.5625
0.75 0.5625
0.6875 0.625
0.75 0.625
0.5625 0.6875
0.625 0.6875
0.5625 0.75
0.625 0.75
0.6875 0.6875
0.75 0.6875
0.6875 0.75
0.75 0.75
0.5625 0.8125
0.625 0.8125
0.5625 0.875
0.625 0.875
0.6875 0.8125
0.75 0.8125
0.6875 0.875
0.75 0.875
0.5625 0.9375
0.625 0.9375
0.5625 1
0.625 1
0.6875 0.9375
0.75 0.9375
0.6875 1
0.75 1
0.8125 0
0.8125 0.0625
0.875 0
0.875 0.0625
0.8125 0.125
0.875 0.125
0.9375 0
0.9375 0.0625
1 0
1 0.0625
0.9375 0.125
1 0.125
0.8125 0.1875
0.875 0.1875
0.8125 0.25
0.875 0.25
0.9375 0.1875
1 0.1875
0.9375 0.25
1 0.25
0.8125 0.3125
0.875 0.3125
0.8125 0.375
0.875 0.375
0.9375 0.3125
1 0.3125
0.9375 0.375
1 0.375
0.8125 0.4375
0.875 0.4375
0.8125 0.5
0.875 0.5
0.9375 0.4375
1 0.4375
0.9375 0.5
1 0.5
0.8125 0.5625
0.875 0.5625
0.8125 0.625
0.875 0.625
0.9375 0.5625
1 0.5625
0.9375 0.625
1 0.625
0.8125 0.6875
0.875 0.6875
0.8125 0.75
0.875 0.75
0.9375 0.6875
1 0.6875
0.9375 0.75
1 0.75
0.8125 0.8125
0.875 0.8125
0.8125 0.875
0.875 0.875
0.9375 0.8125
1 0.8125
0.9375 0.875
1 0.875
0.8125 0.9375
0.875 0.9375
0.8125 1
0.875 1
0.9375 0.9375
1 0.9375
0.9375 1
1 1
4 1 2 3 4
4 2 5 6 3
4 4 3 7 8
4 3 6 9 7
4 5 10 11 6
4 10 12 13 11
4 6 11 14 9
4 11 13 15 14
4 8 7 16 17
4 7 9 18 16
4 17 16 19 20
4 16 18 21 19
4 9 14 22 18
4 14 15 23 22
4 18 22 24 21
4 22 23 25 24
4 20 19 26 27
4 19 21 28 26
4 27 26 29 30
4 26 28 31 29
4 21 24 32 28
4 24 25 33 32
4 28 32 34 31
4 32 33 35 34
4 30 29 36 37
4 29 31 38 36
4 37 36 39 40
4 36 38 41 39
4 31 34 42 38
4 34 35 43 42
4 38 42 44 41
4 42 43 45 44
4 40 39 46 47
4 39 41 48 46
4 47 46 49 50
4 46 48 51 49
4 41 44 52 48
4 44 45 53 52
4 48 52 54 51
4 52 53 55 54
4 50 49 56 57
4 49 51 58 56
4 57 56 59 60
4 56 58 61 59
4 51 54 62 58
4 54 55 63 62
4 58 62 64 61
4 62 63 65 64
4 60 59 66 67
4 59 61 68 66
4 67 66 69 70
4 66 68 71 69
4 61 64 72 68
4 64 65 73 72
4 68 72 74 71
4 72 73 75 74
4 70 69 76 77
4 69 71 78 76
4 77 76 79 80
4 76 78 81 79
4 71 74 82 78
4 74 75 83 82
4 78 82 84 81
4 82 83 85 84
4 12 86 87 13
4 86 88 89 87
4 13 87 90 15
4 87 89 91 90
4 88 92 93 89
4 92 94 95 93
4 89 93 96 91
4 93 95 97 96
4 15 90 98 23
4 90 91 99 98
4 23 98 100 25
4 98 99 101 100
4 91 96 102 99
4 96 97 103 102
4 99 102 104 101
4 102 103 105 104
4 25 100 106 33
4 100 101 107 106
4 33 106 108 35
4 106 107 109 108
4 101 104 110 107
4 104 105 111 110
4 107 110 112 109
4 110 111 113 112
4 35 108 114 43
4 108 109 115 114
4 43 114 116 45
4 114 115 117 116
4 109 112 118 115
5 112 113 119 120 118
5 115 118 121 122 117
4 118 120 123 121
5 120 119 124 125 123
5 121 123 126 127 122
4 123 125 128 126
5 125 124 129 130 128
5 126 128 131 132 127
4 128 130 133 131
4 130 129 134 133
4 131 133 135 132
4 133 134 136 135
4 45 116 137 53
4 116 117 138 137
4 53 137 139 55
4 137 138 140 139
5 117 122 141 142 138
5 122 127 143 144 141
5 127 132 145 146 143
4 132 135 147 145
4 135 136 148 147
4 145 147 149 146
4 147 148 150 149
4 143 146 151 144
5 146 149 150 152 151
4 141 144 153 142
5 144 151 152 154 153
4 138 142 155 140
5 142 153 154 156 155
4 55 139 157 63
4 139 140 158 157
4 63 157 159 65
4 157 158 160 159
4 140 155 161 158
4 155 156 162 161
4 158 161 163 160
4 161 162 164 163
4 65 159 165 73
4 159 160 166 165
4 73 165 167 75
4 165 166 168 167
4 160 163 169 166
4 163 164 170 169
4 166 169 171 168
4 169 170 172 171
4 75 167 173 83
4 167 168 174 173
4 83 173 175 85
4 173 174 176 175
4 168 171 177 174
4 171 172 178 177
4 174 177 179 176
4 177 178 180 179
4 94 181 182 95
4 181 183 184 182
4 95 182 185 97
4 182 184 186 185
4 183 187 188 184
4 187 189 190 188
4 184 188 191 186
4 188 190 192 191
4 97 185 193 103
4 185 186 194 193
4 103 193 195 105
4 193 194 196 195
4 186 191 197 194
4 191 192 198 197
4 194 197 199 196
4 197 198 200 199
4 105 195 201 111
4 195 196 202 201
4 111 201 203 113
4 201 202 204 203
4 196 199 205 202
4 199 200 206 205
4 202 205 207 204
4 205 206 208 207
5 113 203 209 210 119
4 203 204 211 209
5 119 210 212 213 124
4 210 209 214 212
5 124 213 215 216 129
4 213 212 217 215
4 129 216 218 134
4 216 215 219 218
4 134 218 220 136
4 218 219 221 220
5 215 217 222 221 219
5 212 214 223 222 217
5 209 211 224 223 214
4 204 207 225 211
4 207 208 226 225
4 211 225 227 224
4 225 226 228 227
4 136 220 229 148
4 220 221 230 229
4 148 229 231 150
4 229 230 232 231
5 221 222 233 232 230
5 150 231 232 234 152
4 232 233 235 234
5 222 223 236 235 233
5 152 234 235 237 154
4 235 236 238 237
5 223 224 239 238 236
5 154 237 238 240 156
4 238 239 241 240
4 224 227 242 239
4 227 228 243 242
4 239 242 244 241
4 242 243 245 244
4 156 240 246 162
4 240 241 247 246
4 162 246 248 164
4 246 247 249 248
4 241 244 250 247
4 244 245 251 250
4 247 250 252 249
4 250 251 253 252
4 164 248 254 170
4 248 249 255 254
4 170 254 256 172
4 254 255 257 256
4 249 252 258 255
4 252 253 259 258
4 255 258 260 257
4 258 259 261 260
4 172 256 262 178
4 256 257 263 262
4 178 262 264 180
4 262 263 265 264
4 257 260 266 263
4 260 261 267 266
4 263 266 268 265
4 266 267 269 268
4 189 270 271 190
4 270 272 273 271
4 190 271 274 192
4 271 273 275 274
4 272 276 277 273
4 276 278 279 277
4 273 277 280 275
4 277 279 281 280
4 192 274 282 198
4 274 275 283 282
4 198 282 284 200
4 282 283 285 284
4 275 280 286 283
4 280 281 287 286
4 283 286 288 285
4 286 287 289 288
4 200 284 290 206
4 284 285 291 290
4 206 290 292 208
4 290 291 293 292
4 285 288 294 291
4 288 289 295 294
4 291 294 296 293
4 294 295 297 296
4 208 292 298 226
4 292 293 299 298
4 226 298 300 228
4 298 299 301 300
4 293 296 302 299
4 296 297 303 302
4 299 302 304 301
4 302 303 305 304
4 228 300 306 243
4 300 301 307 306
4 243 306 308 245
4 306 307 309 308
4 301 304 310 307
4 304 305 311 310
4 307 310 312 309
4 310 311 313 312
4 245 308 314 251
4 308 309 315 314
4 251 314 316 253
4 314 315 317 316
4 309 312 318 315
4 312 313 319 318
4 315 318 320 317
4 318 319 321 320
4 253 316 322 259
4 316 317 323 322
4 259 322 324 261
4 322 323 325 324
4 317 320 326 323
4 320 321 327 326
4 323 326 328 325
4 326 327 329 328
4 261 324 330 267
4 324 325 331 330
4 267 330 332 269
4 330 331 333 332
4 325 328 334 331
4 328 329 335 334
4 331 334 336 333
4 334 335 337 336
1 2 4 5 8 10 12 17 20 27 30 37 40 47 50 57 60 67 70 77 79 80 81 84 85 86 88 92 94 175 176 179 180 181 183 187 189 264 265 268 269 270 272 276 278 279 281 287 289 295 297 303 305 311 313 319 321 327 329 332 333 335 336 337
