97 76 1
0 0
0.125 0
0.125 0.125
0 0.125
0.25 0
0.25 0.125
0.125 0.25
0 0.25
0.25 0.25
0.125 0.375
0 0.375
0.25 0.375
0.125 0.5
0 0.5
0.25 0.5
0.125 0.625
0 0.625
0.25 0.625
0.125 0.75
0 0.75
0.25 0.75
0.125 0.875
0 0.875
0.25 0.875
0.125 1
0 1
0.25 1
0.375 0
0.375 0.125
0.5 0
0.5 0.125
0.375 0.25
0.5 0.25
0.375 0.375
0.5 0.375
0.4375 0.375
0.375 0.4375
0.375 0.5
0.4375 0.4375
0.5 0.4375
0.4375 0.5
0.5 0.5
0.375 0.5625
0.375 0.625
0.4375 0.5625
0.5 0.5625
0.4375 0.625
0.5 0.625
0.375 0.75
0.5 0.75
0.375 0.875
0.5 0.875
0.375 1
0.5 1
0.625 0
0.625 0.125
0.75 0
0.75 0.125
0.625 0.25
0.75 0.25
0.625 0.375
0.5625 0.375
0.75 0.375
0.5625 0.4375
0.625 0.4375
0.5625 0.5
0.625 0.5
0.75 0.5
0.5625 0.5625
0.625 0.5625
0.5625 0.625
0.625 0.625
0.75 0.625
0.625 0.75
0.75 0.75
0.625 0.875
0.75 0.875
0.625 1
0.75 1
0.875 0
0.875 0.125
1 0
1 0.125
0.875 0.25
1 0.25
0.875 0.375
1 0.375
0.875 0.5
1 0.5
0.875 0.625
1 0.625
0.875 0.75
1 0.75
0.875 0.875
1 0.875
0.875 1
1 1
4 1 2 3 4
4 2 5 6 3
4 4 3 7 8
4 3 6 9 7
4 8 7 10 11
4 7 9 12 10
4 11 10 13 14
4 10 12 15 13
4 14 13 16 17
4 13 15 18 16
4 17 16 19 20
4 16 18 21 19
4 20 19 22 23
4 19 21 24 22
4 23 22 25 26
4 22 24 27 25
4 5 28 29 6
4 28 30 31 29
4 6 29 32 9
4 29 31 33 32
4 9 32 34 12
5 32 33 35 36 34
5 12 34 37 38 15
4 34 36 39 37
4 36 35 40 39
4 37 39 41 38
4 39 40 42 41
5 15 38 43 44 18
4 38 41 45 43
4 41 42 46 45
4 43 45 47 44
4 45 46 48 47
4 18 44 49 21
5 44 47 48 50 49
4 21 49 51 24
4 49 50 52 51
4 24 51 53 27
4 51 52 54 53
4 30 55 56 31
4 55 57 58 56
4 31 56 59 33
4 56 58 60 59
5 33 59 61 62 35
4 59 60 63 61
4 35 62 64 40
4 62 61 65 64
4 40 64 66 42
4 64 65 67 66
5 61 63 68 67 65
4 42 66 69 46
4 66 67 70 69
4 46 69 71 48
4 69 70 72 71
5 67 68 73 72 70
5 48 71 72 74 50
4 72 73 75 74
4 50 74 76 52
4 74 75 77 76
4 52 76 78 54
4 76 77 79 78
4 57 80 81 58
4 80 82 83 81
4 58 81 84 60
4 81 83 85 84
4 60 84 86 63
4 84 85 87 86
4 63 86 88 68
4 86 87 89 88
4 68 88 90 73
4 88 89 91 90
4 73 90 92 75
4 90 91 93 92
4 75 92 94 77
4 92 93 95 94
4 77 94 96 79
4 94 95 97 96
1 2 4 5 8 11 14 17 20 23 25 26 27 28 30 53 54 55 57 78 79 80 82 83 85 87 89 91 93 95 96 97
