113 84 1
0 0
0.166666666666667 0
0.166666666666667 0.166666666666667
0 0.166666666666667
0.166666666666667 0.333333333333333
0 0.333333333333333
0.166666666666667 0.5
0 0.5
0.166666666666667 0.666666666666667
0 0.666666666666667
0.166666666666667 0.833333333333333
0 0.833333333333333
0.166666666666667 1
0 1
0.333333333333333 0
0.333333333333333 0.166666666666667
0.333333333333333 0.333333333333333
0.333333333333333 0.416666666666667
0.333333333333333 0.5
0.333333333333333 0.583333333333333
0.333333333333333 0.666666666666667
0.333333333333333 0.833333333333333
0.333333333333333 1
0.5 0
0.5 0.166666666666667
0.5 0.333333333333333
0.416666666666667 0.333333333333333
0.416666666666667 0.416666666666667
0.5 0.416666666666667
0.458333333333333 0.416666666666667
0.416666666666667 0.458333333333333
0.416666666666667 0.5
0.458333333333333 0.458333333333333
0.5 0.458333333333333
0.479166666666667 0.458333333333333
0.458333333333333 0.479166666666667
0.458333333333333 0.5
0.479166666666667 0.479166666666667
0.5 0.479166666666667
0.489583333333333 0.479166666666667
0.479166666666667 0.489583333333333
0.479166666666667 0.5
0.489583333333333 0.489583333333333
0.5 0.489583333333333
0.489583333333333 0.5
0.5 0.5
0.416666666666667 0.541666666666667
0.416666666666667 0.583333333333333
0.458333333333333 0.520833333333333
0.458333333333333 0.541666666666667
0.479166666666667 0.510416666666667
0.479166666666667 0.520833333333333
0.489583333333333 0.510416666666667
0.5 0.510416666666667
0.489583333333333 0.520833333333333
0.5 0.520833333333333
0.479166666666667 0.541666666666667
0.5 0.541666666666667
0.458333333333333 0.583333333333333
0.5 0.583333333333333
0.416666666666667 0.666666666666667
0.5 0.666666666666667
0.5 0.833333333333333
0.5 1
0.666666666666667 0
0.666666666666667 0.166666666666667
0.666666666666667 0.333333333333333
0.583333333333333 0.333333333333333
0.583333333333333 0.416666666666667
0.541666666666667 0.416666666666667
0.666666666666667 0.416666666666667
0.541666666666667 0.458333333333333
0.520833333333333 0.458333333333333
0.583333333333333 0.458333333333333
0.520833333333333 0.479166666666667
0.510416666666667 0.479166666666667
0.541666666666667 0.479166666666667
0.510416666666667 0.489583333333333
0.520833333333333 0.489583333333333
0.510416666666667 0.5
0.520833333333333 0.5
0.541666666666667 0.5
0.583333333333333 0.5
0.666666666666667 0.5
0.510416666666667 0.510416666666667
0.520833333333333 0.510416666666667
0.510416666666667 0.520833333333333
0.520833333333333 0.520833333333333
0.541666666666667 0.520833333333333
0.520833333333333 0.541666666666667
0.541666666666667 0.541666666666667
0.583333333333333 0.541666666666667
0.541666666666667 0.583333333333333
0.583333333333333 0.583333333333333
0.666666666666667 0.583333333333333
0.583333333333333 0.666666666666667
0.666666666666667 0.666666666666667
0.666666666666667 0.833333333333333
0.666666666666667 1
0.833333333333333 0
0.833333333333333 0.166666666666667
0.833333333333333 0.333333333333333
0.833333333333333 0.5
0.833333333333333 0.666666666666667
0.833333333333333 0.833333333333333
0.833333333333333 1
1 0
1 0.166666666666667
1 0.333333333333333
1 0.5
1 0.666666666666667
1 0.833333333333333
1 1
4 1 2 3 4
4 4 3 5 6
4 6 5 7 8
4 8 7 9 10
4 10 9 11 12
4 12 11 13 14
4 2 15 16 3
4 3 16 17 5
5 5 17 18 19 7
5 7 19 20 21 9
4 9 21 22 11
4 11 22 23 13
4 15 24 25 16
5 16 25 26 27 17
4 17 27 28 18
5 27 26 29 30 28
5 18 28 31 32 19
4 28 30 33 31
5 30 29 34 35 33
5 31 33 36 37 32
4 33 35 38 36
5 35 34 39 40 38
5 36 38 41 42 37
4 38 40 43 41
4 40 39 44 43
4 41 43 45 42
4 43 44 46 45
5 19 32 47 48 20
5 32 37 49 50 47
5 37 42 51 52 49
4 42 45 53 51
4 45 46 54 53
4 51 53 55 52
4 53 54 56 55
4 49 52 57 50
5 52 55 56 58 57
4 47 50 59 48
5 50 57 58 60 59
4 20 48 61 21
5 48 59 60 62 61
5 21 61 62 63 22
4 22 63 64 23
4 24 65 66 25
5 25 66 67 68 26
5 26 68 69 70 29
4 68 67 71 69
5 29 70 72 73 34
4 70 69 74 72
5 34 73 75 76 39
4 73 72 77 75
4 39 76 78 44
4 76 75 79 78
4 44 78 80 46
4 78 79 81 80
5 75 77 82 81 79
5 72 74 83 82 77
5 69 71 84 83 74
4 46 80 85 54
4 80 81 86 85
4 54 85 87 56
4 85 86 88 87
5 81 82 89 88 86
5 56 87 88 90 58
4 88 89 91 90
5 82 83 92 91 89
5 58 90 91 93 60
4 91 92 94 93
5 83 84 95 94 92
5 60 93 94 96 62
4 94 95 97 96
5 62 96 97 98 63
4 63 98 99 64
4 65 100 101 66
4 66 101 102 67
5 67 102 103 84 71
5 84 103 104 97 95
4 97 104 105 98
4 98 105 106 99
4 100 107 108 101
4 101 108 109 102
4 102 109 110 103
4 103 110 111 104
4 104 111 112 105
4 105 112 113 106
1 2 4 6 8 10 12 13 14 15 23 24 64 65 99 100 106 107 108 109 110 111 112 113
