81 60 1
0 0
0.166666666666667 0
0.166666666666667 0.166666666666667
0 0.166666666666667
0.166666666666667 0.333333333333333
0 0.333333333333333
0.166666666666667 0.5
0 0.5
0.166666666666667 0.666666666666667
0 0.666666666666667
0.166666666666667 0.833333333333333
0 0.833333333333333
0.166666666666667 1
0 1
0.333333333333333 0
0.333333333333333 0.166666666666667
0.333333333333333 0.333333333333333
0.333333333333333 0.416666666666667
0.333333333333333 0.5
0.333333333333333 0.583333333333333
0.333333333333333 0.666666666666667
0.333333333333333 0.833333333333333
0.333333333333333 1
0.5 0
0.5 0.166666666666667
0.5 0.333333333333333
0.416666666666667 0.333333333333333
0.416666666666667 0.416666666666667
0.5 0.416666666666667
0.458333333333333 0.416666666666667
0.416666666666667 0.458333333333333
0.416666666666667 0.5
0.458333333333333 0.458333333333333
0.5 0.458333333333333
0.458333333333333 0.5
0.5 0.5
0.416666666666667 0.541666666666667
0.416666666666667 0.583333333333333
0.458333333333333 0.541666666666667
0.5 0.541666666666667
0.458333333333333 0.583333333333333
0.5 0.583333333333333
0.416666666666667 0.666666666666667
0.5 0.666666666666667
0.5 0.833333333333333
0.5 1
0.666666666666667 0
0.666666666666667 0.166666666666667
0.666666666666667 0.333333333333333
0.583333333333333 0.333333333333333
0.583333333333333 0.416666666666667
0.541666666666667 0.416666666666667
0.666666666666667 0.416666666666667
0.541666666666667 0.458333333333333
0.583333333333333 0.458333333333333
0.541666666666667 0.5
0.583333333333333 0.5
0.666666666666667 0.5
0.541666666666667 0.541666666666667
0.583333333333333 0.541666666666667
0.541666666666667 0.583333333333333
0.583333333333333 0.583333333333333
0.666666666666667 0.583333333333333
0.583333333333333 0.666666666666667
0.666666666666667 0.666666666666667
0.666666666666667 0.833333333333333
0.666666666666667 1
0.833333333333333 0
0.833333333333333 0.166666666666667
0.833333333333333 0.333333333333333
0.833333333333333 0.5
0.833333333333333 0.666666666666667
0.833333333333333 0.833333333333333
0.833333333333333 1
1 0
1 0.166666666666667
1 0.333333333333333
1 0.5
1 0.666666666666667
1 0.833333333333333
1 1
4 1 2 3 4
4 4 3 5 6
4 6 5 7 8
4 8 7 9 10
4 10 9 11 12
4 12 11 13 14
4 2 15 16 3
4 3 16 17 5
5 5 17 18 19 7
5 7 19 20 21 9
4 9 21 22 11
4 11 22 23 13
4 15 24 25 16
5 16 25 26 27 17
4 17 27 28 18
5 27 26 29 30 28
5 18 28 31 32 19
4 28 30 33 31
4 30 29 34 33
4 31 33 35 32
4 33 34 36 35
5 19 32 37 38 20
4 32 35 39 37
4 35 36 40 39
4 37 39 41 38
4 39 40 42 41
4 20 38 43 21
5 38 41 42 44 43
5 21 43 44 45 22
4 22 45 46 23
4 24 47 48 25
5 25 48 49 50 26
5 26 50 51 52 29
4 50 49 53 51
4 29 52 54 34
4 52 51 55 54
4 34 54 56 36
4 54 55 57 56
5 51 53 58 57 55
4 36 56 59 40
4 56 57 60 59
4 40 59 61 42
4 59 60 62 61
5 57 58 63 62 60
5 42 61 62 64 44
4 62 63 65 64
5 44 64 65 66 45
4 45 66 67 46
4 47 68 69 48
4 48 69 70 49
5 49 70 71 58 53
5 58 71 72 65 63
4 65 72 73 66
4 66 73 74 67
4 68 75 76 69
4 69 76 77 70
4 70 77 78 71
4 71 78 79 72
4 72 79 80 73
4 73 80 81 74
1 2 4 6 8 10 12 13 14 15 23 24 46 47 67 68 74 75 76 77 78 79 80 81
