41 28 1
0 0
0.25 0
0.25 0.25
0 0.25
0.25 0.375
0.25 0.5
0 0.5
0.25 0.625
0.25 0.75
0 0.75
0.25 1
0 1
0.5 0
0.5 0.25
0.375 0.25
0.375 0.375
0.5 0.375
0.375 0.5
0.5 0.5
0.375 0.625
0.5 0.625
0.375 0.75
0.5 0.75
0.5 1
0.75 0
0.75 0.25
0.625 0.25
0.625 0.375
0.75 0.375
0.625 0.5
0.75 0.5
0.625 0.625
0.75 0.625
0.625 0.75
0.75 0.75
0.75 1
1 0
1 0.25
1 0.5
1 0.75
1 1
4 1 2 3 4
5 4 3 5 6 7
5 7 6 8 9 10
4 10 9 11 12
5 2 13 14 15 3
4 3 15 16 5
4 15 14 17 16
4 5 16 18 6
4 16 17 19 18
4 6 18 20 8
4 18 19 21 20
4 8 20 22 9
4 20 21 23 22
5 9 22 23 24 11
5 13 25 26 27 14
4 14 27 28 17
4 27 26 29 28
4 17 28 30 19
4 28 29 31 30
4 19 30 32 21
4 30 31 33 32
4 21 32 34 23
4 32 33 35 34
5 23 34 35 36 24
4 25 37 38 26
5 26 38 39 31 29
5 31 39 40 35 33
4 35 40 41 36
1 2 4 7 10 11 12 13 24 25 36 37 38 39 40 41
