353 304 1
0 0
0.0625 0
0.0625 0.0625
0 0.0625
0.125 0
0.125 0.0625
0.0625 0.125
0 0.125
0.125 0.125
0.1875 0
0.1875 0.0625
0.25 0
0.25 0.0625
0.1875 0.125
0.25 0.125
0.0625 0.1875
0 0.1875
0.125 0.1875
0.0625 0.25
0 0.25
0.125 0.25
0.1875 0.1875
0.25 0.1875
0.1875 0.25
0.25 0.25
0.0625 0.3125
0 0.3125
0.125 0.3125
0.0625 0.375
0 0.375
0.125 0.375
0.1875 0.3125
0.25 0.3125
0.1875 0.375
0.25 0.375
0.0625 0.4375
0 0.4375
0.125 0.4375
0.0625 0.5
0 0.5
0.125 0.5
0.1875 0.4375
0.25 0.4375
0.1875 0.5
0.25 0.5
0.0625 0.5625
0 0.5625
0.125 0.5625
0.0625 0.625
0 0.625
0.125 0.625
0.1875 0.5625
0.25 0.5625
0.1875 0.625
0.25 0.625
0.0625 0.6875
0 0.6875
0.125 0.6875
0.0625 0.75
0 0.75
0.125 0.75
0.1875 0.6875
0.25 0.6875
0.1875 0.75
0.25 0.75
0.0625 0.8125
0 0.8125
0.125 0.8125
0.0625 0.875
0 0.875
0.125 0.875
0.1875 0.8125
0.25 0.8125
0.1875 0.875
0.25 0.875
0.0625 0.9375
0 0.9375
0.125 0.9375
0.0625 1
0 1
0.125 1
0.1875 0.9375
0.25 0.9375
0.1875 1
0.25 1
0.3125 0
0.3125 0.0625
0.375 0
0.375 0.0625
0.3125 0.125
0.375 0.125
0.4375 0
0.4375 0.0625
0.5 0
0.5 0.0625
0.4375 0.125
0.5 0.125
0.3125 0.1875
0.375 0.1875
0.3125 0.25
0.375 0.25
0.4375 0.1875
0.5 0.1875
0.4375 0.25
0.5 0.25
0.3125 0.3125
0.375 0.3125
0.3125 0.375
0.375 0.375
0.4375 0.3125
0.5 0.3125
0.4375 0.375
0.5 0.375
0.3125 0.4375
0.375 0.4375
0.3125 0.5
0.375 0.5
0.4375 0.4375
0.5 0.4375
0.46875 0.4375
0.4375 0.46875
0.4375 0.5
0.46875 0.46875
0.5 0.46875
0.484375 0.46875
0.46875 0.484375
0.46875 0.5
0.484375 0.484375
0.5 0.484375
0.4921875 0.484375
0.484375 0.4921875
0.484375 0.5
0.4921875 0.4921875
0.5 0.4921875
0.49609375 0.4921875
0.4921875 0.49609375
0.4921875 0.5
0.49609375 0.49609375
0.5 0.49609375
0.49609375 0.5
0.5 0.5
0.3125 0.5625
0.375 0.5625
0.3125 0.625
0.375 0.625
0.4375 0.53125
0.4375 0.5625
0.46875 0.515625
0.46875 0.53125
0.484375 0.5078125
0.484375 0.515625
0.4921875 0.50390625
0.4921875 0.5078125
0.49609375 0.50390625
0.5 0.50390625
0.49609375 0.5078125
0.5 0.5078125
0.4921875 0.515625
0.5 0.515625
0.484375 0.53125
0.5 0.53125
0.46875 0.5625
0.5 0.5625
0.4375 0.625
0.5 0.625
0.3125 0.6875
0.375 0.6875
0.3125 0.75
0.375 0.75
0.4375 0.6875
0.5 0.6875
0.4375 0.75
0.5 0.75
0.3125 0.8125
0.375 0.8125
0.3125 0.875
0.375 0.875
0.4375 0.8125
0.5 0.8125
0.4375 0.875
0.5 0.875
0.3125 0.9375
0.375 0.9375
0.3125 1
0.375 1
0.4375 0.9375
0.5 0.9375
0.4375 1
0.5 1
0.5625 0
0.5625 0.0625
0.625 0
0.625 0.0625
0.5625 0.125
0.625 0.125
0.6875 0
0.6875 0.0625
0.75 0
0.75 0.0625
0.6875 0.125
0.75 0.125
0.5625 0.1875
0.625 0.1875
0.5625 0.25
0.625 0.25
0.6875 0.1875
0.75 0.1875
0.6875 0.25
0.75 0.25
0.5625 0.3125
0.625 0.3125
0.5625 0.375
0.625 0.375
0.6875 0.3125
0.75 0.3125
0.6875 0.375
0.75 0.375
0.5625 0.4375
0.53125 0.4375
0.625 0.4375
0.53125 0.46875
0.515625 0.46875
0.5625 0.46875
0.515625 0.484375
0.5078125 0.484375
0.53125 0.484375
0.5078125 0.4921875
0.50390625 0.4921875
0.515625 0.4921875
0.50390625 0.49609375
0.5078125 0.49609375
0.50390625 0.5
0.5078125 0.5
0.515625 0.5
0.53125 0.5
0.5625 0.5
0.625 0.5
0.6875 0.4375
0.75 0.4375
0.6875 0.5
0.75 0.5
0.50390625 0.50390625
0.5078125 0.50390625
0.50390625 0.5078125
0.5078125 0.5078125
0.515625 0.5078125
0.5078125 0.515625
0.515625 0.515625
0.53125 0.515625
0.515625 0.53125
0.53125 0.53125
0.5625 0.53125
0.53125 0.5625
0.5625 0.5625
0.625 0.5625
0.5625 0.625
0.625 0.625
0.6875 0.5625
0.75 0.5625
0.6875 0.625
0.75 0.625
0.5625 0.6875
0.625 0.6875
0.5625 0.75
0.625 0.75
0.6875 0.6875
0.75 0.6875
0.6875 0.75
0.75 0.75
0.5625 0.8125
0.625 0.8125
0.5625 0.875
0.625 0.875
0.6875 0.8125
0.75 0.8125
0.6875 0.875
0.75 0.875
0.5625 0.9375
0.625 0.9375
0.5625 1
0.625 1
0.6875 0.9375
0.75 0.9375
0.6875 1
0.75 1
0.8125 0
0.8125 0.0625
0.875 0
0.875 0.0625
0.8125 0.125
0.875 0.125
0.9375 0
0.9375 0.0625
1 0
1 0.0625
0.9375 0.125
1 0.125
0.8125 0.1875
0.875 0.1875
0.8125 0.25
0.875 0.25
0.9375 0.1875
1 0.1875
0.9375 0.25
1 0.25
0.8125 0.3125
0.875 0.3125
0.8125 0.375
0.875 0.375
0.9375 0.3125
1 0.3125
0.9375 0.375
1 0.375
0.8125 0.4375
0.875 0.4375
0.8125 0.5
0.875 0.5
0.9375 0.4375
1 0.4375
0.9375 0.5
1 0.5
0.8125 0.5625
0.875 0.5625
0.8125 0.625
0.875 0.625
0.9375 0.5625
1 0.5625
0.9375 0.625
1 0.625
0.8125 0.6875
0.875 0.6875
0.8125 0.75
0.875 0.75
0.9375 0.6875
1 0.6875
0.9375 0.75
1 0.75
0.8125 0.8125
0.875 0.8125
0.8125 0.875
0.875 0.875
0.9375 0.8125
1 0.8125
0.9375 0.875
1 0.875
0.8125 0.9375
0.875 0.9375
0.8125 1
0.875 1
0.9375 0.9375
1 0.9375
0.9375 1
1 1
4 1 2 3 4
4 2 5 6 3
4 4 3 7 8
4 3 6 9 7
4 5 10 11 6
4 10 12 13 11
4 6 11 14 9
4 11 13 15 14
4 8 7 16 17
4 7 9 18 16
4 17 16 19 20
4 16 18 21 19
4 9 14 22 18
4 14 15 23 22
4 18 22 24 21
4 22 23 25 24
4 20 19 26 27
4 19 21 28 26
4 27 26 29 30
4 26 28 31 29
4 21 24 32 28
4 24 25 33 32
4 28 32 34 31
4 32 33 35 34
4 30 29 36 37
4 29 31 38 36
4 37 36 39 40
4 36 38 41 39
4 31 34 42 38
4 34 35 43 42
4 38 42 44 41
4 42 43 45 44
4 40 39 46 47
4 39 41 48 46
4 47 46 49 50
4 46 48 51 49
4 41 44 52 48
4 44 45 53 52
4 48 52 54 51
4 52 53 55 54
4 50 49 56 57
4 49 51 58 56
4 57 56 59 60
4 56 58 61 59
4 51 54 62 58
4 54 55 63 62
4 58 62 64 61
4 62 63 65 64
4 60 59 66 67
4 59 61 68 66
4 67 66 69 70
4 66 68 71 69
4 61 64 72 68
4 64 65 73 72
4 68 72 74 71
4 72 73 75 74
4 70 69 76 77
4 69 71 78 76
4 77 76 79 80
4 76 78 81 79
4 71 74 82 78
4 74 75 83 82
4 78 82 84 81
4 82 83 85 84
4 12 86 87 13
4 86 88 89 87
4 13 87 90 15
4 87 89 91 90
4 88 92 93 89
4 92 94 95 93
4 89 93 96 91
4 93 95 97 96
4 15 90 98 23
4 90 91 99 98
4 23 98 100 25
4 98 99 101 100
4 91 96 102 99
4 96 97 103 102
4 99 102 104 101
4 102 103 105 104
4 25 100 106 33
4 100 101 107 106
4 33 106 108 35
4 106 107 109 108
4 101 104 110 107
4 104 105 111 110
4 107 110 112 109
4 110 111 113 112
4 35 108 114 43
4 108 109 115 114
4 43 114 116 45
4 114 115 117 116
4 109 112 118 115
5 112 113 119 120 118
5 115 118 121 122 117
4 118 120 123 121
5 120 119 124 125 123
5 121 123 126 127 122
4 123 125 128 126
5 125 124 129 130 128
5 126 128 131 132 127
4 128 130 133 131
5 130 129 134 135 133
5 131 133 136 137 132
4 133 135 138 136
4 135 134 139 138
4 136 138 140 137
4 138 139 141 140
4 45 116 142 53
4 116 117 143 142
4 53 142 144 55
4 142 143 145 144
5 117 122 146 147 143
5 122 127 148 149 146
5 127 132 150 151 148
5 132 137 152 153 150
4 137 140 154 152
4 140 141 155 154
4 152 154 156 153
4 154 155 157 156
4 150 153 158 151
5 153 156 157 159 158
4 148 151 160 149
5 151 158 159 161 160
4 146 149 162 147
5 149 160 161 163 162
4 143 147 164 145
5 147 162 163 165 164
4 55 144 166 63
4 144 145 167 166
4 63 166 168 65
4 166 167 169 168
4 145 164 170 167
4 164 165 171 170
4 167 170 172 169
4 170 171 173 172
4 65 168 174 73
4 168 169 175 174
4 73 174 176 75
4 174 175 177 176
4 169 172 178 175
4 172 173 179 178
4 175 178 180 177
4 178 179 181 180
4 75 176 182 83
4 176 177 183 182
4 83 182 184 85
4 182 183 185 184
4 177 180 186 183
4 180 181 187 186
4 183 186 188 185
4 186 187 189 188
4 94 190 191 95
4 190 192 193 191
4 95 191 194 97
4 191 193 195 194
4 192 196 197 193
4 196 198 199 197
4 193 197 200 195
4 197 199 201 200
4 97 194 202 103
4 194 195 203 202
4 103 202 204 105
4 202 203 205 204
4 195 200 206 203
4 200 201 207 206
4 203 206 208 205
4 206 207 209 208
4 105 204 210 111
4 204 205 211 210
4 111 210 212 113
4 210 211 213 212
4 205 208 214 211
4 208 209 215 214
4 211 214 216 213
4 214 215 217 216
5 113 212 218 219 119
4 212 213 220 218
5 119 219 221 222 124
4 219 218 223 221
5 124 222 224 225 129
4 222 221 226 224
5 129 225 227 228 134
4 225 224 229 227
4 134 228 230 139
4 228 227 231 230
4 139 230 232 141
4 230 231 233 232
5 227 229 234 233 231
5 224 226 235 234 229
5 221 223 236 235 226
5 218 220 237 236 223
4 213 216 238 220
4 216 217 239 238
4 220 238 240 237
4 238 239 241 240
4 141 232 242 155
4 232 233 243 242
4 155 242 244 157
4 242 243 245 244
5 233 234 246 245 243
5 157 244 245 247 159
4 245 246 248 247
5 234 235 249 248 246
5 159 247 248 250 161
4 248 249 251 250
5 235 236 252 251 249
5 161 250 251 253 163
4 251 252 254 253
5 236 237 255 254 252
5 163 253 254 256 165
4 254 255 257 256
4 237 240 258 255
4 240 241 259 258
4 255 258 260 257
4 258 259 261 260
4 165 256 262 171
4 256 257 263 262
4 171 262 264 173
4 262 263 265 264
4 257 260 266 263
4 260 261 267 266
4 263 266 268 265
4 266 267 269 268
4 173 264 270 179
4 264 265 271 270
4 179 270 272 181
4 270 271 273 272
4 265 268 274 271
4 268 269 275 274
4 271 274 276 273
4 274 275 277 276
4 181 272 278 187
4 272 273 279 278
4 187 278 280 189
4 278 279 281 280
4 273 276 282 279
4 276 277 283 282
4 279 282 284 281
4 282 283 285 284
4 198 286 287 199
4 286 288 289 287
4 199 287 290 201
4 287 289 291 290
4 288 292 293 289
4 292 294 295 293
4 289 293 296 291
4 293 295 297 296
4 201 290 298 207
4 290 291 299 298
4 207 298 300 209
4 298 299 301 300
4 291 296 302 299
4 296 297 303 302
4 299 302 304 301
4 302 303 305 304
4 209 300 306 215
4 300 301 307 306
4 215 306 308 217
4 306 307 309 308
4 301 304 310 307
4 304 305 311 310
4 307 310 312 309
4 310 311 313 312
4 217 308 314 239
4 308 309 315 314
4 239 314 316 241
4 314 315 317 316
4 309 312 318 315
4 312 313 319 318
4 315 318 320 317
4 318 319 321 320
4 241 316 322 259
4 316 317 323 322
4 259 322 324 261
4 322 323 325 324
4 317 320 326 323
4 320 321 327 326
4 323 326 328 325
4 326 327 329 328
4 261 324 330 267
4 324 325 331 330
4 267 330 332 269
4 330 331 333 332
4 325 328 334 331
4 328 329 335 334
4 331 334 336 333
4 334 335 337 336
4 269 332 338 275
4 332 333 339 338
4 275 338 340 277
4 338 339 341 340
4 333 336 342 339
4 336 337 343 342
4 339 342 344 341
4 342 343 345 344
4 277 340 346 283
4 340 341 347 346
4 283 346 348 285
4 346 347 349 348
4 341 344 350 347
4 344 345 351 350
4 347 350 352 349
4 350 351 353 352
1 2 4 5 8 10 12 17 20 27 30 37 40 47 50 57 60 67 70 77 79 80 81 84 85 86 88 92 94 184 185 188 189 190 192 196 198 280 281 284 285 286 288 292 294 295 297 303 305 311 313 319 321 327 329 335 337 343 345 348 349 351 352 353
