209 156 1
0 0
0.166666666666667 0
0.166666666666667 0.166666666666667
0 0.166666666666667
0.166666666666667 0.333333333333333
0 0.333333333333333
0.166666666666667 0.5
0 0.5
0.166666666666667 0.666666666666667
0 0.666666666666667
0.166666666666667 0.833333333333333
0 0.833333333333333
0.166666666666667 1
0 1
0.333333333333333 0
0.333333333333333 0.166666666666667
0.333333333333333 0.333333333333333
0.333333333333333 0.416666666666667
0.333333333333333 0.5
0.333333333333333 0.583333333333333
0.333333333333333 0.666666666666667
0.333333333333333 0.833333333333333
0.333333333333333 1
0.5 0
0.5 0.166666666666667
0.5 0.333333333333333
0.416666666666667 0.333333333333333
0.416666666666667 0.416666666666667
0.5 0.416666666666667
0.458333333333333 0.416666666666667
0.416666666666667 0.458333333333333
0.416666666666667 0.5
0.458333333333333 0.458333333333333
0.5 0.458333333333333
0.479166666666667 0.458333333333333
0.458333333333333 0.479166666666667
0.458333333333333 0.5
0.479166666666667 0.479166666666667
0.5 0.479166666666667
0.489583333333333 0.479166666666667
0.479166666666667 0.489583333333333
0.479166666666667 0.5
0.489583333333333 0.489583333333333
0.5 0.489583333333333
0.494791666666667 0.489583333333333
0.489583333333333 0.494791666666667
0.489583333333333 0.5
0.494791666666667 0.494791666666667
0.5 0.494791666666667
0.497395833333333 0.494791666666667
0.494791666666667 0.497395833333333
0.494791666666667 0.5
0.497395833333333 0.497395833333333
0.5 0.497395833333333
0.498697916666667 0.497395833333333
0.497395833333333 0.498697916666667
0.497395833333333 0.5
0.498697916666667 0.498697916666667
0.5 0.498697916666667
0.499348958333333 0.498697916666667
0.498697916666667 0.499348958333333
0.498697916666667 0.5
0.499348958333333 0.499348958333333
0.5 0.499348958333333
0.499674479166667 0.499348958333333
0.499348958333333 0.499674479166667
0.499348958333333 0.5
0.499674479166667 0.499674479166667
0.5 0.499674479166667
0.499837239583333 0.499674479166667
0.499674479166667 0.499837239583333
0.499674479166667 0.5
0.499837239583333 0.499837239583333
0.5 0.499837239583333
0.499837239583333 0.5
0.5 0.5
0.416666666666667 0.541666666666667
0.416666666666667 0.583333333333333
0.458333333333333 0.520833333333333
0.458333333333333 0.541666666666667
0.479166666666667 0.510416666666667
0.479166666666667 0.520833333333333
0.489583333333333 0.505208333333333
0.489583333333333 0.510416666666667
0.494791666666667 0.502604166666667
0.494791666666667 0.505208333333333
0.497395833333333 0.501302083333333
0.497395833333333 0.502604166666667
0.498697916666667 0.500651041666667
0.498697916666667 0.501302083333333
0.499348958333333 0.500325520833333
0.499348958333333 0.500651041666667
0.499674479166667 0.500162760416667
0.499674479166667 0.500325520833333
0.499837239583333 0.500162760416667
0.5 0.500162760416667
0.499837239583333 0.500325520833333
0.5 0.500325520833333
0.499674479166667 0.500651041666667
0.5 0.500651041666667
0.499348958333333 0.501302083333333
0.5 0.501302083333333
0.498697916666667 0.502604166666667
0.5 0.502604166666667
0.497395833333333 0.505208333333333
0.5 0.505208333333333
0.494791666666667 0.510416666666667
0.5 0.510416666666667
0.489583333333333 0.520833333333333
0.5 0.520833333333333
0.479166666666667 0.541666666666667
0.5 0.541666666666667
0.458333333333333 0.583333333333333
0.5 0.583333333333333
0.416666666666667 0.666666666666667
0.5 0.666666666666667
0.5 0.833333333333333
0.5 1
0.666666666666667 0
0.666666666666667 0.166666666666667
0.666666666666667 0.333333333333333
0.583333333333333 0.333333333333333
0.583333333333333 0.416666666666667
0.541666666666667 0.416666666666667
0.666666666666667 0.416666666666667
0.541666666666667 0.458333333333333
0.520833333333333 0.458333333333333
0.583333333333333 0.458333333333333
0.520833333333333 0.479166666666667
0.510416666666667 0.479166666666667
0.541666666666667 0.479166666666667
0.510416666666667 0.489583333333333
0.505208333333333 0.489583333333333
0.520833333333333 0.489583333333333
0.505208333333333 0.494791666666667
0.502604166666667 0.494791666666667
0.510416666666667 0.494791666666667
0.502604166666667 0.497395833333333
0.501302083333333 0.497395833333333
0.505208333333333 0.497395833333333
0.501302083333333 0.498697916666667
0.500651041666667 0.498697916666667
0.502604166666667 0.498697916666667
0.500651041666667 0.499348958333333
0.500325520833333 0.499348958333333
0.501302083333333 0.499348958333333
0.500325520833333 0.499674479166667
0.500162760416667 0.499674479166667
0.500651041666667 0.499674479166667
0.500162760416667 0.499837239583333
0.500325520833333 0.499837239583333
0.500162760416667 0.5
0.500325520833333 0.5
0.500651041666667 0.5
0.501302083333333 0.5
0.502604166666667 0.5
0.505208333333333 0.5
0.510416666666667 0.5
0.520833333333333 0.5
0.541666666666667 0.5
0.583333333333333 0.5
0.666666666666667 0.5
0.500162760416667 0.500162760416667
0.500325520833333 0.500162760416667
0.500162760416667 0.500325520833333
0.500325520833333 0.500325520833333
0.500651041666667 0.500325520833333
0.500325520833333 0.500651041666667
0.500651041666667 0.500651041666667
0.501302083333333 0.500651041666667
0.500651041666667 0.501302083333333
0.501302083333333 0.501302083333333
0.502604166666667 0.501302083333333
0.501302083333333 0.502604166666667
0.502604166666667 0.502604166666667
0.505208333333333 0.502604166666667
0.502604166666667 0.505208333333333
0.505208333333333 0.505208333333333
0.510416666666667 0.505208333333333
0.505208333333333 0.510416666666667
0.510416666666667 0.510416666666667
0.520833333333333 0.510416666666667
0.510416666666667 0.520833333333333
0.520833333333333 0.520833333333333
0.541666666666667 0.520833333333333
0.520833333333333 0.541666666666667
0.541666666666667 0.541666666666667
0.583333333333333 0.541666666666667
0.541666666666667 0.583333333333333
0.583333333333333 0.583333333333333
0.666666666666667 0.583333333333333
0.583333333333333 0.666666666666667
0.666666666666667 0.666666666666667
0.666666666666667 0.833333333333333
0.666666666666667 1
0.833333333333333 0
0.833333333333333 0.166666666666667
0.833333333333333 0.333333333333333
0.833333333333333 0.5
0.833333333333333 0.666666666666667
0.833333333333333 0.833333333333333
0.833333333333333 1
1 0
1 0.166666666666667
1 0.333333333333333
1 0.5
1 0.666666666666667
1 0.833333333333333
1 1
4 1 2 3 4
4 4 3 5 6
4 6 5 7 8
4 8 7 9 10
4 10 9 11 12
4 12 11 13 14
4 2 15 16 3
4 3 16 17 5
5 5 17 18 19 7
5 7 19 20 21 9
4 9 21 22 11
4 11 22 23 13
4 15 24 25 16
5 16 25 26 27 17
4 17 27 28 18
5 27 26 29 30 28
5 18 28 31 32 19
4 28 30 33 31
5 30 29 34 35 33
5 31 33 36 37 32
4 33 35 38 36
5 35 34 39 40 38
5 36 38 41 42 37
4 38 40 43 41
5 40 39 44 45 43
5 41 43 46 47 42
4 43 45 48 46
5 45 44 49 50 48
5 46 48 51 52 47
4 48 50 53 51
5 50 49 54 55 53
5 51 53 56 57 52
4 53 55 58 56
5 55 54 59 60 58
5 56 58 61 62 57
4 58 60 63 61
5 60 59 64 65 63
5 61 63 66 67 62
4 63 65 68 66
5 65 64 69 70 68
5 66 68 71 72 67
4 68 70 73 71
4 70 69 74 73
4 71 73 75 72
4 73 74 76 75
5 19 32 77 78 20
5 32 37 79 80 77
5 37 42 81 82 79
5 42 47 83 84 81
5 47 52 85 86 83
5 52 57 87 88 85
5 57 62 89 90 87
5 62 67 91 92 89
5 67 72 93 94 91
4 72 75 95 93
4 75 76 96 95
4 93 95 97 94
4 95 96 98 97
4 91 94 99 92
5 94 97 98 100 99
4 89 92 101 90
5 92 99 100 102 101
4 87 90 103 88
5 90 101 102 104 103
4 85 88 105 86
5 88 103 104 106 105
4 83 86 107 84
5 86 105 106 108 107
4 81 84 109 82
5 84 107 108 110 109
4 79 82 111 80
5 82 109 110 112 111
4 77 80 113 78
5 80 111 112 114 113
4 20 78 115 21
5 78 113 114 116 115
5 21 115 116 117 22
4 22 117 118 23
4 24 119 120 25
5 25 120 121 122 26
5 26 122 123 124 29
4 122 121 125 123
5 29 124 126 127 34
4 124 123 128 126
5 34 127 129 130 39
4 127 126 131 129
5 39 130 132 133 44
4 130 129 134 132
5 44 133 135 136 49
4 133 132 137 135
5 49 136 138 139 54
4 136 135 140 138
5 54 139 141 142 59
4 139 138 143 141
5 59 142 144 145 64
4 142 141 146 144
5 64 145 147 148 69
4 145 144 149 147
4 69 148 150 74
4 148 147 151 150
4 74 150 152 76
4 150 151 153 152
5 147 149 154 153 151
5 144 146 155 154 149
5 141 143 156 155 146
5 138 140 157 156 143
5 135 137 158 157 140
5 132 134 159 158 137
5 129 131 160 159 134
5 126 128 161 160 131
5 123 125 162 161 128
4 76 152 163 96
4 152 153 164 163
4 96 163 165 98
4 163 164 166 165
5 153 154 167 166 164
5 98 165 166 168 100
4 166 167 169 168
5 154 155 170 169 167
5 100 168 169 171 102
4 169 170 172 171
5 155 156 173 172 170
5 102 171 172 174 104
4 172 173 175 174
5 156 157 176 175 173
5 104 174 175 177 106
4 175 176 178 177
5 157 158 179 178 176
5 106 177 178 180 108
4 178 179 181 180
5 158 159 182 181 179
5 108 180 181 183 110
4 181 182 184 183
5 159 160 185 184 182
5 110 183 184 186 112
4 184 185 187 186
5 160 161 188 187 185
5 112 186 187 189 114
4 187 188 190 189
5 161 162 191 190 188
5 114 189 190 192 116
4 190 191 193 192
5 116 192 193 194 117
4 117 194 195 118
4 119 196 197 120
4 120 197 198 121
5 121 198 199 162 125
5 162 199 200 193 191
4 193 200 201 194
4 194 201 202 195
4 196 203 204 197
4 197 204 205 198
4 198 205 206 199
4 199 206 207 200
4 200 207 208 201
4 201 208 209 202
1 2 4 6 8 10 12 13 14 15 23 24 118 119 195 196 202 203 204 205 206 207 208 209
