89 64 1
0 0
0.25 0
0.25 0.25
0 0.25
0.25 0.375
0.25 0.5
0 0.5
0.25 0.625
0.25 0.75
0 0.75
0.25 1
0 1
0.5 0
0.5 0.25
0.375 0.25
0.375 0.375
0.5 0.375
0.4375 0.375
0.375 0.4375
0.375 0.5
0.4375 0.4375
0.5 0.4375
0.46875 0.4375
0.4375 0.46875
0.4375 0.5
0.46875 0.46875
0.5 0.46875
0.484375 0.46875
0.46875 0.484375
0.46875 0.5
0.484375 0.484375
0.5 0.484375
0.484375 0.5
0.5 0.5
0.375 0.5625
0.375 0.625
0.4375 0.53125
0.4375 0.5625
0.46875 0.515625
0.46875 0.53125
0.484375 0.515625
0.5 0.515625
0.484375 0.53125
0.5 0.53125
0.46875 0.5625
0.5 0.5625
0.4375 0.625
0.5 0.625
0.375 0.75
0.5 0.75
0.5 1
0.75 0
0.75 0.25
0.625 0.25
0.625 0.375
0.5625 0.375
0.75 0.375
0.5625 0.4375
0.53125 0.4375
0.625 0.4375
0.53125 0.46875
0.515625 0.46875
0.5625 0.46875
0.515625 0.484375
0.53125 0.484375
0.515625 0.5
0.53125 0.5
0.5625 0.5
0.625 0.5
0.75 0.5
0.515625 0.515625
0.53125 0.515625
0.515625 0.53125
0.53125 0.53125
0.5625 0.53125
0.53125 0.5625
0.5625 0.5625
0.625 0.5625
0.5625 0.625
0.625 0.625
0.75 0.625
0.625 0.75
0.75 0.75
0.75 1
1 0
1 0.25
1 0.5
1 0.75
1 1
4 1 2 3 4
5 4 3 5 6 7
5 7 6 8 9 10
4 10 9 11 12
5 2 13 14 15 3
4 3 15 16 5
5 15 14 17 18 16
5 5 16 19 20 6
4 16 18 21 19
5 18 17 22 23 21
5 19 21 24 25 20
4 21 23 26 24
5 23 22 27 28 26
5 24 26 29 30 25
4 26 28 31 29
4 28 27 32 31
4 29 31 33 30
4 31 32 34 33
5 6 20 35 36 8
5 20 25 37 38 35
5 25 30 39 40 37
4 30 33 41 39
4 33 34 42 41
4 39 41 43 40
4 41 42 44 43
4 37 40 45 38
5 40 43 44 46 45
4 35 38 47 36
5 38 45 46 48 47
4 8 36 49 9
5 36 47 48 50 49
5 9 49 50 51 11
5 13 52 53 54 14
5 14 54 55 56 17
4 54 53 57 55
5 17 56 58 59 22
4 56 55 60 58
5 22 59 61 62 27
4 59 58 63 61
4 27 62 64 32
4 62 61 65 64
4 32 64 66 34
4 64 65 67 66
5 61 63 68 67 65
5 58 60 69 68 63
5 55 57 70 69 60
4 34 66 71 42
4 66 67 72 71
4 42 71 73 44
4 71 72 74 73
5 67 68 75 74 72
5 44 73 74 76 46
4 74 75 77 76
5 68 69 78 77 75
5 46 76 77 79 48
4 77 78 80 79
5 69 70 81 80 78
5 48 79 80 82 50
4 80 81 83 82
5 50 82 83 84 51
4 52 85 86 53
5 53 86 87 70 57
5 70 87 88 83 81
4 83 88 89 84
1 2 4 7 10 11 12 13 51 52 84 85 86 87 88 89
