1249 1144 1
0 0
0.03125 0
0.03125 0.03125
0 0.03125
0.0625 0
0.0625 0.03125
0.03125 0.0625
0 0.0625
0.0625 0.0625
0.09375 0
0.09375 0.03125
0.125 0
0.125 0.03125
0.09375 0.0625
0.125 0.0625
0.03125 0.09375
0 0.09375
0.0625 0.09375
0.03125 0.125
0 0.125
0.0625 0.125
0.09375 0.09375
0.125 0.09375
0.09375 0.125
0.125 0.125
0.15625 0
0.15625 0.03125
0.1875 0
0.1875 0.03125
0.15625 0.0625
0.1875 0.0625
0.21875 0
0.21875 0.03125
0.25 0
0.25 0.03125
0.21875 0.0625
0.25 0.0625
0.15625 0.09375
0.1875 0.09375
0.15625 0.125
0.1875 0.125
0.21875 0.09375
0.25 0.09375
0.21875 0.125
0.25 0.125
0.03125 0.15625
0 0.15625
0.0625 0.15625
0.03125 0.1875
0 0.1875
0.0625 0.1875
0.09375 0.15625
0.125 0.15625
0.09375 0.1875
0.125 0.1875
0.03125 0.21875
0 0.21875
0.0625 0.21875
0.03125 0.25
0 0.25
0.0625 0.25
0.09375 0.21875
0.125 0.21875
0.09375 0.25
0.125 0.25
0.15625 0.15625
0.1875 0.15625
0.15625 0.1875
0.1875 0.1875
0.21875 0.15625
0.25 0.15625
0.21875 0.1875
0.25 0.1875
0.15625 0.21875
0.1875 0.21875
0.15625 0.25
0.1875 0.25
0.21875 0.21875
0.25 0.21875
0.21875 0.25
0.25 0.25
0.03125 0.28125
0 0.28125
0.0625 0.28125
0.03125 0.3125
0 0.3125
0.0625 0.3125
0.09375 0.28125
0.125 0.28125
0.09375 0.3125
0.125 0.3125
0.03125 0.34375
0 0.34375
0.0625 0.34375
0.03125 0.375
0 0.375
0.0625 0.375
0.09375 0.34375
0.125 0.34375
0.09375 0.375
0.125 0.375
0.15625 0.28125
0.1875 0.28125
0.15625 0.3125
0.1875 0.3125
0.21875 0.28125
0.25 0.28125
0.21875 0.3125
0.25 0.3125
0.15625 0.34375
0.1875 0.34375
0.15625 0.375
0.1875 0.375
0.21875 0.34375
0.25 0.34375
0.21875 0.375
0.25 0.375
0.03125 0.40625
0 0.40625
0.0625 0.40625
0.03125 0.4375
0 0.4375
0.0625 0.4375
0.09375 0.40625
0.125 0.40625
0.09375 0.4375
0.125 0.4375
0.03125 0.46875
0 0.46875
0.0625 0.46875
0.03125 0.5
0 0.5
0.0625 0.5
0.09375 0.46875
0.125 0.46875
0.09375 0.5
0.125 0.5
0.15625 0.40625
0.1875 0.40625
0.15625 0.4375
0.1875 0.4375
0.21875 0.40625
0.25 0.40625
0.21875 0.4375
0.25 0.4375
0.15625 0.46875
0.1875 0.46875
0.15625 0.5
0.1875 0.5
0.21875 0.46875
0.25 0.46875
0.21875 0.5
0.25 0.5
0.03125 0.53125
0 0.53125
0.0625 0.53125
0.03125 0.5625
0 0.5625
0.0625 0.5625
0.09375 0.53125
0.125 0.53125
0.09375 0.5625
0.125 0.5625
0.03125 0.59375
0 0.59375
0.0625 0.59375
0.03125 0.625
0 0.625
0.0625 0.625
0.09375 0.59375
0.125 0.59375
0.09375 0.625
0.125 0.625
0.15625 0.53125
0.1875 0.53125
0.15625 0.5625
0.1875 0.5625
0.21875 0.53125
0.25 0.53125
0.21875 0.5625
0.25 0.5625
0.15625 0.59375
0.1875 0.59375
0.15625 0.625
0.1875 0.625
0.21875 0.59375
0.25 0.59375
0.21875 0.625
0.25 0.625
0.03125 0.65625
0 0.65625
0.0625 0.65625
0.03125 0.6875
0 0.6875
0.0625 0.6875
0.09375 0.65625
0.125 0.65625
0.09375 0.6875
0.125 0.6875
0.03125 0.71875
0 0.71875
0.0625 0.71875
0.03125 0.75
0 0.75
0.0625 0.75
0.09375 0.71875
0.125 0.71875
0.09375 0.75
0.125 0.75
0.15625 0.65625
0.1875 0.65625
0.15625 0.6875
0.1875 0.6875
0.21875 0.65625
0.25 0.65625
0.21875 0.6875
0.25 0.6875
0.15625 0.71875
0.1875 0.71875
0.15625 0.75
0.1875 0.75
0.21875 0.71875
0.25 0.71875
0.21875 0.75
0.25 0.75
0.03125 0.78125
0 0.78125
0.0625 0.78125
0.03125 0.8125
0 0.8125
0.0625 0.8125
0.09375 0.78125
0.125 0.78125
0.09375 0.8125
0.125 0.8125
0.03125 0.84375
0 0.84375
0.0625 0.84375
0.03125 0.875
0 0.875
0.0625 0.875
0.09375 0.84375
0.125 0.84375
0.09375 0.875
0.125 0.875
0.15625 0.78125
0.1875 0.78125
0.15625 0.8125
0.1875 0.8125
0.21875 0.78125
0.25 0.78125
0.21875 0.8125
0.25 0.8125
0.15625 0.84375
0.1875 0.84375
0.15625 0.875
0.1875 0.875
0.21875 0.84375
0.25 0.84375
0.21875 0.875
0.25 0.875
0.03125 0.90625
0 0.90625
0.0625 0.90625
0.03125 0.9375
0 0.9375
0.0625 0.9375
0.09375 0.90625
0.125 0.90625
0.09375 0.9375
0.125 0.9375
0.03125 0.96875
0 0.96875
0.0625 0.96875
0.03125 1
0 1
0.0625 1
0.09375 0.96875
0.125 0.96875
0.09375 1
0.125 1
0.15625 0.90625
0.1875 0.90625
0.15625 0.9375
0.1875 0.9375
0.21875 0.90625
0.25 0.90625
0.21875 0.9375
0.25 0.9375
0.15625 0.96875
0.1875 0.96875
0.15625 1
0.1875 1
0.21875 0.96875
0.25 0.96875
0.21875 1
0.25 1
0.28125 0
0.28125 0.03125
0.3125 0
0.3125 0.03125
0.28125 0.0625
0.3125 0.0625
0.34375 0
0.34375 0.03125
0.375 0
0.375 0.03125
0.34375 0.0625
0.375 0.0625
0.28125 0.09375
0.3125 0.09375
0.28125 0.125
0.3125 0.125
0.34375 0.09375
0.375 0.09375
0.34375 0.125
0.375 0.125
0.40625 0
0.40625 0.03125
0.4375 0
0.4375 0.03125
0.40625 0.0625
0.4375 0.0625
0.46875 0
0.46875 0.03125
0.5 0
0.5 0.03125
0.46875 0.0625
0.5 0.0625
0.40625 0.09375
0.4375 0.09375
0.40625 0.125
0.4375 0.125
0.46875 0.09375
0.5 0.09375
0.46875 0.125
0.5 0.125
0.28125 0.15625
0.3125 0.15625
0.28125 0.1875
0.3125 0.1875
0.34375 0.15625
0.375 0.15625
0.34375 0.1875
0.375 0.1875
0.28125 0.21875
0.3125 0.21875
0.28125 0.25
0.3125 0.25
0.34375 0.21875
0.375 0.21875
0.34375 0.25
0.375 0.25
0.40625 0.15625
0.4375 0.15625
0.40625 0.1875
0.4375 0.1875
0.46875 0.15625
0.5 0.15625
0.46875 0.1875
0.5 0.1875
0.40625 0.21875
0.4375 0.21875
0.40625 0.25
0.4375 0.25
0.46875 0.21875
0.5 0.21875
0.46875 0.25
0.5 0.25
0.28125 0.28125
0.3125 0.28125
0.28125 0.3125
0.3125 0.3125
0.34375 0.28125
0.375 0.28125
0.34375 0.3125
0.375 0.3125
0.28125 0.34375
0.3125 0.34375
0.28125 0.375
0.3125 0.375
0.34375 0.34375
0.375 0.34375
0.34375 0.375
0.375 0.375
0.40625 0.28125
0.4375 0.28125
0.40625 0.3125
0.4375 0.3125
0.46875 0.28125
0.5 0.28125
0.46875 0.3125
0.5 0.3125
0.40625 0.34375
0.4375 0.34375
0.40625 0.375
0.4375 0.375
0.46875 0.34375
0.5 0.34375
0.46875 0.375
0.5 0.375
0.28125 0.40625
0.3125 0.40625
0.28125 0.4375
0.3125 0.4375
0.34375 0.40625
0.375 0.40625
0.34375 0.4375
0.375 0.4375
0.28125 0.46875
0.3125 0.46875
0.28125 0.5
0.3125 0.5
0.34375 0.46875
0.375 0.46875
0.34375 0.5
0.375 0.5
0.40625 0.40625
0.4375 0.40625
0.40625 0.4375
0.4375 0.4375
0.46875 0.40625
0.5 0.40625
0.46875 0.4375
0.5 0.4375
0.40625 0.46875
0.4375 0.46875
0.40625 0.5
0.4375 0.5
0.46875 0.46875
0.5 0.46875
0.484375 0.46875
0.46875 0.484375
0.46875 0.5
0.484375 0.484375
0.5 0.484375
0.4921875 0.484375
0.484375 0.4921875
0.484375 0.5
0.4921875 0.4921875
0.5 0.4921875
0.49609375 0.4921875
0.4921875 0.49609375
0.4921875 0.5
0.49609375 0.49609375
0.5 0.49609375
0.498046875 0.49609375
0.49609375 0.498046875
0.49609375 0.5
0.498046875 0.498046875
0.5 0.498046875
0.4990234375 0.498046875
0.498046875 0.4990234375
0.498046875 0.5
0.4990234375 0.4990234375
0.5 0.4990234375
0.49951171875 0.4990234375
0.4990234375 0.49951171875
0.4990234375 0.5
0.49951171875 0.49951171875
0.5 0.49951171875
0.499755859375 0.49951171875
0.49951171875 0.499755859375
0.49951171875 0.5
0.499755859375 0.499755859375
0.5 0.499755859375
0.4998779296875 0.499755859375
0.499755859375 0.4998779296875
0.499755859375 0.5
0.4998779296875 0.4998779296875
0.5 0.4998779296875
0.49993896484375 0.4998779296875
0.4998779296875 0.49993896484375
0.4998779296875 0.5
0.49993896484375 0.49993896484375
0.5 0.49993896484375
0.499969482421875 0.49993896484375
0.49993896484375 0.499969482421875
0.49993896484375 0.5
0.499969482421875 0.499969482421875
0.5 0.499969482421875
0.499969482421875 0.5
0.5 0.5
0.28125 0.53125
0.3125 0.53125
0.28125 0.5625
0.3125 0.5625
0.34375 0.53125
0.375 0.53125
0.34375 0.5625
0.375 0.5625
0.28125 0.59375
0.3125 0.59375
0.28125 0.625
0.3125 0.625
0.34375 0.59375
0.375 0.59375
0.34375 0.625
0.375 0.625
0.40625 0.53125
0.4375 0.53125
0.40625 0.5625
0.4375 0.5625
0.46875 0.515625
0.46875 0.53125
0.484375 0.5078125
0.484375 0.515625
0.4921875 0.50390625
0.4921875 0.5078125
0.49609375 0.501953125
0.49609375 0.50390625
0.498046875 0.5009765625
0.498046875 0.501953125
0.4990234375 0.50048828125
0.4990234375 0.5009765625
0.49951171875 0.500244140625
0.49951171875 0.50048828125
0.499755859375 0.5001220703125
0.499755859375 0.500244140625
0.4998779296875 0.50006103515625
0.4998779296875 0.5001220703125
0.49993896484375 0.500030517578125
0.49993896484375 0.50006103515625
0.499969482421875 0.500030517578125
0.5 0.500030517578125
0.499969482421875 0.50006103515625
0.5 0.50006103515625
0.49993896484375 0.5001220703125
0.5 0.5001220703125
0.4998779296875 0.500244140625
0.5 0.500244140625
0.499755859375 0.50048828125
0.5 0.50048828125
0.49951171875 0.5009765625
0.5 0.5009765625
0.4990234375 0.501953125
0.5 0.501953125
0.498046875 0.50390625
0.5 0.50390625
0.49609375 0.5078125
0.5 0.5078125
0.4921875 0.515625
0.5 0.515625
0.484375 0.53125
0.5 0.53125
0.46875 0.5625
0.5 0.5625
0.40625 0.59375
0.4375 0.59375
0.40625 0.625
0.4375 0.625
0.46875 0.59375
0.5 0.59375
0.46875 0.625
0.5 0.625
0.28125 0.65625
0.3125 0.65625
0.28125 0.6875
0.3125 0.6875
0.34375 0.65625
0.375 0.65625
0.34375 0.6875
0.375 0.6875
0.28125 0.71875
0.3125 0.71875
0.28125 0.75
0.3125 0.75
0.34375 0.71875
0.375 0.71875
0.34375 0.75
0.375 0.75
0.40625 0.65625
0.4375 0.65625
0.40625 0.6875
0.4375 0.6875
0.46875 0.65625
0.5 0.65625
0.46875 0.6875
0.5 0.6875
0.40625 0.71875
0.4375 0.71875
0.40625 0.75
0.4375 0.75
0.46875 0.71875
0.5 0.71875
0.46875 0.75
0.5 0.75
0.28125 0.78125
0.3125 0.78125
0.28125 0.8125
0.3125 0.8125
0.34375 0.78125
0.375 0.78125
0.34375 0.8125
0.375 0.8125
0.28125 0.84375
0.3125 0.84375
0.28125 0.875
0.3125 0.875
0.34375 0.84375
0.375 0.84375
0.34375 0.875
0.375 0.875
0.40625 0.78125
0.4375 0.78125
0.40625 0.8125
0.4375 0.8125
0.46875 0.78125
0.5 0.78125
0.46875 0.8125
0.5 0.8125
0.40625 0.84375
0.4375 0.84375
0.40625 0.875
0.4375 0.875
0.46875 0.84375
0.5 0.84375
0.46875 0.875
0.5 0.875
0.28125 0.90625
0.3125 0.90625
0.28125 0.9375
0.3125 0.9375
0.34375 0.90625
0.375 0.90625
0.34375 0.9375
0.375 0.9375
0.28125 0.96875
0.3125 0.96875
0.28125 1
0.3125 1
0.34375 0.96875
0.375 0.96875
0.34375 1
0.375 1
0.40625 0.90625
0.4375 0.90625
0.40625 0.9375
0.4375 0.9375
0.46875 0.90625
0.5 0.90625
0.46875 0.9375
0.5 0.9375
0.40625 0.96875
0.4375 0.96875
0.40625 1
0.4375 1
0.46875 0.96875
0.5 0.96875
0.46875 1
0.5 1
0.53125 0
0.53125 0.03125
0.5625 0
0.5625 0.03125
0.53125 0.0625
0.5625 0.0625
0.59375 0
0.59375 0.03125
0.625 0
0.625 0.03125
0.59375 0.0625
0.625 0.0625
0.53125 0.09375
0.5625 0.09375
0.53125 0.125
0.5625 0.125
0.59375 0.09375
0.625 0.09375
0.59375 0.125
0.625 0.125
0.65625 0
0.65625 0.03125
0.6875 0
0.6875 0.03125
0.65625 0.0625
0.6875 0.0625
0.71875 0
0.71875 0.03125
0.75 0
0.75 0.03125
0.71875 0.0625
0.75 0.0625
0.65625 0.09375
0.6875 0.09375
0.65625 0.125
0.6875 0.125
0.71875 0.09375
0.75 0.09375
0.71875 0.125
0.75 0.125
0.53125 0.15625
0.5625 0.15625
0.53125 0.1875
0.5625 0.1875
0.59375 0.15625
0.625 0.15625
0.59375 0.1875
0.625 0.1875
0.53125 0.21875
0.5625 0.21875
0.53125 0.25
0.5625 0.25
0.59375 0.21875
0.625 0.21875
0.59375 0.25
0.625 0.25
0.65625 0.15625
0.6875 0.15625
0.65625 0.1875
0.6875 0.1875
0.71875 0.15625
0.75 0.15625
0.71875 0.1875
0.75 0.1875
0.65625 0.21875
0.6875 0.21875
0.65625 0.25
0.6875 0.25
0.71875 0.21875
0.75 0.21875
0.71875 0.25
0.75 0.25
0.53125 0.28125
0.5625 0.28125
0.53125 0.3125
0.5625 0.3125
0.59375 0.28125
0.625 0.28125
0.59375 0.3125
0.625 0.3125
0.53125 0.34375
0.5625 0.34375
0.53125 0.375
0.5625 0.375
0.59375 0.34375
0.625 0.34375
0.59375 0.375
0.625 0.375
0.65625 0.28125
0.6875 0.28125
0.65625 0.3125
0.6875 0.3125
0.71875 0.28125
0.75 0.28125
0.71875 0.3125
0.75 0.3125
0.65625 0.34375
0.6875 0.34375
0.65625 0.375
0.6875 0.375
0.71875 0.34375
0.75 0.34375
0.71875 0.375
0.75 0.375
0.53125 0.40625
0.5625 0.40625
0.53125 0.4375
0.5625 0.4375
0.59375 0.40625
0.625 0.40625
0.59375 0.4375
0.625 0.4375
0.53125 0.46875
0.515625 0.46875
0.5625 0.46875
0.515625 0.484375
0.5078125 0.484375
0.53125 0.484375
0.5078125 0.4921875
0.50390625 0.4921875
0.515625 0.4921875
0.50390625 0.49609375
0.501953125 0.49609375
0.5078125 0.49609375
0.501953125 0.498046875
0.5009765625 0.498046875
0.50390625 0.498046875
0.5009765625 0.4990234375
0.50048828125 0.4990234375
0.501953125 0.4990234375
0.50048828125 0.49951171875
0.500244140625 0.49951171875
0.5009765625 0.49951171875
0.500244140625 0.499755859375
0.5001220703125 0.499755859375
0.50048828125 0.499755859375
0.5001220703125 0.4998779296875
0.50006103515625 0.4998779296875
0.500244140625 0.4998779296875
0.50006103515625 0.49993896484375
0.500030517578125 0.49993896484375
0.5001220703125 0.49993896484375
0.500030517578125 0.499969482421875
0.50006103515625 0.499969482421875
0.500030517578125 0.5
0.50006103515625 0.5
0.5001220703125 0.5
0.500244140625 0.5
0.50048828125 0.5
0.5009765625 0.5
0.501953125 0.5
0.50390625 0.5
0.5078125 0.5
0.515625 0.5
0.53125 0.5
0.5625 0.5
0.59375 0.46875
0.625 0.46875
0.59375 0.5
0.625 0.5
0.65625 0.40625
0.6875 0.40625
0.65625 0.4375
0.6875 0.4375
0.71875 0.40625
0.75 0.40625
0.71875 0.4375
0.75 0.4375
0.65625 0.46875
0.6875 0.46875
0.65625 0.5
0.6875 0.5
0.71875 0.46875
0.75 0.46875
0.71875 0.5
0.75 0.5
0.500030517578125 0.500030517578125
0.50006103515625 0.500030517578125
0.500030517578125 0.50006103515625
0.50006103515625 0.50006103515625
0.5001220703125 0.50006103515625
0.50006103515625 0.5001220703125
0.5001220703125 0.5001220703125
0.500244140625 0.5001220703125
0.5001220703125 0.500244140625
0.500244140625 0.500244140625
0.50048828125 0.500244140625
0.500244140625 0.50048828125
0.50048828125 0.50048828125
0.5009765625 0.50048828125
0.50048828125 0.5009765625
0.5009765625 0.5009765625
0.501953125 0.5009765625
0.5009765625 0.501953125
0.501953125 0.501953125
0.50390625 0.501953125
0.501953125 0.50390625
0.50390625 0.50390625
0.5078125 0.50390625
0.50390625 0.5078125
0.5078125 0.5078125
0.515625 0.5078125
0.5078125 0.515625
0.515625 0.515625
0.53125 0.515625
0.515625 0.53125
0.53125 0.53125
0.5625 0.53125
0.53125 0.5625
0.5625 0.5625
0.59375 0.53125
0.625 0.53125
0.59375 0.5625
0.625 0.5625
0.53125 0.59375
0.5625 0.59375
0.53125 0.625
0.5625 0.625
0.59375 0.59375
0.625 0.59375
0.59375 0.625
0.625 0.625
0.65625 0.53125
0.6875 0.53125
0.65625 0.5625
0.6875 0.5625
0.71875 0.53125
0.75 0.53125
0.71875 0.5625
0.75 0.5625
0.65625 0.59375
0.6875 0.59375
0.65625 0.625
0.6875 0.625
0.71875 0.59375
0.75 0.59375
0.71875 0.625
0.75 0.625
0.53125 0.65625
0.5625 0.65625
0.53125 0.6875
0.5625 0.6875
0.59375 0.65625
0.625 0.65625
0.59375 0.6875
0.625 0.6875
0.53125 0.71875
0.5625 0.71875
0.53125 0.75
0.5625 0.75
0.59375 0.71875
0.625 0.71875
0.59375 0.75
0.625 0.75
0.65625 0.65625
0.6875 0.65625
0.65625 0.6875
0.6875 0.6875
0.71875 0.65625
0.75 0.65625
0.71875 0.6875
0.75 0.6875
0.65625 0.71875
0.6875 0.71875
0.65625 0.75
0.6875 0.75
0.71875 0.71875
0.75 0.71875
0.71875 0.75
0.75 0.75
0.53125 0.78125
0.5625 0.78125
0.53125 0.8125
0.5625 0.8125
0.59375 0.78125
0.625 0.78125
0.59375 0.8125
0.625 0.8125
0.53125 0.84375
0.5625 0.84375
0.53125 0.875
0.5625 0.875
0.59375 0.84375
0.625 0.84375
0.59375 0.875
0.625 0.875
0.65625 0.78125
0.6875 0.78125
0.65625 0.8125
0.6875 0.8125
0.71875 0.78125
0.75 0.78125
0.71875 0.8125
0.75 0.8125
0.65625 0.84375
0.6875 0.84375
0.65625 0.875
0.6875 0.875
0.71875 0.84375
0.75 0.84375
0.71875 0.875
0.75 0.875
0.53125 0.90625
0.5625 0.90625
0.53125 0.9375
0.5625 0.9375
0.59375 0.90625
0.625 0.90625
0.59375 0.9375
0.625 0.9375
0.53125 0.96875
0.5625 0.96875
0.53125 1
0.5625 1
0.59375 0.96875
0.625 0.96875
0.59375 1
0.625 1
0.65625 0.90625
0.6875 0.90625
0.65625 0.9375
0.6875 0.9375
0.71875 0.90625
0.75 0.90625
0.71875 0.9375
0.75 0.9375
0.65625 0.96875
0.6875 0.96875
0.65625 1
0.6875 1
0.71875 0.96875
0.75 0.96875
0.71875 1
0.75 1
0.78125 0
0.78125 0.03125
0.8125 0
0.8125 0.03125
0.78125 0.0625
0.8125 0.0625
0.84375 0
0.84375 0.03125
0.875 0
0.875 0.03125
0.84375 0.0625
0.875 0.0625
0.78125 0.09375
0.8125 0.09375
0.78125 0.125
0.8125 0.125
0.84375 0.09375
0.875 0.09375
0.84375 0.125
0.875 0.125
0.90625 0
0.90625 0.03125
0.9375 0
0.9375 0.03125
0.90625 0.0625
0.9375 0.0625
0.96875 0
0.96875 0.03125
1 0
1 0.03125
0.96875 0.0625
1 0.0625
0.90625 0.09375
0.9375 0.09375
0.90625 0.125
0.9375 0.125
0.96875 0.09375
1 0.09375
0.96875 0.125
1 0.125
0.78125 0.15625
0.8125 0.15625
0.78125 0.1875
0.8125 0.1875
0.84375 0.15625
0.875 0.15625
0.84375 0.1875
0.875 0.1875
0.78125 0.21875
0.8125 0.21875
0.78125 0.25
0.8125 0.25
0.84375 0.21875
0.875 0.21875
0.84375 0.25
0.875 0.25
0.90625 0.15625
0.9375 0.15625
0.90625 0.1875
0.9375 0.1875
0.96875 0.15625
1 0.15625
0.96875 0.1875
1 0.1875
0.90625 0.21875
0.9375 0.21875
0.90625 0.25
0.9375 0.25
0.96875 0.21875
1 0.21875
0.96875 0.25
1 0.25
0.78125 0.28125
0.8125 0.28125
0.78125 0.3125
0.8125 0.3125
0.84375 0.28125
0.875 0.28125
0.84375 0.3125
0.875 0.3125
0.78125 0.34375
0.8125 0.34375
0.78125 0.375
0.8125 0.375
0.84375 0.34375
0.875 0.34375
0.84375 0.375
0.875 0.375
0.90625 0.28125
0.9375 0.28125
0.90625 0.3125
0.9375 0.3125
0.96875 0.28125
1 0.28125
0.96875 0.3125
1 0.3125
0.90625 0.34375
0.9375 0.34375
0.90625 0.375
0.9375 0.375
0.96875 0.34375
1 0.34375
0.96875 0.375
1 0.375
0.78125 0.40625
0.8125 0.40625
0.78125 0.4375
0.8125 0.4375
0.84375 0.40625
0.875 0.40625
0.84375 0.4375
0.875 0.4375
0.78125 0.46875
0.8125 0.46875
0.78125 0.5
0.8125 0.5
0.84375 0.46875
0.875 0.46875
0.84375 0.5
0.875 0.5
0.90625 0.40625
0.9375 0.40625
0.90625 0.4375
0.9375 0.4375
0.96875 0.40625
1 0.40625
0.96875 0.4375
1 0.4375
0.90625 0.46875
0.9375 0.46875
0.90625 0.5
0.9375 0.5
0.96875 0.46875
1 0.46875
0.96875 0.5
1 0.5
0.78125 0.53125
0.8125 0.53125
0.78125 0.5625
0.8125 0.5625
0.84375 0.53125
0.875 0.53125
0.84375 0.5625
0.875 0.5625
0.78125 0.59375
0.8125 0.59375
0.78125 0.625
0.8125 0.625
0.84375 0.59375
0.875 0.59375
0.84375 0.625
0.875 0.625
0.90625 0.53125
0.9375 0.53125
0.90625 0.5625
0.9375 0.5625
0.96875 0.53125
1 0.53125
0.96875 0.5625
1 0.5625
0.90625 0.59375
0.9375 0.59375
0.90625 0.625
0.9375 0.625
0.96875 0.59375
1 0.59375
0.96875 0.625
1 0.625
0.78125 0.65625
0.8125 0.65625
0.78125 0.6875
0.8125 0.6875
0.84375 0.65625
0.875 0.65625
0.84375 0.6875
0.875 0.6875
0.78125 0.71875
0.8125 0.71875
0.78125 0.75
0.8125 0.75
0.84375 0.71875
0.875 0.71875
0.84375 0.75
0.875 0.75
0.90625 0.65625
0.9375 0.65625
0.90625 0.6875
0.9375 0.6875
0.96875 0.65625
1 0.65625
0.96875 0.6875
1 0.6875
0.90625 0.71875
0.9375 0.71875
0.90625 0.75
0.9375 0.75
0.96875 0.71875
1 0.71875
0.96875 0.75
1 0.75
0.78125 0.78125
0.8125 0.78125
0.78125 0.8125
0.8125 0.8125
0.84375 0.78125
0.875 0.78125
0.84375 0.8125
0.875 0.8125
0.78125 0.84375
0.8125 0.84375
0.78125 0.875
0.8125 0.875
0.84375 0.84375
0.875 0.84375
0.84375 0.875
0.875 0.875
0.90625 0.78125
0.9375 0.78125
0.90625 0.8125
0.9375 0.8125
0.96875 0.78125
1 0.78125
0.96875 0.8125
1 0.8125
0.90625 0.84375
0.9375 0.84375
0.90625 0.875
0.9375 0.875
0.96875 0.84375
1 0.84375
0.96875 0.875
1 0.875
0.78125 0.90625
0.8125 0.90625
0.78125 0.9375
0.8125 0.9375
0.84375 0.90625
0.875 0.90625
0.84375 0.9375
0.875 0.9375
0.78125 0.96875
0.8125 0.96875
0.78125 1
0.8125 1
0.84375 0.96875
0.875 0.96875
0.84375 1
0.875 1
0.90625 0.90625
0.9375 0.90625
0.90625 0.9375
0.9375 0.9375
0.96875 0.90625
1 0.90625
0.96875 0.9375
1 0.9375
0.90625 0.96875
0.9375 0.96875
0.90625 1
0.9375 1
0.96875 0.96875
1 0.96875
0.96875 1
1 1
4 1 2 3 4
4 2 5 6 3
4 4 3 7 8
4 3 6 9 7
4 5 10 11 6
4 10 12 13 11
4 6 11 14 9
4 11 13 15 14
4 8 7 16 17
4 7 9 18 16
4 17 16 19 20
4 16 18 21 19
4 9 14 22 18
4 14 15 23 22
4 18 22 24 21
4 22 23 25 24
4 12 26 27 13
4 26 28 29 27
4 13 27 30 15
4 27 29 31 30
4 28 32 33 29
4 32 34 35 33
4 29 33 36 31
4 33 35 37 36
4 15 30 38 23
4 30 31 39 38
4 23 38 40 25
4 38 39 41 40
4 31 36 42 39
4 36 37 43 42
4 39 42 44 41
4 42 43 45 44
4 20 19 46 47
4 19 21 48 46
4 47 46 49 50
4 46 48 51 49
4 21 24 52 48
4 24 25 53 52
4 48 52 54 51
4 52 53 55 54
4 50 49 56 57
4 49 51 58 56
4 57 56 59 60
4 56 58 61 59
4 51 54 62 58
4 54 55 63 62
4 58 62 64 61
4 62 63 65 64
4 25 40 66 53
4 40 41 67 66
4 53 66 68 55
4 66 67 69 68
4 41 44 70 67
4 44 45 71 70
4 67 70 72 69
4 70 71 73 72
4 55 68 74 63
4 68 69 75 74
4 63 74 76 65
4 74 75 77 76
4 69 72 78 75
4 72 73 79 78
4 75 78 80 77
4 78 79 81 80
4 60 59 82 83
4 59 61 84 82
4 83 82 85 86
4 82 84 87 85
4 61 64 88 84
4 64 65 89 88
4 84 88 90 87
4 88 89 91 90
4 86 85 92 93
4 85 87 94 92
4 93 92 95 96
4 92 94 97 95
4 87 90 98 94
4 90 91 99 98
4 94 98 100 97
4 98 99 101 100
4 65 76 102 89
4 76 77 103 102
4 89 102 104 91
4 102 103 105 104
4 77 80 106 103
4 80 81 107 106
4 103 106 108 105
4 106 107 109 108
4 91 104 110 99
4 104 105 111 110
4 99 110 112 101
4 110 111 113 112
4 105 108 114 111
4 108 109 115 114
4 111 114 116 113
4 114 115 117 116
4 96 95 118 119
4 95 97 120 118
4 119 118 121 122
4 118 120 123 121
4 97 100 124 120
4 100 101 125 124
4 120 124 126 123
4 124 125 127 126
4 122 121 128 129
4 121 123 130 128
4 129 128 131 132
4 128 130 133 131
4 123 126 134 130
4 126 127 135 134
4 130 134 136 133
4 134 135 137 136
4 101 112 138 125
4 112 113 139 138
4 125 138 140 127
4 138 139 141 140
4 113 116 142 139
4 116 117 143 142
4 139 142 144 141
4 142 143 145 144
4 127 140 146 135
4 140 141 147 146
4 135 146 148 137
4 146 147 149 148
4 141 144 150 147
4 144 145 151 150
4 147 150 152 149
4 150 151 153 152
4 132 131 154 155
4 131 133 156 154
4 155 154 157 158
4 154 156 159 157
4 133 136 160 156
4 136 137 161 160
4 156 160 162 159
4 160 161 163 162
4 158 157 164 165
4 157 159 166 164
4 165 164 167 168
4 164 166 169 167
4 159 162 170 166
4 162 163 171 170
4 166 170 172 169
4 170 171 173 172
4 137 148 174 161
4 148 149 175 174
4 161 174 176 163
4 174 175 177 176
4 149 152 178 175
4 152 153 179 178
4 175 178 180 177
4 178 179 181 180
4 163 176 182 171
4 176 177 183 182
4 171 182 184 173
4 182 183 185 184
4 177 180 186 183
4 180 181 187 186
4 183 186 188 185
4 186 187 189 188
4 168 167 190 191
4 167 169 192 190
4 191 190 193 194
4 190 192 195 193
4 169 172 196 192
4 172 173 197 196
4 192 196 198 195
4 196 197 199 198
4 194 193 200 201
4 193 195 202 200
4 201 200 203 204
4 200 202 205 203
4 195 198 206 202
4 198 199 207 206
4 202 206 208 205
4 206 207 209 208
4 173 184 210 197
4 184 185 211 210
4 197 210 212 199
4 210 211 213 212
4 185 188 214 211
4 188 189 215 214
4 211 214 216 213
4 214 215 217 216
4 199 212 218 207
4 212 213 219 218
4 207 218 220 209
4 218 219 221 220
4 213 216 222 219
4 216 217 223 222
4 219 222 224 221
4 222 223 225 224
4 204 203 226 227
4 203 205 228 226
4 227 226 229 230
4 226 228 231 229
4 205 208 232 228
4 208 209 233 232
4 228 232 234 231
4 232 233 235 234
4 230 229 236 237
4 229 231 238 236
4 237 236 239 240
4 236 238 241 239
4 231 234 242 238
4 234 235 243 242
4 238 242 244 241
4 242 243 245 244
4 209 220 246 233
4 220 221 247 246
4 233 246 248 235
4 246 247 249 248
4 221 224 250 247
4 224 225 251 250
4 247 250 252 249
4 250 251 253 252
4 235 248 254 243
4 248 249 255 254
4 243 254 256 245
4 254 255 257 256
4 249 252 258 255
4 252 253 259 258
4 255 258 260 257
4 258 259 261 260
4 240 239 262 263
4 239 241 264 262
4 263 262 265 266
4 262 264 267 265
4 241 244 268 264
4 244 245 269 268
4 264 268 270 267
4 268 269 271 270
4 266 265 272 273
4 265 267 274 272
4 273 272 275 276
4 272 274 277 275
4 267 270 278 274
4 270 271 279 278
4 274 278 280 277
4 278 279 281 280
4 245 256 282 269
4 256 257 283 282
4 269 282 284 271
4 282 283 285 284
4 257 260 286 283
4 260 261 287 286
4 283 286 288 285
4 286 287 289 288
4 271 284 290 279
4 284 285 291 290
4 279 290 292 281
4 290 291 293 292
4 285 288 294 291
4 288 289 295 294
4 291 294 296 293
4 294 295 297 296
4 34 298 299 35
4 298 300 301 299
4 35 299 302 37
4 299 301 303 302
4 300 304 305 301
4 304 306 307 305
4 301 305 308 303
4 305 307 309 308
4 37 302 310 43
4 302 303 311 310
4 43 310 312 45
4 310 311 313 312
4 303 308 314 311
4 308 309 315 314
4 311 314 316 313
4 314 315 317 316
4 306 318 319 307
4 318 320 321 319
4 307 319 322 309
4 319 321 323 322
4 320 324 325 321
4 324 326 327 325
4 321 325 328 323
4 325 327 329 328
4 309 322 330 315
4 322 323 331 330
4 315 330 332 317
4 330 331 333 332
4 323 328 334 331
4 328 329 335 334
4 331 334 336 333
4 334 335 337 336
4 45 312 338 71
4 312 313 339 338
4 71 338 340 73
4 338 339 341 340
4 313 316 342 339
4 316 317 343 342
4 339 342 344 341
4 342 343 345 344
4 73 340 346 79
4 340 341 347 346
4 79 346 348 81
4 346 347 349 348
4 341 344 350 347
4 344 345 351 350
4 347 350 352 349
4 350 351 353 352
4 317 332 354 343
4 332 333 355 354
4 343 354 356 345
4 354 355 357 356
4 333 336 358 355
4 336 337 359 358
4 355 358 360 357
4 358 359 361 360
4 345 356 362 351
4 356 357 363 362
4 351 362 364 353
4 362 363 365 364
4 357 360 366 363
4 360 361 367 366
4 363 366 368 365
4 366 367 369 368
4 81 348 370 107
4 348 349 371 370
4 107 370 372 109
4 370 371 373 372
4 349 352 374 371
4 352 353 375 374
4 371 374 376 373
4 374 375 377 376
4 109 372 378 115
4 372 373 379 378
4 115 378 380 117
4 378 379 381 380
4 373 376 382 379
4 376 377 383 382
4 379 382 384 381
4 382 383 385 384
4 353 364 386 375
4 364 365 387 386
4 375 386 388 377
4 386 387 389 388
4 365 368 390 387
4 368 369 391 390
4 387 390 392 389
4 390 391 393 392
4 377 388 394 383
4 388 389 395 394
4 383 394 396 385
4 394 395 397 396
4 389 392 398 395
4 392 393 399 398
4 395 398 400 397
4 398 399 401 400
4 117 380 402 143
4 380 381 403 402
4 143 402 404 145
4 402 403 405 404
4 381 384 406 403
4 384 385 407 406
4 403 406 408 405
4 406 407 409 408
4 145 404 410 151
4 404 405 411 410
4 151 410 412 153
4 410 411 413 412
4 405 408 414 411
4 408 409 415 414
4 411 414 416 413
4 414 415 417 416
4 385 396 418 407
4 396 397 419 418
4 407 418 420 409
4 418 419 421 420
4 397 400 422 419
4 400 401 423 422
4 419 422 424 421
4 422 423 425 424
4 409 420 426 415
4 420 421 427 426
4 415 426 428 417
4 426 427 429 428
4 421 424 430 427
5 424 425 431 432 430
5 427 430 433 434 429
4 430 432 435 433
5 432 431 436 437 435
5 433 435 438 439 434
4 435 437 440 438
5 437 436 441 442 440
5 438 440 443 444 439
4 440 442 445 443
5 442 441 446 447 445
5 443 445 448 449 444
4 445 447 450 448
5 447 446 451 452 450
5 448 450 453 454 449
4 450 452 455 453
5 452 451 456 457 455
5 453 455 458 459 454
4 455 457 460 458
5 457 456 461 462 460
5 458 460 463 464 459
4 460 462 465 463
5 462 461 466 467 465
5 463 465 468 469 464
4 465 467 470 468
5 467 466 471 472 470
5 468 470 473 474 469
4 470 472 475 473
5 472 471 476 477 475
5 473 475 478 479 474
4 475 477 480 478
4 477 476 481 480
4 478 480 482 479
4 480 481 483 482
4 153 412 484 179
4 412 413 485 484
4 179 484 486 181
4 484 485 487 486
4 413 416 488 485
4 416 417 489 488
4 485 488 490 487
4 488 489 491 490
4 181 486 492 187
4 486 487 493 492
4 187 492 494 189
4 492 493 495 494
4 487 490 496 493
4 490 491 497 496
4 493 496 498 495
4 496 497 499 498
4 417 428 500 489
4 428 429 501 500
4 489 500 502 491
4 500 501 503 502
5 429 434 504 505 501
5 434 439 506 507 504
5 439 444 508 509 506
5 444 449 510 511 508
5 449 454 512 513 510
5 454 459 514 515 512
5 459 464 516 517 514
5 464 469 518 519 516
5 469 474 520 521 518
5 474 479 522 523 520
4 479 482 524 522
4 482 483 525 524
4 522 524 526 523
4 524 525 527 526
4 520 523 528 521
5 523 526 527 529 528
4 518 521 530 519
5 521 528 529 531 530
4 516 519 532 517
5 519 530 531 533 532
4 514 517 534 515
5 517 532 533 535 534
4 512 515 536 513
5 515 534 535 537 536
4 510 513 538 511
5 513 536 537 539 538
4 508 511 540 509
5 511 538 539 541 540
4 506 509 542 507
5 509 540 541 543 542
4 504 507 544 505
5 507 542 543 545 544
4 501 505 546 503
5 505 544 545 547 546
4 491 502 548 497
4 502 503 549 548
4 497 548 550 499
4 548 549 551 550
4 503 546 552 549
4 546 547 553 552
4 549 552 554 551
4 552 553 555 554
4 189 494 556 215
4 494 495 557 556
4 215 556 558 217
4 556 557 559 558
4 495 498 560 557
4 498 499 561 560
4 557 560 562 559
4 560 561 563 562
4 217 558 564 223
4 558 559 565 564
4 223 564 566 225
4 564 565 567 566
4 559 562 568 565
4 562 563 569 568
4 565 568 570 567
4 568 569 571 570
4 499 550 572 561
4 550 551 573 572
4 561 572 574 563
4 572 573 575 574
4 551 554 576 573
4 554 555 577 576
4 573 576 578 575
4 576 577 579 578
4 563 574 580 569
4 574 575 581 580
4 569 580 582 571
4 580 581 583 582
4 575 578 584 581
4 578 579 585 584
4 581 584 586 583
4 584 585 587 586
4 225 566 588 251
4 566 567 589 588
4 251 588 590 253
4 588 589 591 590
4 567 570 592 589
4 570 571 593 592
4 589 592 594 591
4 592 593 595 594
4 253 590 596 259
4 590 591 597 596
4 259 596 598 261
4 596 597 599 598
4 591 594 600 597
4 594 595 601 600
4 597 600 602 599
4 600 601 603 602
4 571 582 604 593
4 582 583 605 604
4 593 604 606 595
4 604 605 607 606
4 583 586 608 605
4 586 587 609 608
4 605 608 610 607
4 608 609 611 610
4 595 606 612 601
4 606 607 613 612
4 601 612 614 603
4 612 613 615 614
4 607 610 616 613
4 610 611 617 616
4 613 616 618 615
4 616 617 619 618
4 261 598 620 287
4 598 599 621 620
4 287 620 622 289
4 620 621 623 622
4 599 602 624 621
4 602 603 625 624
4 621 624 626 623
4 624 625 627 626
4 289 622 628 295
4 622 623 629 628
4 295 628 630 297
4 628 629 631 630
4 623 626 632 629
4 626 627 633 632
4 629 632 634 631
4 632 633 635 634
4 603 614 636 625
4 614 615 637 636
4 625 636 638 627
4 636 637 639 638
4 615 618 640 637
4 618 619 641 640
4 637 640 642 639
4 640 641 643 642
4 627 638 644 633
4 638 639 645 644
4 633 644 646 635
4 644 645 647 646
4 639 642 648 645
4 642 643 649 648
4 645 648 650 647
4 648 649 651 650
4 326 652 653 327
4 652 654 655 653
4 327 653 656 329
4 653 655 657 656
4 654 658 659 655
4 658 660 661 659
4 655 659 662 657
4 659 661 663 662
4 329 656 664 335
4 656 657 665 664
4 335 664 666 337
4 664 665 667 666
4 657 662 668 665
4 662 663 669 668
4 665 668 670 667
4 668 669 671 670
4 660 672 673 661
4 672 674 675 673
4 661 673 676 663
4 673 675 677 676
4 674 678 679 675
4 678 680 681 679
4 675 679 682 677
4 679 681 683 682
4 663 676 684 669
4 676 677 685 684
4 669 684 686 671
4 684 685 687 686
4 677 682 688 685
4 682 683 689 688
4 685 688 690 687
4 688 689 691 690
4 337 666 692 359
4 666 667 693 692
4 359 692 694 361
4 692 693 695 694
4 667 670 696 693
4 670 671 697 696
4 693 696 698 695
4 696 697 699 698
4 361 694 700 367
4 694 695 701 700
4 367 700 702 369
4 700 701 703 702
4 695 698 704 701
4 698 699 705 704
4 701 704 706 703
4 704 705 707 706
4 671 686 708 697
4 686 687 709 708
4 697 708 710 699
4 708 709 711 710
4 687 690 712 709
4 690 691 713 712
4 709 712 714 711
4 712 713 715 714
4 699 710 716 705
4 710 711 717 716
4 705 716 718 707
4 716 717 719 718
4 711 714 720 717
4 714 715 721 720
4 717 720 722 719
4 720 721 723 722
4 369 702 724 391
4 702 703 725 724
4 391 724 726 393
4 724 725 727 726
4 703 706 728 725
4 706 707 729 728
4 725 728 730 727
4 728 729 731 730
4 393 726 732 399
4 726 727 733 732
4 399 732 734 401
4 732 733 735 734
4 727 730 736 733
4 730 731 737 736
4 733 736 738 735
4 736 737 739 738
4 707 718 740 729
4 718 719 741 740
4 729 740 742 731
4 740 741 743 742
4 719 722 744 741
4 722 723 745 744
4 741 744 746 743
4 744 745 747 746
4 731 742 748 737
4 742 743 749 748
4 737 748 750 739
4 748 749 751 750
4 743 746 752 749
4 746 747 753 752
4 749 752 754 751
4 752 753 755 754
4 401 734 756 423
4 734 735 757 756
4 423 756 758 425
4 756 757 759 758
4 735 738 760 757
4 738 739 761 760
4 757 760 762 759
4 760 761 763 762
5 425 758 764 765 431
4 758 759 766 764
5 431 765 767 768 436
4 765 764 769 767
5 436 768 770 771 441
4 768 767 772 770
5 441 771 773 774 446
4 771 770 775 773
5 446 774 776 777 451
4 774 773 778 776
5 451 777 779 780 456
4 777 776 781 779
5 456 780 782 783 461
4 780 779 784 782
5 461 783 785 786 466
4 783 782 787 785
5 466 786 788 789 471
4 786 785 790 788
5 471 789 791 792 476
4 789 788 793 791
4 476 792 794 481
4 792 791 795 794
4 481 794 796 483
4 794 795 797 796
5 791 793 798 797 795
5 788 790 799 798 793
5 785 787 800 799 790
5 782 784 801 800 787
5 779 781 802 801 784
5 776 778 803 802 781
5 773 775 804 803 778
5 770 772 805 804 775
5 767 769 806 805 772
5 764 766 807 806 769
4 759 762 808 766
4 762 763 809 808
4 766 808 810 807
4 808 809 811 810
4 739 750 812 761
4 750 751 813 812
4 761 812 814 763
4 812 813 815 814
4 751 754 816 813
4 754 755 817 816
4 813 816 818 815
4 816 817 819 818
4 763 814 820 809
4 814 815 821 820
4 809 820 822 811
4 820 821 823 822
4 815 818 824 821
4 818 819 825 824
4 821 824 826 823
4 824 825 827 826
4 483 796 828 525
4 796 797 829 828
4 525 828 830 527
4 828 829 831 830
5 797 798 832 831 829
5 527 830 831 833 529
4 831 832 834 833
5 798 799 835 834 832
5 529 833 834 836 531
4 834 835 837 836
5 799 800 838 837 835
5 531 836 837 839 533
4 837 838 840 839
5 800 801 841 840 838
5 533 839 840 842 535
4 840 841 843 842
5 801 802 844 843 841
5 535 842 843 845 537
4 843 844 846 845
5 802 803 847 846 844
5 537 845 846 848 539
4 846 847 849 848
5 803 804 850 849 847
5 539 848 849 851 541
4 849 850 852 851
5 804 805 853 852 850
5 541 851 852 854 543
4 852 853 855 854
5 805 806 856 855 853
5 543 854 855 857 545
4 855 856 858 857
5 806 807 859 858 856
5 545 857 858 860 547
4 858 859 861 860
4 807 810 862 859
4 810 811 863 862
4 859 862 864 861
4 862 863 865 864
4 547 860 866 553
4 860 861 867 866
4 553 866 868 555
4 866 867 869 868
4 861 864 870 867
4 864 865 871 870
4 867 870 872 869
4 870 871 873 872
4 811 822 874 863
4 822 823 875 874
4 863 874 876 865
4 874 875 877 876
4 823 826 878 875
4 826 827 879 878
4 875 878 880 877
4 878 879 881 880
4 865 876 882 871
4 876 877 883 882
4 871 882 884 873
4 882 883 885 884
4 877 880 886 883
4 880 881 887 886
4 883 886 888 885
4 886 887 889 888
4 555 868 890 577
4 868 869 891 890
4 577 890 892 579
4 890 891 893 892
4 869 872 894 891
4 872 873 895 894
4 891 894 896 893
4 894 895 897 896
4 579 892 898 585
4 892 893 899 898
4 585 898 900 587
4 898 899 901 900
4 893 896 902 899
4 896 897 903 902
4 899 902 904 901
4 902 903 905 904
4 873 884 906 895
4 884 885 907 906
4 895 906 908 897
4 906 907 909 908
4 885 888 910 907
4 888 889 911 910
4 907 910 912 909
4 910 911 913 912
4 897 908 914 903
4 908 909 915 914
4 903 914 916 905
4 914 915 917 916
4 909 912 918 915
4 912 913 919 918
4 915 918 920 917
4 918 919 921 920
4 587 900 922 609
4 900 901 923 922
4 609 922 924 611
4 922 923 925 924
4 901 904 926 923
4 904 905 927 926
4 923 926 928 925
4 926 927 929 928
4 611 924 930 617
4 924 925 931 930
4 617 930 932 619
4 930 931 933 932
4 925 928 934 931
4 928 929 935 934
4 931 934 936 933
4 934 935 937 936
4 905 916 938 927
4 916 917 939 938
4 927 938 940 929
4 938 939 941 940
4 917 920 942 939
4 920 921 943 942
4 939 942 944 941
4 942 943 945 944
4 929 940 946 935
4 940 941 947 946
4 935 946 948 937
4 946 947 949 948
4 941 944 950 947
4 944 945 951 950
4 947 950 952 949
4 950 951 953 952
4 619 932 954 641
4 932 933 955 954
4 641 954 956 643
4 954 955 957 956
4 933 936 958 955
4 936 937 959 958
4 955 958 960 957
4 958 959 961 960
4 643 956 962 649
4 956 957 963 962
4 649 962 964 651
4 962 963 965 964
4 957 960 966 963
4 960 961 967 966
4 963 966 968 965
4 966 967 969 968
4 937 948 970 959
4 948 949 971 970
4 959 970 972 961
4 970 971 973 972
4 949 952 974 971
4 952 953 975 974
4 971 974 976 973
4 974 975 977 976
4 961 972 978 967
4 972 973 979 978
4 967 978 980 969
4 978 979 981 980
4 973 976 982 979
4 976 977 983 982
4 979 982 984 981
4 982 983 985 984
4 680 986 987 681
4 986 988 989 987
4 681 987 990 683
4 987 989 991 990
4 988 992 993 989
4 992 994 995 993
4 989 993 996 991
4 993 995 997 996
4 683 990 998 689
4 990 991 999 998
4 689 998 1000 691
4 998 999 1001 1000
4 991 996 1002 999
4 996 997 1003 1002
4 999 1002 1004 1001
4 1002 1003 1005 1004
4 994 1006 1007 995
4 1006 1008 1009 1007
4 995 1007 1010 997
4 1007 1009 1011 1010
4 1008 1012 1013 1009
4 1012 1014 1015 1013
4 1009 1013 1016 1011
4 1013 1015 1017 1016
4 997 1010 1018 1003
4 1010 1011 1019 1018
4 1003 1018 1020 1005
4 1018 1019 1021 1020
4 1011 1016 1022 1019
4 1016 1017 1023 1022
4 1019 1022 1024 1021
4 1022 1023 1025 1024
4 691 1000 1026 713
4 1000 1001 1027 1026
4 713 1026 1028 715
4 1026 1027 1029 1028
4 1001 1004 1030 1027
4 1004 1005 1031 1030
4 1027 1030 1032 1029
4 1030 1031 1033 1032
4 715 1028 1034 721
4 1028 1029 1035 1034
4 721 1034 1036 723
4 1034 1035 1037 1036
4 1029 1032 1038 1035
4 1032 1033 1039 1038
4 1035 1038 1040 1037
4 1038 1039 1041 1040
4 1005 1020 1042 1031
4 1020 1021 1043 1042
4 1031 1042 1044 1033
4 1042 1043 1045 1044
4 1021 1024 1046 1043
4 1024 1025 1047 1046
4 1043 1046 1048 1045
4 1046 1047 1049 1048
4 1033 1044 1050 1039
4 1044 1045 1051 1050
4 1039 1050 1052 1041
4 1050 1051 1053 1052
4 1045 1048 1054 1051
4 1048 1049 1055 1054
4 1051 1054 1056 1053
4 1054 1055 1057 1056
4 723 1036 1058 745
4 1036 1037 1059 1058
4 745 1058 1060 747
4 1058 1059 1061 1060
4 1037 1040 1062 1059
4 1040 1041 1063 1062
4 1059 1062 1064 1061
4 1062 1063 1065 1064
4 747 1060 1066 753
4 1060 1061 1067 1066
4 753 1066 1068 755
4 1066 1067 1069 1068
4 1061 1064 1070 1067
4 1064 1065 1071 1070
4 1067 1070 1072 1069
4 1070 1071 1073 1072
4 1041 1052 1074 1063
4 1052 1053 1075 1074
4 1063 1074 1076 1065
4 1074 1075 1077 1076
4 1053 1056 1078 1075
4 1056 1057 1079 1078
4 1075 1078 1080 1077
4 1078 1079 1081 1080
4 1065 1076 1082 1071
4 1076 1077 1083 1082
4 1071 1082 1084 1073
4 1082 1083 1085 1084
4 1077 1080 1086 1083
4 1080 1081 1087 1086
4 1083 1086 1088 1085
4 1086 1087 1089 1088
4 755 1068 1090 817
4 1068 1069 1091 1090
4 817 1090 1092 819
4 1090 1091 1093 1092
4 1069 1072 1094 1091
4 1072 1073 1095 1094
4 1091 1094 1096 1093
4 1094 1095 1097 1096
4 819 1092 1098 825
4 1092 1093 1099 1098
4 825 1098 1100 827
4 1098 1099 1101 1100
4 1093 1096 1102 1099
4 1096 1097 1103 1102
4 1099 1102 1104 1101
4 1102 1103 1105 1104
4 1073 1084 1106 1095
4 1084 1085 1107 1106
4 1095 1106 1108 1097
4 1106 1107 1109 1108
4 1085 1088 1110 1107
4 1088 1089 1111 1110
4 1107 1110 1112 1109
4 1110 1111 1113 1112
4 1097 1108 1114 1103
4 1108 1109 1115 1114
4 1103 1114 1116 1105
4 1114 1115 1117 1116
4 1109 1112 1118 1115
4 1112 1113 1119 1118
4 1115 1118 1120 1117
4 1118 1119 1121 1120
4 827 1100 1122 879
4 1100 1101 1123 1122
4 879 1122 1124 881
4 1122 1123 1125 1124
4 1101 1104 1126 1123
4 1104 1105 1127 1126
4 1123 1126 1128 1125
4 1126 1127 1129 1128
4 881 1124 1130 887
4 1124 1125 1131 1130
4 887 1130 1132 889
4 1130 1131 1133 1132
4 1125 1128 1134 1131
4 1128 1129 1135 1134
4 1131 1134 1136 1133
4 1134 1135 1137 1136
4 1105 1116 1138 1127
4 1116 1117 1139 1138
4 1127 1138 1140 1129
4 1138 1139 1141 1140
4 1117 1120 1142 1139
4 1120 1121 1143 1142
4 1139 1142 1144 1141
4 1142 1143 1145 1144
4 1129 1140 1146 1135
4 1140 1141 1147 1146
4 1135 1146 1148 1137
4 1146 1147 1149 1148
4 1141 1144 1150 1147
4 1144 1145 1151 1150
4 1147 1150 1152 1149
4 1150 1151 1153 1152
4 889 1132 1154 911
4 1132 1133 1155 1154
4 911 1154 1156 913
4 1154 1155 1157 1156
4 1133 1136 1158 1155
4 1136 1137 1159 1158
4 1155 1158 1160 1157
4 1158 1159 1161 1160
4 913 1156 1162 919
4 1156 1157 1163 1162
4 919 1162 1164 921
4 1162 1163 1165 1164
4 1157 1160 1166 1163
4 1160 1161 1167 1166
4 1163 1166 1168 1165
4 1166 1167 1169 1168
4 1137 1148 1170 1159
4 1148 1149 1171 1170
4 1159 1170 1172 1161
4 1170 1171 1173 1172
4 1149 1152 1174 1171
4 1152 1153 1175 1174
4 1171 1174 1176 1173
4 1174 1175 1177 1176
4 1161 1172 1178 1167
4 1172 1173 1179 1178
4 1167 1178 1180 1169
4 1178 1179 1181 1180
4 1173 1176 1182 1179
4 1176 1177 1183 1182
4 1179 1182 1184 1181
4 1182 1183 1185 1184
4 921 1164 1186 943
4 1164 1165 1187 1186
4 943 1186 1188 945
4 1186 1187 1189 1188
4 1165 1168 1190 1187
4 1168 1169 1191 1190
4 1187 1190 1192 1189
4 1190 1191 1193 1192
4 945 1188 1194 951
4 1188 1189 1195 1194
4 951 1194 1196 953
4 1194 1195 1197 1196
4 1189 1192 1198 1195
4 1192 1193 1199 1198
4 1195 1198 1200 1197
4 1198 1199 1201 1200
4 1169 1180 1202 1191
4 1180 1181 1203 1202
4 1191 1202 1204 1193
4 1202 1203 1205 1204
4 1181 1184 1206 1203
4 1184 1185 1207 1206
4 1203 1206 1208 1205
4 1206 1207 1209 1208
4 1193 1204 1210 1199
4 1204 1205 1211 1210
4 1199 1210 1212 1201
4 1210 1211 1213 1212
4 1205 1208 1214 1211
4 1208 1209 1215 1214
4 1211 1214 1216 1213
4 1214 1215 1217 1216
4 953 1196 1218 975
4 1196 1197 1219 1218
4 975 1218 1220 977
4 1218 1219 1221 1220
4 1197 1200 1222 1219
4 1200 1201 1223 1222
4 1219 1222 1224 1221
4 1222 1223 1225 1224
4 977 1220 1226 983
4 1220 1221 1227 1226
4 983 1226 1228 985
4 1226 1227 1229 1228
4 1221 1224 1230 1227
4 1224 1225 1231 1230
4 1227 1230 1232 1229
4 1230 1231 1233 1232
4 1201 1212 1234 1223
4 1212 1213 1235 1234
4 1223 1234 1236 1225
4 1234 1235 1237 1236
4 1213 1216 1238 1235
4 1216 1217 1239 1238
4 1235 1238 1240 1237
4 1238 1239 1241 1240
4 1225 1236 1242 1231
4 1236 1237 1243 1242
4 1231 1242 1244 1233
4 1242 1243 1245 1244
4 1237 1240 1246 1243
4 1240 1241 1247 1246
4 1243 1246 1248 1245
4 1246 1247 1249 1248
1 2 4 5 8 10 12 17 20 26 28 32 34 47 50 57 60 83 86 93 96 119 122 129 132 155 158 165 168 191 194 201 204 227 230 237 240 263 266 273 275 276 277 280 281 292 293 296 297 298 300 304 306 318 320 324 326 630 631 634 635 646 647 650 651 652 654 658 660 672 674 678 680 964 965 968 969 980 981 984 985 986 988 992 994 1006 1008 1012 1014 1015 1017 1023 1025 1047 1049 1055 1057 1079 1081 1087 1089 1111 1113 1119 1121 1143 1145 1151 1153 1175 1177 1183 1185 1207 1209 1215 1217 1228 1229 1232 1233 1239 1241 1244 1245 1247 1248 1249
