145 108 1
0 0
0.166666666666667 0
0.166666666666667 0.166666666666667
0 0.166666666666667
0.166666666666667 0.333333333333333
0 0.333333333333333
0.166666666666667 0.5
0 0.5
0.166666666666667 0.666666666666667
0 0.666666666666667
0.166666666666667 0.833333333333333
0 0.833333333333333
0.166666666666667 1
0 1
0.333333333333333 0
0.333333333333333 0.166666666666667
0.333333333333333 0.333333333333333
0.333333333333333 0.416666666666667
0.333333333333333 0.5
0.333333333333333 0.583333333333333
0.333333333333333 0.666666666666667
0.333333333333333 0.833333333333333
0.333333333333333 1
0.5 0
0.5 0.166666666666667
0.5 0.333333333333333
0.416666666666667 0.333333333333333
0.416666666666667 0.416666666666667
0.5 0.416666666666667
0.458333333333333 0.416666666666667
0.416666666666667 0.458333333333333
0.416666666666667 0.5
0.458333333333333 0.458333333333333
0.5 0.458333333333333
0.479166666666667 0.458333333333333
0.458333333333333 0.479166666666667
0.458333333333333 0.5
0.479166666666667 0.479166666666667
0.5 0.479166666666667
0.489583333333333 0.479166666666667
0.479166666666667 0.489583333333333
0.479166666666667 0.5
0.489583333333333 0.489583333333333
0.5 0.489583333333333
0.494791666666667 0.489583333333333
0.489583333333333 0.494791666666667
0.489583333333333 0.5
0.494791666666667 0.494791666666667
0.5 0.494791666666667
0.497395833333333 0.494791666666667
0.494791666666667 0.497395833333333
0.494791666666667 0.5
0.497395833333333 0.497395833333333
0.5 0.497395833333333
0.497395833333333 0.5
0.5 0.5
0.416666666666667 0.541666666666667
0.416666666666667 0.583333333333333
0.458333333333333 0.520833333333333
0.458333333333333 0.541666666666667
0.479166666666667 0.510416666666667
0.479166666666667 0.520833333333333
0.489583333333333 0.505208333333333
0.489583333333333 0.510416666666667
0.494791666666667 0.502604166666667
0.494791666666667 0.505208333333333
0.497395833333333 0.502604166666667
0.5 0.502604166666667
0.497395833333333 0.505208333333333
0.5 0.505208333333333
0.494791666666667 0.510416666666667
0.5 0.510416666666667
0.489583333333333 0.520833333333333
0.5 0.520833333333333
0.479166666666667 0.541666666666667
0.5 0.541666666666667
0.458333333333333 0.583333333333333
0.5 0.583333333333333
0.416666666666667 0.666666666666667
0.5 0.666666666666667
0.5 0.833333333333333
0.5 1
0.666666666666667 0
0.666666666666667 0.166666666666667
0.666666666666667 0.333333333333333
0.583333333333333 0.333333333333333
0.583333333333333 0.416666666666667
0.541666666666667 0.416666666666667
0.666666666666667 0.416666666666667
0.541666666666667 0.458333333333333
0.520833333333333 0.458333333333333
0.583333333333333 0.458333333333333
0.520833333333333 0.479166666666667
0.510416666666667 0.479166666666667
0.541666666666667 0.479166666666667
0.510416666666667 0.489583333333333
0.505208333333333 0.489583333333333
0.520833333333333 0.489583333333333
0.505208333333333 0.494791666666667
0.502604166666667 0.494791666666667
0.510416666666667 0.494791666666667
0.502604166666667 0.497395833333333
0.505208333333333 0.497395833333333
0.502604166666667 0.5
0.505208333333333 0.5
0.510416666666667 0.5
0.520833333333333 0.5
0.541666666666667 0.5
0.583333333333333 0.5
0.666666666666667 0.5
0.502604166666667 0.502604166666667
0.505208333333333 0.502604166666667
0.502604166666667 0.505208333333333
0.505208333333333 0.505208333333333
0.510416666666667 0.505208333333333
0.505208333333333 0.510416666666667
0.510416666666667 0.510416666666667
0.520833333333333 0.510416666666667
0.510416666666667 0.520833333333333
0.520833333333333 0.520833333333333
0.541666666666667 0.520833333333333
0.520833333333333 0.541666666666667
0.541666666666667 0.541666666666667
0.583333333333333 0.541666666666667
0.541666666666667 0.583333333333333
0.583333333333333 0.583333333333333
0.666666666666667 0.583333333333333
0.583333333333333 0.666666666666667
0.666666666666667 0.666666666666667
0.666666666666667 0.833333333333333
0.666666666666667 1
0.833333333333333 0
0.833333333333333 0.166666666666667
0.833333333333333 0.333333333333333
0.833333333333333 0.5
0.833333333333333 0.666666666666667
0.833333333333333 0.833333333333333
0.833333333333333 1
1 0
1 0.166666666666667
1 0.333333333333333
1 0.5
1 0.666666666666667
1 0.833333333333333
1 1
4 1 2 3 4
4 4 3 5 6
4 6 5 7 8
4 8 7 9 10
4 10 9 11 12
4 12 11 13 14
4 2 15 16 3
4 3 16 17 5
5 5 17 18 19 7
5 7 19 20 21 9
4 9 21 22 11
4 11 22 23 13
4 15 24 25 16
5 16 25 26 27 17
4 17 27 28 18
5 27 26 29 30 28
5 18 28 31 32 19
4 28 30 33 31
5 30 29 34 35 33
5 31 33 36 37 32
4 33 35 38 36
5 35 34 39 40 38
5 36 38 41 42 37
4 38 40 43 41
5 40 39 44 45 43
5 41 43 46 47 42
4 43 45 48 46
5 45 44 49 50 48
5 46 48 51 52 47
4 48 50 53 51
4 50 49 54 53
4 51 53 55 52
4 53 54 56 55
5 19 32 57 58 20
5 32 37 59 60 57
5 37 42 61 62 59
5 42 47 63 64 61
5 47 52 65 66 63
4 52 55 67 65
4 55 56 68 67
4 65 67 69 66
4 67 68 70 69
4 63 66 71 64
5 66 69 70 72 71
4 61 64 73 62
5 64 71 72 74 73
4 59 62 75 60
5 62 73 74 76 75
4 57 60 77 58
5 60 75 76 78 77
4 20 58 79 21
5 58 77 78 80 79
5 21 79 80 81 22
4 22 81 82 23
4 24 83 84 25
5 25 84 85 86 26
5 26 86 87 88 29
4 86 85 89 87
5 29 88 90 91 34
4 88 87 92 90
5 34 91 93 94 39
4 91 90 95 93
5 39 94 96 97 44
4 94 93 98 96
5 44 97 99 100 49
4 97 96 101 99
4 49 100 102 54
4 100 99 103 102
4 54 102 104 56
4 102 103 105 104
5 99 101 106 105 103
5 96 98 107 106 101
5 93 95 108 107 98
5 90 92 109 108 95
5 87 89 110 109 92
4 56 104 111 68
4 104 105 112 111
4 68 111 113 70
4 111 112 114 113
5 105 106 115 114 112
5 70 113 114 116 72
4 114 115 117 116
5 106 107 118 117 115
5 72 116 117 119 74
4 117 118 120 119
5 107 108 121 120 118
5 74 119 120 122 76
4 120 121 123 122
5 108 109 124 123 121
5 76 122 123 125 78
4 123 124 126 125
5 109 110 127 126 124
5 78 125 126 128 80
4 126 127 129 128
5 80 128 129 130 81
4 81 130 131 82
4 83 132 133 84
4 84 133 134 85
5 85 134 135 110 89
5 110 135 136 129 127
4 129 136 137 130
4 130 137 138 131
4 132 139 140 133
4 133 140 141 134
4 134 141 142 135
4 135 142 143 136
4 136 143 144 137
4 137 144 145 138
1 2 4 6 8 10 12 13 14 15 23 24 82 83 131 132 138 139 140 141 142 143 144 145
