241 196 1
0 0
0.0625 0
0.0625 0.0625
0 0.0625
0.125 0
0.125 0.0625
0.0625 0.125
0 0.125
0.1875 0
0.1875 0.0625
0.25 0
0.25 0.0625
0.0625 0.1875
0 0.1875
0.0625 0.25
0 0.25
0.0625 0.3125
0 0.3125
0.0625 0.375
0 0.375
0.0625 0.4375
0 0.4375
0.0625 0.5
0 0.5
0.0625 0.5625
0 0.5625
0.0625 0.625
0 0.625
0.0625 0.6875
0 0.6875
0.0625 0.75
0 0.75
0.0625 0.8125
0 0.8125
0.0625 0.875
0 0.875
0.0625 0.9375
0 0.9375
0.0625 1
0 1
0.125 0.9375
0.125 1
0.1875 0.9375
0.1875 1
0.25 0.9375
0.25 1
0.3125 0
0.3125 0.0625
0.375 0
0.375 0.0625
0.4375 0
0.4375 0.0625
0.5 0
0.5 0.0625
0.3125 0.9375
0.3125 1
0.375 0.9375
0.375 1
0.4375 0.9375
0.4375 1
0.5 0.9375
0.5 1
0.5625 0
0.5625 0.0625
0.625 0
0.625 0.0625
0.6875 0
0.6875 0.0625
0.75 0
0.75 0.0625
0.5625 0.9375
0.5625 1
0.625 0.9375
0.625 1
0.6875 0.9375
0.6875 1
0.75 0.9375
0.75 1
0.8125 0
0.8125 0.0625
0.875 0
0.875 0.0625
0.9375 0
0.9375 0.0625
1 0
1 0.0625
1 0.125
0.9375 0.125
1 0.1875
0.9375 0.1875
1 0.25
0.9375 0.25
1 0.3125
0.9375 0.3125
1 0.375
0.9375 0.375
1 0.4375
0.9375 0.4375
1 0.5
0.9375 0.5
1 0.5625
0.9375 0.5625
1 0.625
0.9375 0.625
1 0.6875
0.9375 0.6875
1 0.75
0.9375 0.75
1 0.8125
0.9375 0.8125
1 0.875
0.9375 0.875
0.8125 0.9375
0.8125 1
0.875 0.9375
0.875 1
1 0.9375
0.9375 0.9375
0.9375 1
1 1
0.125 0.125
0.1875 0.125
0.25 0.125
0.125 0.1875
0.125 0.25
0.1875 0.1875
0.25 0.1875
0.1875 0.25
0.25 0.25
0.125 0.3125
0.125 0.375
0.1875 0.3125
0.25 0.3125
0.1875 0.375
0.25 0.375
0.125 0.4375
0.125 0.5
0.1875 0.4375
0.25 0.4375
0.1875 0.5
0.25 0.5
0.125 0.5625
0.125 0.625
0.1875 0.5625
0.25 0.5625
0.1875 0.625
0.25 0.625
0.125 0.6875
0.125 0.75
0.1875 0.6875
0.25 0.6875
0.1875 0.75
0.25 0.75
0.125 0.8125
0.125 0.875
0.1875 0.8125
0.25 0.8125
0.1875 0.875
0.25 0.875
0.3125 0.125
0.375 0.125
0.4375 0.125
0.5 0.125
0.3125 0.1875
0.375 0.1875
0.3125 0.25
0.375 0.25
0.4375 0.1875
0.5 0.1875
0.4375 0.25
0.5 0.25
0.3125 0.75
0.3125 0.8125
0.375 0.75
0.375 0.8125
0.3125 0.875
0.375 0.875
0.4375 0.75
0.4375 0.8125
0.5 0.75
0.5 0.8125
0.4375 0.875
0.5 0.875
0.5625 0.125
0.625 0.125
0.6875 0.125
0.75 0.125
0.5625 0.1875
0.625 0.1875
0.5625 0.25
0.625 0.25
0.6875 0.1875
0.75 0.1875
0.6875 0.25
0.75 0.25
0.5625 0.75
0.5625 0.8125
0.625 0.75
0.625 0.8125
0.5625 0.875
0.625 0.875
0.6875 0.75
0.6875 0.8125
0.75 0.75
0.75 0.8125
0.6875 0.875
0.75 0.875
0.8125 0.125
0.875 0.125
0.8125 0.1875
0.875 0.1875
0.8125 0.25
0.875 0.25
0.8125 0.3125
0.75 0.3125
0.875 0.3125
0.8125 0.375
0.75 0.375
0.875 0.375
0.8125 0.4375
0.75 0.4375
0.875 0.4375
0.8125 0.5
0.75 0.5
0.875 0.5
0.8125 0.5625
0.75 0.5625
0.875 0.5625
0.8125 0.625
0.75 0.625
0.875 0.625
0.8125 0.6875
0.75 0.6875
0.875 0.6875
0.8125 0.75
0.875 0.75
0.8125 0.8125
0.875 0.8125
0.8125 0.875
0.875 0.875
0.5 0.5
4 1 2 3 4
4 2 5 6 3
4 4 3 7 8
4 5 9 10 6
4 9 11 12 10
4 8 7 13 14
4 14 13 15 16
4 16 15 17 18
4 18 17 19 20
4 20 19 21 22
4 22 21 23 24
4 24 23 25 26
4 26 25 27 28
4 28 27 29 30
4 30 29 31 32
4 32 31 33 34
4 34 33 35 36
4 36 35 37 38
4 38 37 39 40
4 37 41 42 39
4 41 43 44 42
4 43 45 46 44
4 11 47 48 12
4 47 49 50 48
4 49 51 52 50
4 51 53 54 52
4 45 55 56 46
4 55 57 58 56
4 57 59 60 58
4 59 61 62 60
4 53 63 64 54
4 63 65 66 64
4 65 67 68 66
4 67 69 70 68
4 61 71 72 62
4 71 73 74 72
4 73 75 76 74
4 75 77 78 76
4 69 79 80 70
4 79 81 82 80
4 81 83 84 82
4 83 85 86 84
4 84 86 87 88
4 88 87 89 90
4 90 89 91 92
4 92 91 93 94
4 94 93 95 96
4 96 95 97 98
4 98 97 99 100
4 100 99 101 102
4 102 101 103 104
4 104 103 105 106
4 106 105 107 108
4 108 107 109 110
4 110 109 111 112
4 77 113 114 78
4 113 115 116 114
4 112 111 117 118
4 115 118 119 116
4 118 117 120 119
4 3 6 121 7
4 6 10 122 121
4 10 12 123 122
4 7 121 124 13
4 13 124 125 15
4 121 122 126 124
4 122 123 127 126
4 124 126 128 125
4 126 127 129 128
4 15 125 130 17
4 17 130 131 19
4 125 128 132 130
4 128 129 133 132
4 130 132 134 131
4 132 133 135 134
4 19 131 136 21
4 21 136 137 23
4 131 134 138 136
4 134 135 139 138
4 136 138 140 137
4 138 139 141 140
4 23 137 142 25
4 25 142 143 27
4 137 140 144 142
4 140 141 145 144
4 142 144 146 143
4 144 145 147 146
4 27 143 148 29
4 29 148 149 31
4 143 146 150 148
4 146 147 151 150
4 148 150 152 149
4 150 151 153 152
4 31 149 154 33
4 33 154 155 35
4 149 152 156 154
4 152 153 157 156
4 154 156 158 155
4 156 157 159 158
4 35 155 41 37
4 155 158 43 41
4 158 159 45 43
4 12 48 160 123
4 48 50 161 160
4 50 52 162 161
4 52 54 163 162
4 123 160 164 127
4 160 161 165 164
4 127 164 166 129
4 164 165 167 166
4 161 162 168 165
4 162 163 169 168
4 165 168 170 167
4 168 169 171 170
4 153 172 173 157
4 172 174 175 173
4 157 173 176 159
4 173 175 177 176
4 174 178 179 175
4 178 180 181 179
4 175 179 182 177
4 179 181 183 182
4 159 176 55 45
4 176 177 57 55
4 177 182 59 57
4 182 183 61 59
4 54 64 184 163
4 64 66 185 184
4 66 68 186 185
4 68 70 187 186
4 163 184 188 169
4 184 185 189 188
4 169 188 190 171
4 188 189 191 190
4 185 186 192 189
4 186 187 193 192
4 189 192 194 191
4 192 193 195 194
4 180 196 197 181
4 196 198 199 197
4 181 197 200 183
4 197 199 201 200
4 198 202 203 199
4 202 204 205 203
4 199 203 206 201
4 203 205 207 206
4 183 200 71 61
4 200 201 73 71
4 201 206 75 73
4 206 207 77 75
4 70 80 208 187
4 80 82 209 208
4 82 84 88 209
4 187 208 210 193
4 208 209 211 210
4 193 210 212 195
4 210 211 213 212
4 209 88 90 211
4 211 90 92 213
4 195 212 214 215
4 212 213 216 214
4 215 214 217 218
4 214 216 219 217
4 213 92 94 216
4 216 94 96 219
4 218 217 220 221
4 217 219 222 220
4 221 220 223 224
4 220 222 225 223
4 219 96 98 222
4 222 98 100 225
4 224 223 226 227
4 223 225 228 226
4 227 226 229 230
4 226 228 231 229
4 225 100 102 228
4 228 102 104 231
4 230 229 232 233
4 229 231 234 232
4 233 232 235 204
4 232 234 236 235
4 231 104 106 234
4 234 106 108 236
4 204 235 237 205
4 235 236 238 237
4 205 237 239 207
4 237 238 240 239
4 236 108 110 238
4 238 110 112 240
4 207 239 113 77
4 239 240 115 113
4 240 112 118 115
10 129 166 167 170 171 241 141 139 135 133
10 141 241 180 178 174 172 153 151 147 145
10 171 190 191 194 195 215 218 221 224 241
10 241 224 227 230 233 204 202 198 196 180
1 2 4 5 8 9 11 14 16 18 20 22 24 26 28 30 32 34 36 38 39 40 42 44 46 47 49 51 53 56 58 60 62 63 65 67 69 72 74 76 78 79 81 83 85 86 87 89 91 93 95 97 99 101 103 105 107 109 111 114 116 117 119 120
