105 76 1
0 0
0.25 0
0.25 0.25
0 0.25
0.25 0.375
0.25 0.5
0 0.5
0.25 0.625
0.25 0.75
0 0.75
0.25 1
0 1
0.5 0
0.5 0.25
0.375 0.25
0.375 0.375
0.5 0.375
0.4375 0.375
0.375 0.4375
0.375 0.5
0.4375 0.4375
0.5 0.4375
0.46875 0.4375
0.4375 0.46875
0.4375 0.5
0.46875 0.46875
0.5 0.46875
0.484375 0.46875
0.46875 0.484375
0.46875 0.5
0.484375 0.484375
0.5 0.484375
0.4921875 0.484375
0.484375 0.4921875
0.484375 0.5
0.4921875 0.4921875
0.5 0.4921875
0.4921875 0.5
0.5 0.5
0.375 0.5625
0.375 0.625
0.4375 0.53125
0.4375 0.5625
0.46875 0.515625
0.46875 0.53125
0.484375 0.5078125
0.484375 0.515625
0.4921875 0.5078125
0.5 0.5078125
0.4921875 0.515625
0.5 0.515625
0.484375 0.53125
0.5 0.53125
0.46875 0.5625
0.5 0.5625
0.4375 0.625
0.5 0.625
0.375 0.75
0.5 0.75
0.5 1
0.75 0
0.75 0.25
0.625 0.25
0.625 0.375
0.5625 0.375
0.75 0.375
0.5625 0.4375
0.53125 0.4375
0.625 0.4375
0.53125 0.46875
0.515625 0.46875
0.5625 0.46875
0.515625 0.484375
0.5078125 0.484375
0.53125 0.484375
0.5078125 0.4921875
0.515625 0.4921875
0.5078125 0.5
0.515625 0.5
0.53125 0.5
0.5625 0.5
0.625 0.5
0.75 0.5
0.5078125 0.5078125
0.515625 0.5078125
0.5078125 0.515625
0.515625 0.515625
0.53125 0.515625
0.515625 0.53125
0.53125 0.53125
0.5625 0.53125
0.53125 0.5625
0.5625 0.5625
0.625 0.5625
0.5625 0.625
0.625 0.625
0.75 0.625
0.625 0.75
0.75 0.75
0.75 1
1 0
1 0.25
1 0.5
1 0.75
1 1
4 1 2 3 4
5 4 3 5 6 7
5 7 6 8 9 10
4 10 9 11 12
5 2 13 14 15 3
4 3 15 16 5
5 15 14 17 18 16
5 5 16 19 20 6
4 16 18 21 19
5 18 17 22 23 21
5 19 21 24 25 20
4 21 23 26 24
5 23 22 27 28 26
5 24 26 29 30 25
4 26 28 31 29
5 28 27 32 33 31
5 29 31 34 35 30
4 31 33 36 34
4 33 32 37 36
4 34 36 38 35
4 36 37 39 38
5 6 20 40 41 8
5 20 25 42 43 40
5 25 30 44 45 42
5 30 35 46 47 44
4 35 38 48 46
4 38 39 49 48
4 46 48 50 47
4 48 49 51 50
4 44 47 52 45
5 47 50 51 53 52
4 42 45 54 43
5 45 52 53 55 54
4 40 43 56 41
5 43 54 55 57 56
4 8 41 58 9
5 41 56 57 59 58
5 9 58 59 60 11
5 13 61 62 63 14
5 14 63 64 65 17
4 63 62 66 64
5 17 65 67 68 22
4 65 64 69 67
5 22 68 70 71 27
4 68 67 72 70
5 27 71 73 74 32
4 71 70 75 73
4 32 74 76 37
4 74 73 77 76
4 37 76 78 39
4 76 77 79 78
5 73 75 80 79 77
5 70 72 81 80 75
5 67 69 82 81 72
5 64 66 83 82 69
4 39 78 84 49
4 78 79 85 84
4 49 84 86 51
4 84 85 87 86
5 79 80 88 87 85
5 51 86 87 89 53
4 87 88 90 89
5 80 81 91 90 88
5 53 89 90 92 55
4 90 91 93 92
5 81 82 94 93 91
5 55 92 93 95 57
4 93 94 96 95
5 82 83 97 96 94
5 57 95 96 98 59
4 96 97 99 98
5 59 98 99 100 60
4 61 101 102 62
5 62 102 103 83 66
5 83 103 104 99 97
4 99 104 105 100
1 2 4 7 10 11 12 13 60 61 100 101 102 103 104 105
