337 292 1
0 0
0.0625 0
0.0625 0.0625
0 0.0625
0.125 0
0.125 0.0625
0.0625 0.125
0 0.125
0.125 0.125
0.1875 0
0.1875 0.0625
0.25 0
0.25 0.0625
0.1875 0.125
0.25 0.125
0.0625 0.1875
0 0.1875
0.125 0.1875
0.0625 0.25
0 0.25
0.125 0.25
0.1875 0.1875
0.25 0.1875
0.1875 0.25
0.25 0.25
0.3125 0
0.3125 0.0625
0.375 0
0.375 0.0625
0.3125 0.125
0.375 0.125
0.4375 0
0.4375 0.0625
0.5 0
0.5 0.0625
0.4375 0.125
0.5 0.125
0.3125 0.1875
0.375 0.1875
0.3125 0.25
0.375 0.25
0.4375 0.1875
0.5 0.1875
0.4375 0.25
0.5 0.25
0.0625 0.3125
0 0.3125
0.125 0.3125
0.0625 0.375
0 0.375
0.125 0.375
0.1875 0.3125
0.25 0.3125
0.1875 0.375
0.25 0.375
0.0625 0.4375
0 0.4375
0.125 0.4375
0.0625 0.5
0 0.5
0.125 0.5
0.1875 0.4375
0.25 0.4375
0.1875 0.5
0.25 0.5
0.3125 0.3125
0.375 0.3125
0.3125 0.375
0.375 0.375
0.4375 0.3125
0.5 0.3125
0.4375 0.375
0.5 0.375
0.3125 0.4375
0.375 0.4375
0.3125 0.5
0.375 0.5
0.4375 0.4375
0.5 0.4375
0.46875 0.4375
0.4375 0.46875
0.4375 0.5
0.46875 0.46875
0.5 0.46875
0.484375 0.46875
0.46875 0.484375
0.46875 0.5
0.484375 0.484375
0.5 0.484375
0.4921875 0.484375
0.484375 0.4921875
0.484375 0.5
0.4921875 0.4921875
0.5 0.4921875
0.4921875 0.5
0.5 0.5
0.0625 0.5625
0 0.5625
0.125 0.5625
0.0625 0.625
0 0.625
0.125 0.625
0.1875 0.5625
0.25 0.5625
0.1875 0.625
0.25 0.625
0.0625 0.6875
0 0.6875
0.125 0.6875
0.0625 0.75
0 0.75
0.125 0.75
0.1875 0.6875
0.25 0.6875
0.1875 0.75
0.25 0.75
0.3125 0.5625
0.375 0.5625
0.3125 0.625
0.375 0.625
0.4375 0.53125
0.4375 0.5625
0.46875 0.515625
0.46875 0.53125
0.484375 0.5078125
0.484375 0.515625
0.4921875 0.5078125
0.5 0.5078125
0.4921875 0.515625
0.5 0.515625
0.484375 0.53125
0.5 0.53125
0.46875 0.5625
0.5 0.5625
0.4375 0.625
0.5 0.625
0.3125 0.6875
0.375 0.6875
0.3125 0.75
0.375 0.75
0.4375 0.6875
0.5 0.6875
0.4375 0.75
0.5 0.75
0.0625 0.8125
0 0.8125
0.125 0.8125
0.0625 0.875
0 0.875
0.125 0.875
0.1875 0.8125
0.25 0.8125
0.1875 0.875
0.25 0.875
0.0625 0.9375
0 0.9375
0.125 0.9375
0.0625 1
0 1
0.125 1
0.1875 0.9375
0.25 0.9375
0.1875 1
0.25 1
0.3125 0.8125
0.375 0.8125
0.3125 0.875
0.375 0.875
0.4375 0.8125
0.5 0.8125
0.4375 0.875
0.5 0.875
0.3125 0.9375
0.375 0.9375
0.3125 1
0.375 1
0.4375 0.9375
0.5 0.9375
0.4375 1
0.5 1
0.5625 0
0.5625 0.0625
0.625 0
0.625 0.0625
0.5625 0.125
0.625 0.125
0.6875 0
0.6875 0.0625
0.75 0
0.75 0.0625
0.6875 0.125
0.75 0.125
0.5625 0.1875
0.625 0.1875
0.5625 0.25
0.625 0.25
0.6875 0.1875
0.75 0.1875
0.6875 0.25
0.75 0.25
0.8125 0
0.8125 0.0625
0.875 0
0.875 0.0625
0.8125 0.125
0.875 0.125
0.9375 0
0.9375 0.0625
1 0
1 0.0625
0.9375 0.125
1 0.125
0.8125 0.1875
0.875 0.1875
0.8125 0.25
0.875 0.25
0.9375 0.1875
1 0.1875
0.9375 0.25
1 0.25
0.5625 0.3125
0.625 0.3125
0.5625 0.375
0.625 0.375
0.6875 0.3125
0.75 0.3125
0.6875 0.375
0.75 0.375
0.5625 0.4375
0.53125 0.4375
0.625 0.4375
0.53125 0.46875
0.515625 0.46875
0.5625 0.46875
0.515625 0.484375
0.5078125 0.484375
0.53125 0.484375
0.5078125 0.4921875
0.515625 0.4921875
0.5078125 0.5
0.515625 0.5
0.53125 0.5
0.5625 0.5
0.625 0.5
0.6875 0.4375
0.75 0.4375
0.6875 0.5
0.75 0.5
0.8125 0.3125
0.875 0.3125
0.8125 0.375
0.875 0.375
0.9375 0.3125
1 0.3125
0.9375 0.375
1 0.375
0.8125 0.4375
0.875 0.4375
0.8125 0.5
0.875 0.5
0.9375 0.4375
1 0.4375
0.9375 0.5
1 0.5
0.5078125 0.5078125
0.515625 0.5078125
0.5078125 0.515625
0.515625 0.515625
0.53125 0.515625
0.515625 0.53125
0.53125 0.53125
0.5625 0.53125
0.53125 0.5625
0.5625 0.5625
0.625 0.5625
0.5625 0.625
0.625 0.625
0.6875 0.5625
0.75 0.5625
0.6875 0.625
0.75 0.625
0.5625 0.6875
0.625 0.6875
0.5625 0.75
0.625 0.75
0.6875 0.6875
0.75 0.6875
0.6875 0.75
0.75 0.75
0.8125 0.5625
0.875 0.5625
0.8125 0.625
0.875 0.625
0.9375 0.5625
1 0.5625
0.9375 0.625
1 0.625
0.8125 0.6875
0.875 0.6875
0.8125 0.75
0.875 0.75
0.9375 0.6875
1 0.6875
0.9375 0.75
1 0.75
0.5625 0.8125
0.625 0.8125
0.5625 0.875
0.625 0.875
0.6875 0.8125
0.75 0.8125
0.6875 0.875
0.75 0.875
0.5625 0.9375
0.625 0.9375
0.5625 1
0.625 1
0.6875 0.9375
0.75 0.9375
0.6875 1
0.75 1
0.8125 0.8125
0.875 0.8125
0.8125 0.875
0.875 0.875
0.9375 0.8125
1 0.8125
0.9375 0.875
1 0.875
0.8125 0.9375
0.875 0.9375
0.8125 1
0.875 1
0.9375 0.9375
1 0.9375
0.9375 1
1 1
4 1 2 3 4
4 2 5 6 3
4 4 3 7 8
4 3 6 9 7
4 5 10 11 6
4 10 12 13 11
4 6 11 14 9
4 11 13 15 14
4 8 7 16 17
4 7 9 18 16
4 17 16 19 20
4 16 18 21 19
4 9 14 22 18
4 14 15 23 22
4 18 22 24 21
4 22 23 25 24
4 12 26 27 13
4 26 28 29 27
4 13 27 30 15
4 27 29 31 30
4 28 32 33 29
4 32 34 35 33
4 29 33 36 31
4 33 35 37 36
4 15 30 38 23
4 30 31 39 38
4 23 38 40 25
4 38 39 41 40
4 31 36 42 39
4 36 37 43 42
4 39 42 44 41
4 42 43 45 44
4 20 19 46 47
4 19 21 48 46
4 47 46 49 50
4 46 48 51 49
4 21 24 52 48
4 24 25 53 52
4 48 52 54 51
4 52 53 55 54
4 50 49 56 57
4 49 51 58 56
4 57 56 59 60
4 56 58 61 59
4 51 54 62 58
4 54 55 63 62
4 58 62 64 61
4 62 63 65 64
4 25 40 66 53
4 40 41 67 66
4 53 66 68 55
4 66 67 69 68
4 41 44 70 67
4 44 45 71 70
4 67 70 72 69
4 70 71 73 72
4 55 68 74 63
4 68 69 75 74
4 63 74 76 65
4 74 75 77 76
4 69 72 78 75
5 72 73 79 80 78
5 75 78 81 82 77
4 78 80 83 81
5 80 79 84 85 83
5 81 83 86 87 82
4 83 85 88 86
5 85 84 89 90 88
5 86 88 91 92 87
4 88 90 93 91
4 90 89 94 93
4 91 93 95 92
4 93 94 96 95
4 60 59 97 98
4 59 61 99 97
4 98 97 100 101
4 97 99 102 100
4 61 64 103 99
4 64 65 104 103
4 99 103 105 102
4 103 104 106 105
4 101 100 107 108
4 100 102 109 107
4 108 107 110 111
4 107 109 112 110
4 102 105 113 109
4 105 106 114 113
4 109 113 115 112
4 113 114 116 115
4 65 76 117 104
4 76 77 118 117
4 104 117 119 106
4 117 118 120 119
5 77 82 121 122 118
5 82 87 123 124 121
5 87 92 125 126 123
4 92 95 127 125
4 95 96 128 127
4 125 127 129 126
4 127 128 130 129
4 123 126 131 124
5 126 129 130 132 131
4 121 124 133 122
5 124 131 132 134 133
4 118 122 135 120
5 122 133 134 136 135
4 106 119 137 114
4 119 120 138 137
4 114 137 139 116
4 137 138 140 139
4 120 135 141 138
4 135 136 142 141
4 138 141 143 140
4 141 142 144 143
4 111 110 145 146
4 110 112 147 145
4 146 145 148 149
4 145 147 150 148
4 112 115 151 147
4 115 116 152 151
4 147 151 153 150
4 151 152 154 153
4 149 148 155 156
4 148 150 157 155
4 156 155 158 159
4 155 157 160 158
4 150 153 161 157
4 153 154 162 161
4 157 161 163 160
4 161 162 164 163
4 116 139 165 152
4 139 140 166 165
4 152 165 167 154
4 165 166 168 167
4 140 143 169 166
4 143 144 170 169
4 166 169 171 168
4 169 170 172 171
4 154 167 173 162
4 167 168 174 173
4 162 173 175 164
4 173 174 176 175
4 168 171 177 174
4 171 172 178 177
4 174 177 179 176
4 177 178 180 179
4 34 181 182 35
4 181 183 184 182
4 35 182 185 37
4 182 184 186 185
4 183 187 188 184
4 187 189 190 188
4 184 188 191 186
4 188 190 192 191
4 37 185 193 43
4 185 186 194 193
4 43 193 195 45
4 193 194 196 195
4 186 191 197 194
4 191 192 198 197
4 194 197 199 196
4 197 198 200 199
4 189 201 202 190
4 201 203 204 202
4 190 202 205 192
4 202 204 206 205
4 203 207 208 204
4 207 209 210 208
4 204 208 211 206
4 208 210 212 211
4 192 205 213 198
4 205 206 214 213
4 198 213 215 200
4 213 214 216 215
4 206 211 217 214
4 211 212 218 217
4 214 217 219 216
4 217 218 220 219
4 45 195 221 71
4 195 196 222 221
4 71 221 223 73
4 221 222 224 223
4 196 199 225 222
4 199 200 226 225
4 222 225 227 224
4 225 226 228 227
5 73 223 229 230 79
4 223 224 231 229
5 79 230 232 233 84
4 230 229 234 232
5 84 233 235 236 89
4 233 232 237 235
4 89 236 238 94
4 236 235 239 238
4 94 238 240 96
4 238 239 241 240
5 235 237 242 241 239
5 232 234 243 242 237
5 229 231 244 243 234
4 224 227 245 231
4 227 228 246 245
4 231 245 247 244
4 245 246 248 247
4 200 215 249 226
4 215 216 250 249
4 226 249 251 228
4 249 250 252 251
4 216 219 253 250
4 219 220 254 253
4 250 253 255 252
4 253 254 256 255
4 228 251 257 246
4 251 252 258 257
4 246 257 259 248
4 257 258 260 259
4 252 255 261 258
4 255 256 262 261
4 258 261 263 260
4 261 262 264 263
4 96 240 265 128
4 240 241 266 265
4 128 265 267 130
4 265 266 268 267
5 241 242 269 268 266
5 130 267 268 270 132
4 268 269 271 270
5 242 243 272 271 269
5 132 270 271 273 134
4 271 272 274 273
5 243 244 275 274 272
5 134 273 274 276 136
4 274 275 277 276
4 244 247 278 275
4 247 248 279 278
4 275 278 280 277
4 278 279 281 280
4 136 276 282 142
4 276 277 283 282
4 142 282 284 144
4 282 283 285 284
4 277 280 286 283
4 280 281 287 286
4 283 286 288 285
4 286 287 289 288
4 248 259 290 279
4 259 260 291 290
4 279 290 292 281
4 290 291 293 292
4 260 263 294 291
4 263 264 295 294
4 291 294 296 293
4 294 295 297 296
4 281 292 298 287
4 292 293 299 298
4 287 298 300 289
4 298 299 301 300
4 293 296 302 299
4 296 297 303 302
4 299 302 304 301
4 302 303 305 304
4 144 284 306 170
4 284 285 307 306
4 170 306 308 172
4 306 307 309 308
4 285 288 310 307
4 288 289 311 310
4 307 310 312 309
4 310 311 313 312
4 172 308 314 178
4 308 309 315 314
4 178 314 316 180
4 314 315 317 316
4 309 312 318 315
4 312 313 319 318
4 315 318 320 317
4 318 319 321 320
4 289 300 322 311
4 300 301 323 322
4 311 322 324 313
4 322 323 325 324
4 301 304 326 323
4 304 305 327 326
4 323 326 328 325
4 326 327 329 328
4 313 324 330 319
4 324 325 331 330
4 319 330 332 321
4 330 331 333 332
4 325 328 334 331
4 328 329 335 334
4 331 334 336 333
4 334 335 337 336
1 2 4 5 8 10 12 17 20 26 28 32 34 47 50 57 60 98 101 108 111 146 149 156 158 159 160 163 164 175 176 179 180 181 183 187 189 201 203 207 209 210 212 218 220 254 256 262 264 295 297 303 305 316 317 320 321 327 329 332 333 335 336 337
