369 316 1
0 0
0.0625 0
0.0625 0.0625
0 0.0625
0.125 0
0.125 0.0625
0.0625 0.125
0 0.125
0.125 0.125
0.1875 0
0.1875 0.0625
0.25 0
0.25 0.0625
0.1875 0.125
0.25 0.125
0.0625 0.1875
0 0.1875
0.125 0.1875
0.0625 0.25
0 0.25
0.125 0.25
0.1875 0.1875
0.25 0.1875
0.1875 0.25
0.25 0.25
0.0625 0.3125
0 0.3125
0.125 0.3125
0.0625 0.375
0 0.375
0.125 0.375
0.1875 0.3125
0.25 0.3125
0.1875 0.375
0.25 0.375
0.0625 0.4375
0 0.4375
0.125 0.4375
0.0625 0.5
0 0.5
0.125 0.5
0.1875 0.4375
0.25 0.4375
0.1875 0.5
0.25 0.5
0.0625 0.5625
0 0.5625
0.125 0.5625
0.0625 0.625
0 0.625
0.125 0.625
0.1875 0.5625
0.25 0.5625
0.1875 0.625
0.25 0.625
0.0625 0.6875
0 0.6875
0.125 0.6875
0.0625 0.75
0 0.75
0.125 0.75
0.1875 0.6875
0.25 0.6875
0.1875 0.75
0.25 0.75
0.0625 0.8125
0 0.8125
0.125 0.8125
0.0625 0.875
0 0.875
0.125 0.875
0.1875 0.8125
0.25 0.8125
0.1875 0.875
0.25 0.875
0.0625 0.9375
0 0.9375
0.125 0.9375
0.0625 1
0 1
0.125 1
0.1875 0.9375
0.25 0.9375
0.1875 1
0.25 1
0.3125 0
0.3125 0.0625
0.375 0
0.375 0.0625
0.3125 0.125
0.375 0.125
0.4375 0
0.4375 0.0625
0.5 0
0.5 0.0625
0.4375 0.125
0.5 0.125
0.3125 0.1875
0.375 0.1875
0.3125 0.25
0.375 0.25
0.4375 0.1875
0.5 0.1875
0.4375 0.25
0.5 0.25
0.3125 0.3125
0.375 0.3125
0.3125 0.375
0.375 0.375
0.4375 0.3125
0.5 0.3125
0.4375 0.375
0.5 0.375
0.3125 0.4375
0.375 0.4375
0.3125 0.5
0.375 0.5
0.4375 0.4375
0.5 0.4375
0.46875 0.4375
0.4375 0.46875
0.4375 0.5
0.46875 0.46875
0.5 0.46875
0.484375 0.46875
0.46875 0.484375
0.46875 0.5
0.484375 0.484375
0.5 0.484375
0.4921875 0.484375
0.484375 0.4921875
0.484375 0.5
0.4921875 0.4921875
0.5 0.4921875
0.49609375 0.4921875
0.4921875 0.49609375
0.4921875 0.5
0.49609375 0.49609375
0.5 0.49609375
0.498046875 0.49609375
0.49609375 0.498046875
0.49609375 0.5
0.498046875 0.498046875
0.5 0.498046875
0.498046875 0.5
0.5 0.5
0.3125 0.5625
0.375 0.5625
0.3125 0.625
0.375 0.625
0.4375 0.53125
0.4375 0.5625
0.46875 0.515625
0.46875 0.53125
0.484375 0.5078125
0.484375 0.515625
0.4921875 0.50390625
0.4921875 0.5078125
0.49609375 0.501953125
0.49609375 0.50390625
0.498046875 0.501953125
0.5 0.501953125
0.498046875 0.50390625
0.5 0.50390625
0.49609375 0.5078125
0.5 0.5078125
0.4921875 0.515625
0.5 0.515625
0.484375 0.53125
0.5 0.53125
0.46875 0.5625
0.5 0.5625
0.4375 0.625
0.5 0.625
0.3125 0.6875
0.375 0.6875
0.3125 0.75
0.375 0.75
0.4375 0.6875
0.5 0.6875
0.4375 0.75
0.5 0.75
0.3125 0.8125
0.375 0.8125
0.3125 0.875
0.375 0.875
0.4375 0.8125
0.5 0.8125
0.4375 0.875
0.5 0.875
0.3125 0.9375
0.375 0.9375
0.3125 1
0.375 1
0.4375 0.9375
0.5 0.9375
0.4375 1
0.5 1
0.5625 0
0.5625 0.0625
0.625 0
0.625 0.0625
0.5625 0.125
0.625 0.125
0.6875 0
0.6875 0.0625
0.75 0
0.75 0.0625
0.6875 0.125
0.75 0.125
0.5625 0.1875
0.625 0.1875
0.5625 0.25
0.625 0.25
0.6875 0.1875
0.75 0.1875
0.6875 0.25
0.75 0.25
0.5625 0.3125
0.625 0.3125
0.5625 0.375
0.625 0.375
0.6875 0.3125
0.75 0.3125
0.6875 0.375
0.75 0.375
0.5625 0.4375
0.53125 0.4375
0.625 0.4375
0.53125 0.46875
0.515625 0.46875
0.5625 0.46875
0.515625 0.484375
0.5078125 0.484375
0.53125 0.484375
0.5078125 0.4921875
0.50390625 0.4921875
0.515625 0.4921875
0.50390625 0.49609375
0.501953125 0.49609375
0.5078125 0.49609375
0.501953125 0.498046875
0.50390625 0.498046875
0.501953125 0.5
0.50390625 0.5
0.5078125 0.5
0.515625 0.5
0.53125 0.5
0.5625 0.5
0.625 0.5
0.6875 0.4375
0.75 0.4375
0.6875 0.5
0.75 0.5
0.501953125 0.501953125
0.50390625 0.501953125
0.501953125 0.50390625
0.50390625 0.50390625
0.5078125 0.50390625
0.50390625 0.5078125
0.5078125 0.5078125
0.515625 0.5078125
0.5078125 0.515625
0.515625 0.515625
0.53125 0.515625
0.515625 0.53125
0.53125 0.53125
0.5625 0.53125
0.53125 0.5625
0.5625 0.5625
0.625 0.5625
0.5625 0.625
0.625 0.625
0.6875 0.5625
0.75 0.5625
0.6875 0.625
0.75 0.625
0.5625 0.6875
0.625 0.6875
0.5625 0.75
0.625 0.75
0.6875 0.6875
0.75 0.6875
0.6875 0.75
0.75 0.75
0.5625 0.8125
0.625 0.8125
0.5625 0.875
0.625 0.875
0.6875 0.8125
0.75 0.8125
0.6875 0.875
0.75 0.875
0.5625 0.9375
0.625 0.9375
0.5625 1
0.625 1
0.6875 0.9375
0.75 0.9375
0.6875 1
0.75 1
0.8125 0
0.8125 0.0625
0.875 0
0.875 0.0625
0.8125 0.125
0.875 0.125
0.9375 0
0.9375 0.0625
1 0
1 0.0625
0.9375 0.125
1 0.125
0.8125 0.1875
0.875 0.1875
0.8125 0.25
0.875 0.25
0.9375 0.1875
1 0.1875
0.9375 0.25
1 0.25
0.8125 0.3125
0.875 0.3125
0.8125 0.375
0.875 0.375
0.9375 0.3125
1 0.3125
0.9375 0.375
1 0.375
0.8125 0.4375
0.875 0.4375
0.8125 0.5
0.875 0.5
0.9375 0.4375
1 0.4375
0.9375 0.5
1 0.5
0.8125 0.5625
0.875 0.5625
0.8125 0.625
0.875 0.625
0.9375 0.5625
1 0.5625
0.9375 0.625
1 0.625
0.8125 0.6875
0.875 0.6875
0.8125 0.75
0.875 0.75
0.9375 0.6875
1 0.6875
0.9375 0.75
1 0.75
0.8125 0.8125
0.875 0.8125
0.8125 0.875
0.875 0.875
0.9375 0.8125
1 0.8125
0.9375 0.875
1 0.875
0.8125 0.9375
0.875 0.9375
0.8125 1
0.875 1
0.9375 0.9375
1 0.9375
0.9375 1
1 1
4 1 2 3 4
4 2 5 6 3
4 4 3 7 8
4 3 6 9 7
4 5 10 11 6
4 10 12 13 11
4 6 11 14 9
4 11 13 15 14
4 8 7 16 17
4 7 9 18 16
4 17 16 19 20
4 16 18 21 19
4 9 14 22 18
4 14 15 23 22
4 18 22 24 21
4 22 23 25 24
4 20 19 26 27
4 19 21 28 26
4 27 26 29 30
4 26 28 31 29
4 21 24 32 28
4 24 25 33 32
4 28 32 34 31
4 32 33 35 34
4 30 29 36 37
4 29 31 38 36
4 37 36 39 40
4 36 38 41 39
4 31 34 42 38
4 34 35 43 42
4 38 42 44 41
4 42 43 45 44
4 40 39 46 47
4 39 41 48 46
4 47 46 49 50
4 46 48 51 49
4 41 44 52 48
4 44 45 53 52
4 48 52 54 51
4 52 53 55 54
4 50 49 56 57
4 49 51 58 56
4 57 56 59 60
4 56 58 61 59
4 51 54 62 58
4 54 55 63 62
4 58 62 64 61
4 62 63 65 64
4 60 59 66 67
4 59 61 68 66
4 67 66 69 70
4 66 68 71 69
4 61 64 72 68
4 64 65 73 72
4 68 72 74 71
4 72 73 75 74
4 70 69 76 77
4 69 71 78 76
4 77 76 79 80
4 76 78 81 79
4 71 74 82 78
4 74 75 83 82
4 78 82 84 81
4 82 83 85 84
4 12 86 87 13
4 86 88 89 87
4 13 87 90 15
4 87 89 91 90
4 88 92 93 89
4 92 94 95 93
4 89 93 96 91
4 93 95 97 96
4 15 90 98 23
4 90 91 99 98
4 23 98 100 25
4 98 99 101 100
4 91 96 102 99
4 96 97 103 102
4 99 102 104 101
4 102 103 105 104
4 25 100 106 33
4 100 101 107 106
4 33 106 108 35
4 106 107 109 108
4 101 104 110 107
4 104 105 111 110
4 107 110 112 109
4 110 111 113 112
4 35 108 114 43
4 108 109 115 114
4 43 114 116 45
4 114 115 117 116
4 109 112 118 115
5 112 113 119 120 118
5 115 118 121 122 117
4 118 120 123 121
5 120 119 124 125 123
5 121 123 126 127 122
4 123 125 128 126
5 125 124 129 130 128
5 126 128 131 132 127
4 128 130 133 131
5 130 129 134 135 133
5 131 133 136 137 132
4 133 135 138 136
5 135 134 139 140 138
5 136 138 141 142 137
4 138 140 143 141
4 140 139 144 143
4 141 143 145 142
4 143 144 146 145
4 45 116 147 53
4 116 117 148 147
4 53 147 149 55
4 147 148 150 149
5 117 122 151 152 148
5 122 127 153 154 151
5 127 132 155 156 153
5 132 137 157 158 155
5 137 142 159 160 157
4 142 145 161 159
4 145 146 162 161
4 159 161 163 160
4 161 162 164 163
4 157 160 165 158
5 160 163 164 166 165
4 155 158 167 156
5 158 165 166 168 167
4 153 156 169 154
5 156 167 168 170 169
4 151 154 171 152
5 154 169 170 172 171
4 148 152 173 150
5 152 171 172 174 173
4 55 149 175 63
4 149 150 176 175
4 63 175 177 65
4 175 176 178 177
4 150 173 179 176
4 173 174 180 179
4 176 179 181 178
4 179 180 182 181
4 65 177 183 73
4 177 178 184 183
4 73 183 185 75
4 183 184 186 185
4 178 181 187 184
4 181 182 188 187
4 184 187 189 186
4 187 188 190 189
4 75 185 191 83
4 185 186 192 191
4 83 191 193 85
4 191 192 194 193
4 186 189 195 192
4 189 190 196 195
4 192 195 197 194
4 195 196 198 197
4 94 199 200 95
4 199 201 202 200
4 95 200 203 97
4 200 202 204 203
4 201 205 206 202
4 205 207 208 206
4 202 206 209 204
4 206 208 210 209
4 97 203 211 103
4 203 204 212 211
4 103 211 213 105
4 211 212 214 213
4 204 209 215 212
4 209 210 216 215
4 212 215 217 214
4 215 216 218 217
4 105 213 219 111
4 213 214 220 219
4 111 219 221 113
4 219 220 222 221
4 214 217 223 220
4 217 218 224 223
4 220 223 225 222
4 223 224 226 225
5 113 221 227 228 119
4 221 222 229 227
5 119 228 230 231 124
4 228 227 232 230
5 124 231 233 234 129
4 231 230 235 233
5 129 234 236 237 134
4 234 233 238 236
5 134 237 239 240 139
4 237 236 241 239
4 139 240 242 144
4 240 239 243 242
4 144 242 244 146
4 242 243 245 244
5 239 241 246 245 243
5 236 238 247 246 241
5 233 235 248 247 238
5 230 232 249 248 235
5 227 229 250 249 232
4 222 225 251 229
4 225 226 252 251
4 229 251 253 250
4 251 252 254 253
4 146 244 255 162
4 244 245 256 255
4 162 255 257 164
4 255 256 258 257
5 245 246 259 258 256
5 164 257 258 260 166
4 258 259 261 260
5 246 247 262 261 259
5 166 260 261 263 168
4 261 262 264 263
5 247 248 265 264 262
5 168 263 264 266 170
4 264 265 267 266
5 248 249 268 267 265
5 170 266 267 269 172
4 267 268 270 269
5 249 250 271 270 268
5 172 269 270 272 174
4 270 271 273 272
4 250 253 274 271
4 253 254 275 274
4 271 274 276 273
4 274 275 277 276
4 174 272 278 180
4 272 273 279 278
4 180 278 280 182
4 278 279 281 280
4 273 276 282 279
4 276 277 283 282
4 279 282 284 281
4 282 283 285 284
4 182 280 286 188
4 280 281 287 286
4 188 286 288 190
4 286 287 289 288
4 281 284 290 287
4 284 285 291 290
4 287 290 292 289
4 290 291 293 292
4 190 288 294 196
4 288 289 295 294
4 196 294 296 198
4 294 295 297 296
4 289 292 298 295
4 292 293 299 298
4 295 298 300 297
4 298 299 301 300
4 207 302 303 208
4 302 304 305 303
4 208 303 306 210
4 303 305 307 306
4 304 308 309 305
4 308 310 311 309
4 305 309 312 307
4 309 311 313 312
4 210 306 314 216
4 306 307 315 314
4 216 314 316 218
4 314 315 317 316
4 307 312 318 315
4 312 313 319 318
4 315 318 320 317
4 318 319 321 320
4 218 316 322 224
4 316 317 323 322
4 224 322 324 226
4 322 323 325 324
4 317 320 326 323
4 320 321 327 326
4 323 326 328 325
4 326 327 329 328
4 226 324 330 252
4 324 325 331 330
4 252 330 332 254
4 330 331 333 332
4 325 328 334 331
4 328 329 335 334
4 331 334 336 333
4 334 335 337 336
4 254 332 338 275
4 332 333 339 338
4 275 338 340 277
4 338 339 341 340
4 333 336 342 339
4 336 337 343 342
4 339 342 344 341
4 342 343 345 344
4 277 340 346 283
4 340 341 347 346
4 283 346 348 285
4 346 347 349 348
4 341 344 350 347
4 344 345 351 350
4 347 350 352 349
4 350 351 353 352
4 285 348 354 291
4 348 349 355 354
4 291 354 356 293
4 354 355 357 356
4 349 352 358 355
4 352 353 359 358
4 355 358 360 357
4 358 359 361 360
4 293 356 362 299
4 356 357 363 362
4 299 362 364 301
4 362 363 365 364
4 357 360 366 363
4 360 361 367 366
4 363 366 368 365
4 366 367 369 368
1 2 4 5 8 10 12 17 20 27 30 37 40 47 50 57 60 67 70 77 79 80 81 84 85 86 88 92 94 193 194 197 198 199 201 205 207 296 297 300 301 302 304 308 310 311 313 319 321 327 329 335 337 343 345 351 353 359 361 364 365 367 368 369
