1153 1072 1
0 0
0.03125 0
0.03125 0.03125
0 0.03125
0.0625 0
0.0625 0.03125
0.03125 0.0625
0 0.0625
0.0625 0.0625
0.09375 0
0.09375 0.03125
0.125 0
0.125 0.03125
0.09375 0.0625
0.125 0.0625
0.03125 0.09375
0 0.09375
0.0625 0.09375
0.03125 0.125
0 0.125
0.0625 0.125
0.09375 0.09375
0.125 0.09375
0.09375 0.125
0.125 0.125
0.15625 0
0.15625 0.03125
0.1875 0
0.1875 0.03125
0.15625 0.0625
0.1875 0.0625
0.21875 0
0.21875 0.03125
0.25 0
0.25 0.03125
0.21875 0.0625
0.25 0.0625
0.15625 0.09375
0.1875 0.09375
0.15625 0.125
0.1875 0.125
0.21875 0.09375
0.25 0.09375
0.21875 0.125
0.25 0.125
0.03125 0.15625
0 0.15625
0.0625 0.15625
0.03125 0.1875
0 0.1875
0.0625 0.1875
0.09375 0.15625
0.125 0.15625
0.09375 0.1875
0.125 0.1875
0.03125 0.21875
0 0.21875
0.0625 0.21875
0.03125 0.25
0 0.25
0.0625 0.25
0.09375 0.21875
0.125 0.21875
0.09375 0.25
0.125 0.25
0.15625 0.15625
0.1875 0.15625
0.15625 0.1875
0.1875 0.1875
0.21875 0.15625
0.25 0.15625
0.21875 0.1875
0.25 0.1875
0.15625 0.21875
0.1875 0.21875
0.15625 0.25
0.1875 0.25
0.21875 0.21875
0.25 0.21875
0.21875 0.25
0.25 0.25
0.28125 0
0.28125 0.03125
0.3125 0
0.3125 0.03125
0.28125 0.0625
0.3125 0.0625
0.34375 0
0.34375 0.03125
0.375 0
0.375 0.03125
0.34375 0.0625
0.375 0.0625
0.28125 0.09375
0.3125 0.09375
0.28125 0.125
0.3125 0.125
0.34375 0.09375
0.375 0.09375
0.34375 0.125
0.375 0.125
0.40625 0
0.40625 0.03125
0.4375 0
0.4375 0.03125
0.40625 0.0625
0.4375 0.0625
0.46875 0
0.46875 0.03125
0.5 0
0.5 0.03125
0.46875 0.0625
0.5 0.0625
0.40625 0.09375
0.4375 0.09375
0.40625 0.125
0.4375 0.125
0.46875 0.09375
0.5 0.09375
0.46875 0.125
0.5 0.125
0.28125 0.15625
0.3125 0.15625
0.28125 0.1875
0.3125 0.1875
0.34375 0.15625
0.375 0.15625
0.34375 0.1875
0.375 0.1875
0.28125 0.21875
0.3125 0.21875
0.28125 0.25
0.3125 0.25
0.34375 0.21875
0.375 0.21875
0.34375 0.25
0.375 0.25
0.40625 0.15625
0.4375 0.15625
0.40625 0.1875
0.4375 0.1875
0.46875 0.15625
0.5 0.15625
0.46875 0.1875
0.5 0.1875
0.40625 0.21875
0.4375 0.21875
0.40625 0.25
0.4375 0.25
0.46875 0.21875
0.5 0.21875
0.46875 0.25
0.5 0.25
0.03125 0.28125
0 0.28125
0.0625 0.28125
0.03125 0.3125
0 0.3125
0.0625 0.3125
0.09375 0.28125
0.125 0.28125
0.09375 0.3125
0.125 0.3125
0.03125 0.34375
0 0.34375
0.0625 0.34375
0.03125 0.375
0 0.375
0.0625 0.375
0.09375 0.34375
0.125 0.34375
0.09375 0.375
0.125 0.375
0.15625 0.28125
0.1875 0.28125
0.15625 0.3125
0.1875 0.3125
0.21875 0.28125
0.25 0.28125
0.21875 0.3125
0.25 0.3125
0.15625 0.34375
0.1875 0.34375
0.15625 0.375
0.1875 0.375
0.21875 0.34375
0.25 0.34375
0.21875 0.375
0.25 0.375
0.03125 0.40625
0 0.40625
0.0625 0.40625
0.03125 0.4375
0 0.4375
0.0625 0.4375
0.09375 0.40625
0.125 0.40625
0.09375 0.4375
0.125 0.4375
0.03125 0.46875
0 0.46875
0.0625 0.46875
0.03125 0.5
0 0.5
0.0625 0.5
0.09375 0.46875
0.125 0.46875
0.09375 0.5
0.125 0.5
0.15625 0.40625
0.1875 0.40625
0.15625 0.4375
0.1875 0.4375
0.21875 0.40625
0.25 0.40625
0.21875 0.4375
0.25 0.4375
0.15625 0.46875
0.1875 0.46875
0.15625 0.5
0.1875 0.5
0.21875 0.46875
0.25 0.46875
0.21875 0.5
0.25 0.5
0.28125 0.28125
0.3125 0.28125
0.28125 0.3125
0.3125 0.3125
0.34375 0.28125
0.375 0.28125
0.34375 0.3125
0.375 0.3125
0.28125 0.34375
0.3125 0.34375
0.28125 0.375
0.3125 0.375
0.34375 0.34375
0.375 0.34375
0.34375 0.375
0.375 0.375
0.40625 0.28125
0.4375 0.28125
0.40625 0.3125
0.4375 0.3125
0.46875 0.28125
0.5 0.28125
0.46875 0.3125
0.5 0.3125
0.40625 0.34375
0.4375 0.34375
0.40625 0.375
0.4375 0.375
0.46875 0.34375
0.5 0.34375
0.46875 0.375
0.5 0.375
0.28125 0.40625
0.3125 0.40625
0.28125 0.4375
0.3125 0.4375
0.34375 0.40625
0.375 0.40625
0.34375 0.4375
0.375 0.4375
0.28125 0.46875
0.3125 0.46875
0.28125 0.5
0.3125 0.5
0.34375 0.46875
0.375 0.46875
0.34375 0.5
0.375 0.5
0.40625 0.40625
0.4375 0.40625
0.40625 0.4375
0.4375 0.4375
0.46875 0.40625
0.5 0.40625
0.46875 0.4375
0.5 0.4375
0.40625 0.46875
0.4375 0.46875
0.40625 0.5
0.4375 0.5
0.46875 0.46875
0.5 0.46875
0.484375 0.46875
0.46875 0.484375
0.46875 0.5
0.484375 0.484375
0.5 0.484375
0.4921875 0.484375
0.484375 0.4921875
0.484375 0.5
0.4921875 0.4921875
0.5 0.4921875
0.49609375 0.4921875
0.4921875 0.49609375
0.4921875 0.5
0.49609375 0.49609375
0.5 0.49609375
0.498046875 0.49609375
0.49609375 0.498046875
0.49609375 0.5
0.498046875 0.498046875
0.5 0.498046875
0.498046875 0.5
0.5 0.5
0.03125 0.53125
0 0.53125
0.0625 0.53125
0.03125 0.5625
0 0.5625
0.0625 0.5625
0.09375 0.53125
0.125 0.53125
0.09375 0.5625
0.125 0.5625
0.03125 0.59375
0 0.59375
0.0625 0.59375
0.03125 0.625
0 0.625
0.0625 0.625
0.09375 0.59375
0.125 0.59375
0.09375 0.625
0.125 0.625
0.15625 0.53125
0.1875 0.53125
0.15625 0.5625
0.1875 0.5625
0.21875 0.53125
0.25 0.53125
0.21875 0.5625
0.25 0.5625
0.15625 0.59375
0.1875 0.59375
0.15625 0.625
0.1875 0.625
0.21875 0.59375
0.25 0.59375
0.21875 0.625
0.25 0.625
0.03125 0.65625
0 0.65625
0.0625 0.65625
0.03125 0.6875
0 0.6875
0.0625 0.6875
0.09375 0.65625
0.125 0.65625
0.09375 0.6875
0.125 0.6875
0.03125 0.71875
0 0.71875
0.0625 0.71875
0.03125 0.75
0 0.75
0.0625 0.75
0.09375 0.71875
0.125 0.71875
0.09375 0.75
0.125 0.75
0.15625 0.65625
0.1875 0.65625
0.15625 0.6875
0.1875 0.6875
0.21875 0.65625
0.25 0.65625
0.21875 0.6875
0.25 0.6875
0.15625 0.71875
0.1875 0.71875
0.15625 0.75
0.1875 0.75
0.21875 0.71875
0.25 0.71875
0.21875 0.75
0.25 0.75
0.28125 0.53125
0.3125 0.53125
0.28125 0.5625
0.3125 0.5625
0.34375 0.53125
0.375 0.53125
0.34375 0.5625
0.375 0.5625
0.28125 0.59375
0.3125 0.59375
0.28125 0.625
0.3125 0.625
0.34375 0.59375
0.375 0.59375
0.34375 0.625
0.375 0.625
0.40625 0.53125
0.4375 0.53125
0.40625 0.5625
0.4375 0.5625
0.46875 0.515625
0.46875 0.53125
0.484375 0.5078125
0.484375 0.515625
0.4921875 0.50390625
0.4921875 0.5078125
0.49609375 0.501953125
0.49609375 0.50390625
0.498046875 0.501953125
0.5 0.501953125
0.498046875 0.50390625
0.5 0.50390625
0.49609375 0.5078125
0.5 0.5078125
0.4921875 0.515625
0.5 0.515625
0.484375 0.53125
0.5 0.53125
0.46875 0.5625
0.5 0.5625
0.40625 0.59375
0.4375 0.59375
0.40625 0.625
0.4375 0.625
0.46875 0.59375
0.5 0.59375
0.46875 0.625
0.5 0.625
0.28125 0.65625
0.3125 0.65625
0.28125 0.6875
0.3125 0.6875
0.34375 0.65625
0.375 0.65625
0.34375 0.6875
0.375 0.6875
0.28125 0.71875
0.3125 0.71875
0.28125 0.75
0.3125 0.75
0.34375 0.71875
0.375 0.71875
0.34375 0.75
0.375 0.75
0.40625 0.65625
0.4375 0.65625
0.40625 0.6875
0.4375 0.6875
0.46875 0.65625
0.5 0.65625
0.46875 0.6875
0.5 0.6875
0.40625 0.71875
0.4375 0.71875
0.40625 0.75
0.4375 0.75
0.46875 0.71875
0.5 0.71875
0.46875 0.75
0.5 0.75
0.03125 0.78125
0 0.78125
0.0625 0.78125
0.03125 0.8125
0 0.8125
0.0625 0.8125
0.09375 0.78125
0.125 0.78125
0.09375 0.8125
0.125 0.8125
0.03125 0.84375
0 0.84375
0.0625 0.84375
0.03125 0.875
0 0.875
0.0625 0.875
0.09375 0.84375
0.125 0.84375
0.09375 0.875
0.125 0.875
0.15625 0.78125
0.1875 0.78125
0.15625 0.8125
0.1875 0.8125
0.21875 0.78125
0.25 0.78125
0.21875 0.8125
0.25 0.8125
0.15625 0.84375
0.1875 0.84375
0.15625 0.875
0.1875 0.875
0.21875 0.84375
0.25 0.84375
0.21875 0.875
0.25 0.875
0.03125 0.90625
0 0.90625
0.0625 0.90625
0.03125 0.9375
0 0.9375
0.0625 0.9375
0.09375 0.90625
0.125 0.90625
0.09375 0.9375
0.125 0.9375
0.03125 0.96875
0 0.96875
0.0625 0.96875
0.03125 1
0 1
0.0625 1
0.09375 0.96875
0.125 0.96875
0.09375 1
0.125 1
0.15625 0.90625
0.1875 0.90625
0.15625 0.9375
0.1875 0.9375
0.21875 0.90625
0.25 0.90625
0.21875 0.9375
0.25 0.9375
0.15625 0.96875
0.1875 0.96875
0.15625 1
0.1875 1
0.21875 0.96875
0.25 0.96875
0.21875 1
0.25 1
0.28125 0.78125
0.3125 0.78125
0.28125 0.8125
0.3125 0.8125
0.34375 0.78125
0.375 0.78125
0.34375 0.8125
0.375 0.8125
0.28125 0.84375
0.3125 0.84375
0.28125 0.875
0.3125 0.875
0.34375 0.84375
0.375 0.84375
0.34375 0.875
0.375 0.875
0.40625 0.78125
0.4375 0.78125
0.40625 0.8125
0.4375 0.8125
0.46875 0.78125
0.5 0.78125
0.46875 0.8125
0.5 0.8125
0.40625 0.84375
0.4375 0.84375
0.40625 0.875
0.4375 0.875
0.46875 0.84375
0.5 0.84375
0.46875 0.875
0.5 0.875
0.28125 0.90625
0.3125 0.90625
0.28125 0.9375
0.3125 0.9375
0.34375 0.90625
0.375 0.90625
0.34375 0.9375
0.375 0.9375
0.28125 0.96875
0.3125 0.96875
0.28125 1
0.3125 1
0.34375 0.96875
0.375 0.96875
0.34375 1
0.375 1
0.40625 0.90625
0.4375 0.90625
0.40625 0.9375
0.4375 0.9375
0.46875 0.90625
0.5 0.90625
0.46875 0.9375
0.5 0.9375
0.40625 0.96875
0.4375 0.96875
0.40625 1
0.4375 1
0.46875 0.96875
0.5 0.96875
0.46875 1
0.5 1
0.53125 0
0.53125 0.03125
0.5625 0
0.5625 0.03125
0.53125 0.0625
0.5625 0.0625
0.59375 0
0.59375 0.03125
0.625 0
0.625 0.03125
0.59375 0.0625
0.625 0.0625
0.53125 0.09375
0.5625 0.09375
0.53125 0.125
0.5625 0.125
0.59375 0.09375
0.625 0.09375
0.59375 0.125
0.625 0.125
0.65625 0
0.65625 0.03125
0.6875 0
0.6875 0.03125
0.65625 0.0625
0.6875 0.0625
0.71875 0
0.71875 0.03125
0.75 0
0.75 0.03125
0.71875 0.0625
0.75 0.0625
0.65625 0.09375
0.6875 0.09375
0.65625 0.125
0.6875 0.125
0.71875 0.09375
0.75 0.09375
0.71875 0.125
0.75 0.125
0.53125 0.15625
0.5625 0.15625
0.53125 0.1875
0.5625 0.1875
0.59375 0.15625
0.625 0.15625
0.59375 0.1875
0.625 0.1875
0.53125 0.21875
0.5625 0.21875
0.53125 0.25
0.5625 0.25
0.59375 0.21875
0.625 0.21875
0.59375 0.25
0.625 0.25
0.65625 0.15625
0.6875 0.15625
0.65625 0.1875
0.6875 0.1875
0.71875 0.15625
0.75 0.15625
0.71875 0.1875
0.75 0.1875
0.65625 0.21875
0.6875 0.21875
0.65625 0.25
0.6875 0.25
0.71875 0.21875
0.75 0.21875
0.71875 0.25
0.75 0.25
0.78125 0
0.78125 0.03125
0.8125 0
0.8125 0.03125
0.78125 0.0625
0.8125 0.0625
0.84375 0
0.84375 0.03125
0.875 0
0.875 0.03125
0.84375 0.0625
0.875 0.0625
0.78125 0.09375
0.8125 0.09375
0.78125 0.125
0.8125 0.125
0.84375 0.09375
0.875 0.09375
0.84375 0.125
0.875 0.125
0.90625 0
0.90625 0.03125
0.9375 0
0.9375 0.03125
0.90625 0.0625
0.9375 0.0625
0.96875 0
0.96875 0.03125
1 0
1 0.03125
0.96875 0.0625
1 0.0625
0.90625 0.09375
0.9375 0.09375
0.90625 0.125
0.9375 0.125
0.96875 0.09375
1 0.09375
0.96875 0.125
1 0.125
0.78125 0.15625
0.8125 0.15625
0.78125 0.1875
0.8125 0.1875
0.84375 0.15625
0.875 0.15625
0.84375 0.1875
0.875 0.1875
0.78125 0.21875
0.8125 0.21875
0.78125 0.25
0.8125 0.25
0.84375 0.21875
0.875 0.21875
0.84375 0.25
0.875 0.25
0.90625 0.15625
0.9375 0.15625
0.90625 0.1875
0.9375 0.1875
0.96875 0.15625
1 0.15625
0.96875 0.1875
1 0.1875
0.90625 0.21875
0.9375 0.21875
0.90625 0.25
0.9375 0.25
0.96875 0.21875
1 0.21875
0.96875 0.25
1 0.25
0.53125 0.28125
0.5625 0.28125
0.53125 0.3125
0.5625 0.3125
0.59375 0.28125
0.625 0.28125
0.59375 0.3125
0.625 0.3125
0.53125 0.34375
0.5625 0.34375
0.53125 0.375
0.5625 0.375
0.59375 0.34375
0.625 0.34375
0.59375 0.375
0.625 0.375
0.65625 0.28125
0.6875 0.28125
0.65625 0.3125
0.6875 0.3125
0.71875 0.28125
0.75 0.28125
0.71875 0.3125
0.75 0.3125
0.65625 0.34375
0.6875 0.34375
0.65625 0.375
0.6875 0.375
0.71875 0.34375
0.75 0.34375
0.71875 0.375
0.75 0.375
0.53125 0.40625
0.5625 0.40625
0.53125 0.4375
0.5625 0.4375
0.59375 0.40625
0.625 0.40625
0.59375 0.4375
0.625 0.4375
0.53125 0.46875
0.515625 0.46875
0.5625 0.46875
0.515625 0.484375
0.5078125 0.484375
0.53125 0.484375
0.5078125 0.4921875
0.50390625 0.4921875
0.515625 0.4921875
0.50390625 0.49609375
0.501953125 0.49609375
0.5078125 0.49609375
0.501953125 0.498046875
0.50390625 0.498046875
0.501953125 0.5
0.50390625 0.5
0.5078125 0.5
0.515625 0.5
0.53125 0.5
0.5625 0.5
0.59375 0.46875
0.625 0.46875
0.59375 0.5
0.625 0.5
0.65625 0.40625
0.6875 0.40625
0.65625 0.4375
0.6875 0.4375
0.71875 0.40625
0.75 0.40625
0.71875 0.4375
0.75 0.4375
0.65625 0.46875
0.6875 0.46875
0.65625 0.5
0.6875 0.5
0.71875 0.46875
0.75 0.46875
0.71875 0.5
0.75 0.5
0.78125 0.28125
0.8125 0.28125
0.78125 0.3125
0.8125 0.3125
0.84375 0.28125
0.875 0.28125
0.84375 0.3125
0.875 0.3125
0.78125 0.34375
0.8125 0.34375
0.78125 0.375
0.8125 0.375
0.84375 0.34375
0.875 0.34375
0.84375 0.375
0.875 0.375
0.90625 0.28125
0.9375 0.28125
0.90625 0.3125
0.9375 0.3125
0.96875 0.28125
1 0.28125
0.96875 0.3125
1 0.3125
0.90625 0.34375
0.9375 0.34375
0.90625 0.375
0.9375 0.375
0.96875 0.34375
1 0.34375
0.96875 0.375
1 0.375
0.78125 0.40625
0.8125 0.40625
0.78125 0.4375
0.8125 0.4375
0.84375 0.40625
0.875 0.40625
0.84375 0.4375
0.875 0.4375
0.78125 0.46875
0.8125 0.46875
0.78125 0.5
0.8125 0.5
0.84375 0.46875
0.875 0.46875
0.84375 0.5
0.875 0.5
0.90625 0.40625
0.9375 0.40625
0.90625 0.4375
0.9375 0.4375
0.96875 0.40625
1 0.40625
0.96875 0.4375
1 0.4375
0.90625 0.46875
0.9375 0.46875
0.90625 0.5
0.9375 0.5
0.96875 0.46875
1 0.46875
0.96875 0.5
1 0.5
0.501953125 0.501953125
0.50390625 0.501953125
0.501953125 0.50390625
0.50390625 0.50390625
0.5078125 0.50390625
0.50390625 0.5078125
0.5078125 0.5078125
0.515625 0.5078125
0.5078125 0.515625
0.515625 0.515625
0.53125 0.515625
0.515625 0.53125
0.53125 0.53125
0.5625 0.53125
0.53125 0.5625
0.5625 0.5625
0.59375 0.53125
0.625 0.53125
0.59375 0.5625
0.625 0.5625
0.53125 0.59375
0.5625 0.59375
0.53125 0.625
0.5625 0.625
0.59375 0.59375
0.625 0.59375
0.59375 0.625
0.625 0.625
0.65625 0.53125
0.6875 0.53125
0.65625 0.5625
0.6875 0.5625
0.71875 0.53125
0.75 0.53125
0.71875 0.5625
0.75 0.5625
0.65625 0.59375
0.6875 0.59375
0.65625 0.625
0.6875 0.625
0.71875 0.59375
0.75 0.59375
0.71875 0.625
0.75 0.625
0.53125 0.65625
0.5625 0.65625
0.53125 0.6875
0.5625 0.6875
0.59375 0.65625
0.625 0.65625
0.59375 0.6875
0.625 0.6875
0.53125 0.71875
0.5625 0.71875
0.53125 0.75
0.5625 0.75
0.59375 0.71875
0.625 0.71875
0.59375 0.75
0.625 0.75
0.65625 0.65625
0.6875 0.65625
0.65625 0.6875
0.6875 0.6875
0.71875 0.65625
0.75 0.65625
0.71875 0.6875
0.75 0.6875
0.65625 0.71875
0.6875 0.71875
0.65625 0.75
0.6875 0.75
0.71875 0.71875
0.75 0.71875
0.71875 0.75
0.75 0.75
0.78125 0.53125
0.8125 0.53125
0.78125 0.5625
0.8125 0.5625
0.84375 0.53125
0.875 0.53125
0.84375 0.5625
0.875 0.5625
0.78125 0.59375
0.8125 0.59375
0.78125 0.625
0.8125 0.625
0.84375 0.59375
0.875 0.59375
0.84375 0.625
0.875 0.625
0.90625 0.53125
0.9375 0.53125
0.90625 0.5625
0.9375 0.5625
0.96875 0.53125
1 0.53125
0.96875 0.5625
1 0.5625
0.90625 0.59375
0.9375 0.59375
0.90625 0.625
0.9375 0.625
0.96875 0.59375
1 0.59375
0.96875 0.625
1 0.625
0.78125 0.65625
0.8125 0.65625
0.78125 0.6875
0.8125 0.6875
0.84375 0.65625
0.875 0.65625
0.84375 0.6875
0.875 0.6875
0.78125 0.71875
0.8125 0.71875
0.78125 0.75
0.8125 0.75
0.84375 0.71875
0.875 0.71875
0.84375 0.75
0.875 0.75
0.90625 0.65625
0.9375 0.65625
0.90625 0.6875
0.9375 0.6875
0.96875 0.65625
1 0.65625
0.96875 0.6875
1 0.6875
0.90625 0.71875
0.9375 0.71875
0.90625 0.75
0.9375 0.75
0.96875 0.71875
1 0.71875
0.96875 0.75
1 0.75
0.53125 0.78125
0.5625 0.78125
0.53125 0.8125
0.5625 0.8125
0.59375 0.78125
0.625 0.78125
0.59375 0.8125
0.625 0.8125
0.53125 0.84375
0.5625 0.84375
0.53125 0.875
0.5625 0.875
0.59375 0.84375
0.625 0.84375
0.59375 0.875
0.625 0.875
0.65625 0.78125
0.6875 0.78125
0.65625 0.8125
0.6875 0.8125
0.71875 0.78125
0.75 0.78125
0.71875 0.8125
0.75 0.8125
0.65625 0.84375
0.6875 0.84375
0.65625 0.875
0.6875 0.875
0.71875 0.84375
0.75 0.84375
0.71875 0.875
0.75 0.875
0.53125 0.90625
0.5625 0.90625
0.53125 0.9375
0.5625 0.9375
0.59375 0.90625
0.625 0.90625
0.59375 0.9375
0.625 0.9375
0.53125 0.96875
0.5625 0.96875
0.53125 1
0.5625 1
0.59375 0.96875
0.625 0.96875
0.59375 1
0.625 1
0.65625 0.90625
0.6875 0.90625
0.65625 0.9375
0.6875 0.9375
0.71875 0.90625
0.75 0.90625
0.71875 0.9375
0.75 0.9375
0.65625 0.96875
0.6875 0.96875
0.65625 1
0.6875 1
0.71875 0.96875
0.75 0.96875
0.71875 1
0.75 1
0.78125 0.78125
0.8125 0.78125
0.78125 0.8125
0.8125 0.8125
0.84375 0.78125
0.875 0.78125
0.84375 0.8125
0.875 0.8125
0.78125 0.84375
0.8125 0.84375
0.78125 0.875
0.8125 0.875
0.84375 0.84375
0.875 0.84375
0.84375 0.875
0.875 0.875
0.90625 0.78125
0.9375 0.78125
0.90625 0.8125
0.9375 0.8125
0.96875 0.78125
1 0.78125
0.96875 0.8125
1 0.8125
0.90625 0.84375
0.9375 0.84375
0.90625 0.875
0.9375 0.875
0.96875 0.84375
1 0.84375
0.96875 0.875
1 0.875
0.78125 0.90625
0.8125 0.90625
0.78125 0.9375
0.8125 0.9375
0.84375 0.90625
0.875 0.90625
0.84375 0.9375
0.875 0.9375
0.78125 0.96875
0.8125 0.96875
0.78125 1
0.8125 1
0.84375 0.96875
0.875 0.96875
0.84375 1
0.875 1
0.90625 0.90625
0.9375 0.90625
0.90625 0.9375
0.9375 0.9375
0.96875 0.90625
1 0.90625
0.96875 0.9375
1 0.9375
0.90625 0.96875
0.9375 0.96875
0.90625 1
0.9375 1
0.96875 0.96875
1 0.96875
0.96875 1
1 1
4 1 2 3 4
4 2 5 6 3
4 4 3 7 8
4 3 6 9 7
4 5 10 11 6
4 10 12 13 11
4 6 11 14 9
4 11 13 15 14
4 8 7 16 17
4 7 9 18 16
4 17 16 19 20
4 16 18 21 19
4 9 14 22 18
4 14 15 23 22
4 18 22 24 21
4 22 23 25 24
4 12 26 27 13
4 26 28 29 27
4 13 27 30 15
4 27 29 31 30
4 28 32 33 29
4 32 34 35 33
4 29 33 36 31
4 33 35 37 36
4 15 30 38 23
4 30 31 39 38
4 23 38 40 25
4 38 39 41 40
4 31 36 42 39
4 36 37 43 42
4 39 42 44 41
4 42 43 45 44
4 20 19 46 47
4 19 21 48 46
4 47 46 49 50
4 46 48 51 49
4 21 24 52 48
4 24 25 53 52
4 48 52 54 51
4 52 53 55 54
4 50 49 56 57
4 49 51 58 56
4 57 56 59 60
4 56 58 61 59
4 51 54 62 58
4 54 55 63 62
4 58 62 64 61
4 62 63 65 64
4 25 40 66 53
4 40 41 67 66
4 53 66 68 55
4 66 67 69 68
4 41 44 70 67
4 44 45 71 70
4 67 70 72 69
4 70 71 73 72
4 55 68 74 63
4 68 69 75 74
4 63 74 76 65
4 74 75 77 76
4 69 72 78 75
4 72 73 79 78
4 75 78 80 77
4 78 79 81 80
4 34 82 83 35
4 82 84 85 83
4 35 83 86 37
4 83 85 87 86
4 84 88 89 85
4 88 90 91 89
4 85 89 92 87
4 89 91 93 92
4 37 86 94 43
4 86 87 95 94
4 43 94 96 45
4 94 95 97 96
4 87 92 98 95
4 92 93 99 98
4 95 98 100 97
4 98 99 101 100
4 90 102 103 91
4 102 104 105 103
4 91 103 106 93
4 103 105 107 106
4 104 108 109 105
4 108 110 111 109
4 105 109 112 107
4 109 111 113 112
4 93 106 114 99
4 106 107 115 114
4 99 114 116 101
4 114 115 117 116
4 107 112 118 115
4 112 113 119 118
4 115 118 120 117
4 118 119 121 120
4 45 96 122 71
4 96 97 123 122
4 71 122 124 73
4 122 123 125 124
4 97 100 126 123
4 100 101 127 126
4 123 126 128 125
4 126 127 129 128
4 73 124 130 79
4 124 125 131 130
4 79 130 132 81
4 130 131 133 132
4 125 128 134 131
4 128 129 135 134
4 131 134 136 133
4 134 135 137 136
4 101 116 138 127
4 116 117 139 138
4 127 138 140 129
4 138 139 141 140
4 117 120 142 139
4 120 121 143 142
4 139 142 144 141
4 142 143 145 144
4 129 140 146 135
4 140 141 147 146
4 135 146 148 137
4 146 147 149 148
4 141 144 150 147
4 144 145 151 150
4 147 150 152 149
4 150 151 153 152
4 60 59 154 155
4 59 61 156 154
4 155 154 157 158
4 154 156 159 157
4 61 64 160 156
4 64 65 161 160
4 156 160 162 159
4 160 161 163 162
4 158 157 164 165
4 157 159 166 164
4 165 164 167 168
4 164 166 169 167
4 159 162 170 166
4 162 163 171 170
4 166 170 172 169
4 170 171 173 172
4 65 76 174 161
4 76 77 175 174
4 161 174 176 163
4 174 175 177 176
4 77 80 178 175
4 80 81 179 178
4 175 178 180 177
4 178 179 181 180
4 163 176 182 171
4 176 177 183 182
4 171 182 184 173
4 182 183 185 184
4 177 180 186 183
4 180 181 187 186
4 183 186 188 185
4 186 187 189 188
4 168 167 190 191
4 167 169 192 190
4 191 190 193 194
4 190 192 195 193
4 169 172 196 192
4 172 173 197 196
4 192 196 198 195
4 196 197 199 198
4 194 193 200 201
4 193 195 202 200
4 201 200 203 204
4 200 202 205 203
4 195 198 206 202
4 198 199 207 206
4 202 206 208 205
4 206 207 209 208
4 173 184 210 197
4 184 185 211 210
4 197 210 212 199
4 210 211 213 212
4 185 188 214 211
4 188 189 215 214
4 211 214 216 213
4 214 215 217 216
4 199 212 218 207
4 212 213 219 218
4 207 218 220 209
4 218 219 221 220
4 213 216 222 219
4 216 217 223 222
4 219 222 224 221
4 222 223 225 224
4 81 132 226 179
4 132 133 227 226
4 179 226 228 181
4 226 227 229 228
4 133 136 230 227
4 136 137 231 230
4 227 230 232 229
4 230 231 233 232
4 181 228 234 187
4 228 229 235 234
4 187 234 236 189
4 234 235 237 236
4 229 232 238 235
4 232 233 239 238
4 235 238 240 237
4 238 239 241 240
4 137 148 242 231
4 148 149 243 242
4 231 242 244 233
4 242 243 245 244
4 149 152 246 243
4 152 153 247 246
4 243 246 248 245
4 246 247 249 248
4 233 244 250 239
4 244 245 251 250
4 239 250 252 241
4 250 251 253 252
4 245 248 254 251
4 248 249 255 254
4 251 254 256 253
4 254 255 257 256
4 189 236 258 215
4 236 237 259 258
4 215 258 260 217
4 258 259 261 260
4 237 240 262 259
4 240 241 263 262
4 259 262 264 261
4 262 263 265 264
4 217 260 266 223
4 260 261 267 266
4 223 266 268 225
4 266 267 269 268
4 261 264 270 267
4 264 265 271 270
4 267 270 272 269
4 270 271 273 272
4 241 252 274 263
4 252 253 275 274
4 263 274 276 265
4 274 275 277 276
4 253 256 278 275
4 256 257 279 278
4 275 278 280 277
4 278 279 281 280
4 265 276 282 271
4 276 277 283 282
4 271 282 284 273
4 282 283 285 284
4 277 280 286 283
5 280 281 287 288 286
5 283 286 289 290 285
4 286 288 291 289
5 288 287 292 293 291
5 289 291 294 295 290
4 291 293 296 294
5 293 292 297 298 296
5 294 296 299 300 295
4 296 298 301 299
5 298 297 302 303 301
5 299 301 304 305 300
4 301 303 306 304
4 303 302 307 306
4 304 306 308 305
4 306 307 309 308
4 204 203 310 311
4 203 205 312 310
4 311 310 313 314
4 310 312 315 313
4 205 208 316 312
4 208 209 317 316
4 312 316 318 315
4 316 317 319 318
4 314 313 320 321
4 313 315 322 320
4 321 320 323 324
4 320 322 325 323
4 315 318 326 322
4 318 319 327 326
4 322 326 328 325
4 326 327 329 328
4 209 220 330 317
4 220 221 331 330
4 317 330 332 319
4 330 331 333 332
4 221 224 334 331
4 224 225 335 334
4 331 334 336 333
4 334 335 337 336
4 319 332 338 327
4 332 333 339 338
4 327 338 340 329
4 338 339 341 340
4 333 336 342 339
4 336 337 343 342
4 339 342 344 341
4 342 343 345 344
4 324 323 346 347
4 323 325 348 346
4 347 346 349 350
4 346 348 351 349
4 325 328 352 348
4 328 329 353 352
4 348 352 354 351
4 352 353 355 354
4 350 349 356 357
4 349 351 358 356
4 357 356 359 360
4 356 358 361 359
4 351 354 362 358
4 354 355 363 362
4 358 362 364 361
4 362 363 365 364
4 329 340 366 353
4 340 341 367 366
4 353 366 368 355
4 366 367 369 368
4 341 344 370 367
4 344 345 371 370
4 367 370 372 369
4 370 371 373 372
4 355 368 374 363
4 368 369 375 374
4 363 374 376 365
4 374 375 377 376
4 369 372 378 375
4 372 373 379 378
4 375 378 380 377
4 378 379 381 380
4 225 268 382 335
4 268 269 383 382
4 335 382 384 337
4 382 383 385 384
4 269 272 386 383
4 272 273 387 386
4 383 386 388 385
4 386 387 389 388
4 337 384 390 343
4 384 385 391 390
4 343 390 392 345
4 390 391 393 392
4 385 388 394 391
4 388 389 395 394
4 391 394 396 393
4 394 395 397 396
4 273 284 398 387
4 284 285 399 398
4 387 398 400 389
4 398 399 401 400
5 285 290 402 403 399
5 290 295 404 405 402
5 295 300 406 407 404
5 300 305 408 409 406
4 305 308 410 408
4 308 309 411 410
4 408 410 412 409
4 410 411 413 412
4 406 409 414 407
5 409 412 413 415 414
4 404 407 416 405
5 407 414 415 417 416
4 402 405 418 403
5 405 416 417 419 418
4 399 403 420 401
5 403 418 419 421 420
4 389 400 422 395
4 400 401 423 422
4 395 422 424 397
4 422 423 425 424
4 401 420 426 423
4 420 421 427 426
4 423 426 428 425
4 426 427 429 428
4 345 392 430 371
4 392 393 431 430
4 371 430 432 373
4 430 431 433 432
4 393 396 434 431
4 396 397 435 434
4 431 434 436 433
4 434 435 437 436
4 373 432 438 379
4 432 433 439 438
4 379 438 440 381
4 438 439 441 440
4 433 436 442 439
4 436 437 443 442
4 439 442 444 441
4 442 443 445 444
4 397 424 446 435
4 424 425 447 446
4 435 446 448 437
4 446 447 449 448
4 425 428 450 447
4 428 429 451 450
4 447 450 452 449
4 450 451 453 452
4 437 448 454 443
4 448 449 455 454
4 443 454 456 445
4 454 455 457 456
4 449 452 458 455
4 452 453 459 458
4 455 458 460 457
4 458 459 461 460
4 360 359 462 463
4 359 361 464 462
4 463 462 465 466
4 462 464 467 465
4 361 364 468 464
4 364 365 469 468
4 464 468 470 467
4 468 469 471 470
4 466 465 472 473
4 465 467 474 472
4 473 472 475 476
4 472 474 477 475
4 467 470 478 474
4 470 471 479 478
4 474 478 480 477
4 478 479 481 480
4 365 376 482 469
4 376 377 483 482
4 469 482 484 471
4 482 483 485 484
4 377 380 486 483
4 380 381 487 486
4 483 486 488 485
4 486 487 489 488
4 471 484 490 479
4 484 485 491 490
4 479 490 492 481
4 490 491 493 492
4 485 488 494 491
4 488 489 495 494
4 491 494 496 493
4 494 495 497 496
4 476 475 498 499
4 475 477 500 498
4 499 498 501 502
4 498 500 503 501
4 477 480 504 500
4 480 481 505 504
4 500 504 506 503
4 504 505 507 506
4 502 501 508 509
4 501 503 510 508
4 509 508 511 512
4 508 510 513 511
4 503 506 514 510
4 506 507 515 514
4 510 514 516 513
4 514 515 517 516
4 481 492 518 505
4 492 493 519 518
4 505 518 520 507
4 518 519 521 520
4 493 496 522 519
4 496 497 523 522
4 519 522 524 521
4 522 523 525 524
4 507 520 526 515
4 520 521 527 526
4 515 526 528 517
4 526 527 529 528
4 521 524 530 527
4 524 525 531 530
4 527 530 532 529
4 530 531 533 532
4 381 440 534 487
4 440 441 535 534
4 487 534 536 489
4 534 535 537 536
4 441 444 538 535
4 444 445 539 538
4 535 538 540 537
4 538 539 541 540
4 489 536 542 495
4 536 537 543 542
4 495 542 544 497
4 542 543 545 544
4 537 540 546 543
4 540 541 547 546
4 543 546 548 545
4 546 547 549 548
4 445 456 550 539
4 456 457 551 550
4 539 550 552 541
4 550 551 553 552
4 457 460 554 551
4 460 461 555 554
4 551 554 556 553
4 554 555 557 556
4 541 552 558 547
4 552 553 559 558
4 547 558 560 549
4 558 559 561 560
4 553 556 562 559
4 556 557 563 562
4 559 562 564 561
4 562 563 565 564
4 497 544 566 523
4 544 545 567 566
4 523 566 568 525
4 566 567 569 568
4 545 548 570 567
4 548 549 571 570
4 567 570 572 569
4 570 571 573 572
4 525 568 574 531
4 568 569 575 574
4 531 574 576 533
4 574 575 577 576
4 569 572 578 575
4 572 573 579 578
4 575 578 580 577
4 578 579 581 580
4 549 560 582 571
4 560 561 583 582
4 571 582 584 573
4 582 583 585 584
4 561 564 586 583
4 564 565 587 586
4 583 586 588 585
4 586 587 589 588
4 573 584 590 579
4 584 585 591 590
4 579 590 592 581
4 590 591 593 592
4 585 588 594 591
4 588 589 595 594
4 591 594 596 593
4 594 595 597 596
4 110 598 599 111
4 598 600 601 599
4 111 599 602 113
4 599 601 603 602
4 600 604 605 601
4 604 606 607 605
4 601 605 608 603
4 605 607 609 608
4 113 602 610 119
4 602 603 611 610
4 119 610 612 121
4 610 611 613 612
4 603 608 614 611
4 608 609 615 614
4 611 614 616 613
4 614 615 617 616
4 606 618 619 607
4 618 620 621 619
4 607 619 622 609
4 619 621 623 622
4 620 624 625 621
4 624 626 627 625
4 621 625 628 623
4 625 627 629 628
4 609 622 630 615
4 622 623 631 630
4 615 630 632 617
4 630 631 633 632
4 623 628 634 631
4 628 629 635 634
4 631 634 636 633
4 634 635 637 636
4 121 612 638 143
4 612 613 639 638
4 143 638 640 145
4 638 639 641 640
4 613 616 642 639
4 616 617 643 642
4 639 642 644 641
4 642 643 645 644
4 145 640 646 151
4 640 641 647 646
4 151 646 648 153
4 646 647 649 648
4 641 644 650 647
4 644 645 651 650
4 647 650 652 649
4 650 651 653 652
4 617 632 654 643
4 632 633 655 654
4 643 654 656 645
4 654 655 657 656
4 633 636 658 655
4 636 637 659 658
4 655 658 660 657
4 658 659 661 660
4 645 656 662 651
4 656 657 663 662
4 651 662 664 653
4 662 663 665 664
4 657 660 666 663
4 660 661 667 666
4 663 666 668 665
4 666 667 669 668
4 626 670 671 627
4 670 672 673 671
4 627 671 674 629
4 671 673 675 674
4 672 676 677 673
4 676 678 679 677
4 673 677 680 675
4 677 679 681 680
4 629 674 682 635
4 674 675 683 682
4 635 682 684 637
4 682 683 685 684
4 675 680 686 683
4 680 681 687 686
4 683 686 688 685
4 686 687 689 688
4 678 690 691 679
4 690 692 693 691
4 679 691 694 681
4 691 693 695 694
4 692 696 697 693
4 696 698 699 697
4 693 697 700 695
4 697 699 701 700
4 681 694 702 687
4 694 695 703 702
4 687 702 704 689
4 702 703 705 704
4 695 700 706 703
4 700 701 707 706
4 703 706 708 705
4 706 707 709 708
4 637 684 710 659
4 684 685 711 710
4 659 710 712 661
4 710 711 713 712
4 685 688 714 711
4 688 689 715 714
4 711 714 716 713
4 714 715 717 716
4 661 712 718 667
4 712 713 719 718
4 667 718 720 669
4 718 719 721 720
4 713 716 722 719
4 716 717 723 722
4 719 722 724 721
4 722 723 725 724
4 689 704 726 715
4 704 705 727 726
4 715 726 728 717
4 726 727 729 728
4 705 708 730 727
4 708 709 731 730
4 727 730 732 729
4 730 731 733 732
4 717 728 734 723
4 728 729 735 734
4 723 734 736 725
4 734 735 737 736
4 729 732 738 735
4 732 733 739 738
4 735 738 740 737
4 738 739 741 740
4 153 648 742 247
4 648 649 743 742
4 247 742 744 249
4 742 743 745 744
4 649 652 746 743
4 652 653 747 746
4 743 746 748 745
4 746 747 749 748
4 249 744 750 255
4 744 745 751 750
4 255 750 752 257
4 750 751 753 752
4 745 748 754 751
4 748 749 755 754
4 751 754 756 753
4 754 755 757 756
4 653 664 758 747
4 664 665 759 758
4 747 758 760 749
4 758 759 761 760
4 665 668 762 759
4 668 669 763 762
4 759 762 764 761
4 762 763 765 764
4 749 760 766 755
4 760 761 767 766
4 755 766 768 757
4 766 767 769 768
4 761 764 770 767
4 764 765 771 770
4 767 770 772 769
4 770 771 773 772
4 257 752 774 279
4 752 753 775 774
4 279 774 776 281
4 774 775 777 776
4 753 756 778 775
4 756 757 779 778
4 775 778 780 777
4 778 779 781 780
5 281 776 782 783 287
4 776 777 784 782
5 287 783 785 786 292
4 783 782 787 785
5 292 786 788 789 297
4 786 785 790 788
5 297 789 791 792 302
4 789 788 793 791
4 302 792 794 307
4 792 791 795 794
4 307 794 796 309
4 794 795 797 796
5 791 793 798 797 795
5 788 790 799 798 793
5 785 787 800 799 790
5 782 784 801 800 787
4 777 780 802 784
4 780 781 803 802
4 784 802 804 801
4 802 803 805 804
4 757 768 806 779
4 768 769 807 806
4 779 806 808 781
4 806 807 809 808
4 769 772 810 807
4 772 773 811 810
4 807 810 812 809
4 810 811 813 812
4 781 808 814 803
4 808 809 815 814
4 803 814 816 805
4 814 815 817 816
4 809 812 818 815
4 812 813 819 818
4 815 818 820 817
4 818 819 821 820
4 669 720 822 763
4 720 721 823 822
4 763 822 824 765
4 822 823 825 824
4 721 724 826 823
4 724 725 827 826
4 823 826 828 825
4 826 827 829 828
4 765 824 830 771
4 824 825 831 830
4 771 830 832 773
4 830 831 833 832
4 825 828 834 831
4 828 829 835 834
4 831 834 836 833
4 834 835 837 836
4 725 736 838 827
4 736 737 839 838
4 827 838 840 829
4 838 839 841 840
4 737 740 842 839
4 740 741 843 842
4 839 842 844 841
4 842 843 845 844
4 829 840 846 835
4 840 841 847 846
4 835 846 848 837
4 846 847 849 848
4 841 844 850 847
4 844 845 851 850
4 847 850 852 849
4 850 851 853 852
4 773 832 854 811
4 832 833 855 854
4 811 854 856 813
4 854 855 857 856
4 833 836 858 855
4 836 837 859 858
4 855 858 860 857
4 858 859 861 860
4 813 856 862 819
4 856 857 863 862
4 819 862 864 821
4 862 863 865 864
4 857 860 866 863
4 860 861 867 866
4 863 866 868 865
4 866 867 869 868
4 837 848 870 859
4 848 849 871 870
4 859 870 872 861
4 870 871 873 872
4 849 852 874 871
4 852 853 875 874
4 871 874 876 873
4 874 875 877 876
4 861 872 878 867
4 872 873 879 878
4 867 878 880 869
4 878 879 881 880
4 873 876 882 879
4 876 877 883 882
4 879 882 884 881
4 882 883 885 884
4 309 796 886 411
4 796 797 887 886
4 411 886 888 413
4 886 887 889 888
5 797 798 890 889 887
5 413 888 889 891 415
4 889 890 892 891
5 798 799 893 892 890
5 415 891 892 894 417
4 892 893 895 894
5 799 800 896 895 893
5 417 894 895 897 419
4 895 896 898 897
5 800 801 899 898 896
5 419 897 898 900 421
4 898 899 901 900
4 801 804 902 899
4 804 805 903 902
4 899 902 904 901
4 902 903 905 904
4 421 900 906 427
4 900 901 907 906
4 427 906 908 429
4 906 907 909 908
4 901 904 910 907
4 904 905 911 910
4 907 910 912 909
4 910 911 913 912
4 805 816 914 903
4 816 817 915 914
4 903 914 916 905
4 914 915 917 916
4 817 820 918 915
4 820 821 919 918
4 915 918 920 917
4 918 919 921 920
4 905 916 922 911
4 916 917 923 922
4 911 922 924 913
4 922 923 925 924
4 917 920 926 923
4 920 921 927 926
4 923 926 928 925
4 926 927 929 928
4 429 908 930 451
4 908 909 931 930
4 451 930 932 453
4 930 931 933 932
4 909 912 934 931
4 912 913 935 934
4 931 934 936 933
4 934 935 937 936
4 453 932 938 459
4 932 933 939 938
4 459 938 940 461
4 938 939 941 940
4 933 936 942 939
4 936 937 943 942
4 939 942 944 941
4 942 943 945 944
4 913 924 946 935
4 924 925 947 946
4 935 946 948 937
4 946 947 949 948
4 925 928 950 947
4 928 929 951 950
4 947 950 952 949
4 950 951 953 952
4 937 948 954 943
4 948 949 955 954
4 943 954 956 945
4 954 955 957 956
4 949 952 958 955
4 952 953 959 958
4 955 958 960 957
4 958 959 961 960
4 821 864 962 919
4 864 865 963 962
4 919 962 964 921
4 962 963 965 964
4 865 868 966 963
4 868 869 967 966
4 963 966 968 965
4 966 967 969 968
4 921 964 970 927
4 964 965 971 970
4 927 970 972 929
4 970 971 973 972
4 965 968 974 971
4 968 969 975 974
4 971 974 976 973
4 974 975 977 976
4 869 880 978 967
4 880 881 979 978
4 967 978 980 969
4 978 979 981 980
4 881 884 982 979
4 884 885 983 982
4 979 982 984 981
4 982 983 985 984
4 969 980 986 975
4 980 981 987 986
4 975 986 988 977
4 986 987 989 988
4 981 984 990 987
4 984 985 991 990
4 987 990 992 989
4 990 991 993 992
4 929 972 994 951
4 972 973 995 994
4 951 994 996 953
4 994 995 997 996
4 973 976 998 995
4 976 977 999 998
4 995 998 1000 997
4 998 999 1001 1000
4 953 996 1002 959
4 996 997 1003 1002
4 959 1002 1004 961
4 1002 1003 1005 1004
4 997 1000 1006 1003
4 1000 1001 1007 1006
4 1003 1006 1008 1005
4 1006 1007 1009 1008
4 977 988 1010 999
4 988 989 1011 1010
4 999 1010 1012 1001
4 1010 1011 1013 1012
4 989 992 1014 1011
4 992 993 1015 1014
4 1011 1014 1016 1013
4 1014 1015 1017 1016
4 1001 1012 1018 1007
4 1012 1013 1019 1018
4 1007 1018 1020 1009
4 1018 1019 1021 1020
4 1013 1016 1022 1019
4 1016 1017 1023 1022
4 1019 1022 1024 1021
4 1022 1023 1025 1024
4 461 940 1026 555
4 940 941 1027 1026
4 555 1026 1028 557
4 1026 1027 1029 1028
4 941 944 1030 1027
4 944 945 1031 1030
4 1027 1030 1032 1029
4 1030 1031 1033 1032
4 557 1028 1034 563
4 1028 1029 1035 1034
4 563 1034 1036 565
4 1034 1035 1037 1036
4 1029 1032 1038 1035
4 1032 1033 1039 1038
4 1035 1038 1040 1037
4 1038 1039 1041 1040
4 945 956 1042 1031
4 956 957 1043 1042
4 1031 1042 1044 1033
4 1042 1043 1045 1044
4 957 960 1046 1043
4 960 961 1047 1046
4 1043 1046 1048 1045
4 1046 1047 1049 1048
4 1033 1044 1050 1039
4 1044 1045 1051 1050
4 1039 1050 1052 1041
4 1050 1051 1053 1052
4 1045 1048 1054 1051
4 1048 1049 1055 1054
4 1051 1054 1056 1053
4 1054 1055 1057 1056
4 565 1036 1058 587
4 1036 1037 1059 1058
4 587 1058 1060 589
4 1058 1059 1061 1060
4 1037 1040 1062 1059
4 1040 1041 1063 1062
4 1059 1062 1064 1061
4 1062 1063 1065 1064
4 589 1060 1066 595
4 1060 1061 1067 1066
4 595 1066 1068 597
4 1066 1067 1069 1068
4 1061 1064 1070 1067
4 1064 1065 1071 1070
4 1067 1070 1072 1069
4 1070 1071 1073 1072
4 1041 1052 1074 1063
4 1052 1053 1075 1074
4 1063 1074 1076 1065
4 1074 1075 1077 1076
4 1053 1056 1078 1075
4 1056 1057 1079 1078
4 1075 1078 1080 1077
4 1078 1079 1081 1080
4 1065 1076 1082 1071
4 1076 1077 1083 1082
4 1071 1082 1084 1073
4 1082 1083 1085 1084
4 1077 1080 1086 1083
4 1080 1081 1087 1086
4 1083 1086 1088 1085
4 1086 1087 1089 1088
4 961 1004 1090 1047
4 1004 1005 1091 1090
4 1047 1090 1092 1049
4 1090 1091 1093 1092
4 1005 1008 1094 1091
4 1008 1009 1095 1094
4 1091 1094 1096 1093
4 1094 1095 1097 1096
4 1049 1092 1098 1055
4 1092 1093 1099 1098
4 1055 1098 1100 1057
4 1098 1099 1101 1100
4 1093 1096 1102 1099
4 1096 1097 1103 1102
4 1099 1102 1104 1101
4 1102 1103 1105 1104
4 1009 1020 1106 1095
4 1020 1021 1107 1106
4 1095 1106 1108 1097
4 1106 1107 1109 1108
4 1021 1024 1110 1107
4 1024 1025 1111 1110
4 1107 1110 1112 1109
4 1110 1111 1113 1112
4 1097 1108 1114 1103
4 1108 1109 1115 1114
4 1103 1114 1116 1105
4 1114 1115 1117 1116
4 1109 1112 1118 1115
4 1112 1113 1119 1118
4 1115 1118 1120 1117
4 1118 1119 1121 1120
4 1057 1100 1122 1079
4 1100 1101 1123 1122
4 1079 1122 1124 1081
4 1122 1123 1125 1124
4 1101 1104 1126 1123
4 1104 1105 1127 1126
4 1123 1126 1128 1125
4 1126 1127 1129 1128
4 1081 1124 1130 1087
4 1124 1125 1131 1130
4 1087 1130 1132 1089
4 1130 1131 1133 1132
4 1125 1128 1134 1131
4 1128 1129 1135 1134
4 1131 1134 1136 1133
4 1134 1135 1137 1136
4 1105 1116 1138 1127
4 1116 1117 1139 1138
4 1127 1138 1140 1129
4 1138 1139 1141 1140
4 1117 1120 1142 1139
4 1120 1121 1143 1142
4 1139 1142 1144 1141
4 1142 1143 1145 1144
4 1129 1140 1146 1135
4 1140 1141 1147 1146
4 1135 1146 1148 1137
4 1146 1147 1149 1148
4 1141 1144 1150 1147
4 1144 1145 1151 1150
4 1147 1150 1152 1149
4 1150 1151 1153 1152
1 2 4 5 8 10 12 17 20 26 28 32 34 47 50 57 60 82 84 88 90 102 104 108 110 155 158 165 168 191 194 201 204 311 314 321 324 347 350 357 360 463 466 473 476 499 502 509 511 512 513 516 517 528 529 532 533 576 577 580 581 592 593 596 597 598 600 604 606 618 620 624 626 670 672 676 678 690 692 696 698 699 701 707 709 731 733 739 741 843 845 851 853 875 877 883 885 983 985 991 993 1015 1017 1023 1025 1068 1069 1072 1073 1084 1085 1088 1089 1111 1113 1119 1121 1132 1133 1136 1137 1143 1145 1148 1149 1151 1152 1153
