361 304 1
0 0
0.125 0
0.125 0.125
0 0.125
0.25 0
0.25 0.125
0.125 0.25
0 0.25
0.25 0.25
0.125 0.375
0 0.375
0.25 0.3125
0.25 0.375
0.125 0.5
0 0.5
0.25 0.4375
0.25 0.5
0.125 0.625
0 0.625
0.25 0.5625
0.25 0.625
0.125 0.75
0 0.75
0.25 0.6875
0.25 0.75
0.125 0.875
0 0.875
0.25 0.875
0.125 1
0 1
0.25 1
0.375 0
0.375 0.125
0.5 0
0.5 0.125
0.375 0.25
0.3125 0.25
0.5 0.25
0.4375 0.25
0.3125 0.3125
0.375 0.3125
0.3125 0.375
0.375 0.375
0.4375 0.3125
0.5 0.3125
0.4375 0.375
0.40625 0.375
0.5 0.375
0.46875 0.375
0.3125 0.4375
0.375 0.40625
0.375 0.4375
0.3125 0.5
0.375 0.46875
0.375 0.5
0.40625 0.40625
0.4375 0.40625
0.40625 0.4375
0.4375 0.4375
0.46875 0.40625
0.5 0.40625
0.46875 0.4375
0.453125 0.4375
0.5 0.4375
0.484375 0.4375
0.40625 0.46875
0.4375 0.453125
0.4375 0.46875
0.40625 0.5
0.4375 0.484375
0.4375 0.5
0.453125 0.453125
0.46875 0.453125
0.453125 0.46875
0.46875 0.46875
0.484375 0.453125
0.5 0.453125
0.484375 0.46875
0.4765625 0.46875
0.5 0.46875
0.4921875 0.46875
0.453125 0.484375
0.46875 0.4765625
0.46875 0.484375
0.453125 0.5
0.46875 0.4921875
0.46875 0.5
0.4765625 0.4765625
0.484375 0.4765625
0.4765625 0.484375
0.484375 0.484375
0.4921875 0.4765625
0.5 0.4765625
0.4921875 0.484375
0.48828125 0.484375
0.5 0.484375
0.49609375 0.484375
0.4765625 0.4921875
0.484375 0.48828125
0.484375 0.4921875
0.4765625 0.5
0.484375 0.49609375
0.484375 0.5
0.48828125 0.48828125
0.4921875 0.48828125
0.48828125 0.4921875
0.4921875 0.4921875
0.49609375 0.48828125
0.5 0.48828125
0.49609375 0.4921875
0.5 0.4921875
0.48828125 0.49609375
0.4921875 0.49609375
0.48828125 0.5
0.4921875 0.5
0.49609375 0.49609375
0.5 0.49609375
0.49609375 0.5
0.5 0.5
0.3125 0.5625
0.375 0.53125
0.375 0.5625
0.3125 0.625
0.375 0.59375
0.375 0.625
0.40625 0.53125
0.4375 0.515625
0.4375 0.53125
0.40625 0.5625
0.4375 0.546875
0.4375 0.5625
0.453125 0.515625
0.46875 0.5078125
0.46875 0.515625
0.453125 0.53125
0.46875 0.5234375
0.46875 0.53125
0.4765625 0.5078125
0.484375 0.50390625
0.484375 0.5078125
0.4765625 0.515625
0.484375 0.51171875
0.484375 0.515625
0.48828125 0.50390625
0.4921875 0.50390625
0.48828125 0.5078125
0.4921875 0.5078125
0.49609375 0.50390625
0.5 0.50390625
0.49609375 0.5078125
0.5 0.5078125
0.48828125 0.51171875
0.4921875 0.51171875
0.48828125 0.515625
0.4921875 0.515625
0.49609375 0.51171875
0.5 0.51171875
0.49609375 0.515625
0.5 0.515625
0.4765625 0.5234375
0.484375 0.5234375
0.4765625 0.53125
0.484375 0.53125
0.4921875 0.5234375
0.5 0.5234375
0.4921875 0.53125
0.5 0.53125
0.453125 0.546875
0.46875 0.546875
0.453125 0.5625
0.46875 0.5625
0.484375 0.546875
0.5 0.546875
0.484375 0.5625
0.5 0.5625
0.40625 0.59375
0.4375 0.59375
0.40625 0.625
0.4375 0.625
0.46875 0.59375
0.5 0.59375
0.46875 0.625
0.5 0.625
0.3125 0.6875
0.375 0.6875
0.3125 0.75
0.375 0.75
0.4375 0.6875
0.5 0.6875
0.4375 0.75
0.5 0.75
0.375 0.875
0.5 0.875
0.375 1
0.5 1
0.625 0
0.625 0.125
0.75 0
0.75 0.125
0.625 0.25
0.5625 0.25
0.75 0.25
0.6875 0.25
0.5625 0.3125
0.625 0.3125
0.5625 0.375
0.53125 0.375
0.625 0.375
0.59375 0.375
0.6875 0.3125
0.75 0.3125
0.6875 0.375
0.75 0.375
0.53125 0.40625
0.5625 0.40625
0.53125 0.4375
0.515625 0.4375
0.5625 0.4375
0.546875 0.4375
0.59375 0.40625
0.625 0.40625
0.59375 0.4375
0.625 0.4375
0.515625 0.453125
0.53125 0.453125
0.515625 0.46875
0.5078125 0.46875
0.53125 0.46875
0.5234375 0.46875
0.546875 0.453125
0.5625 0.453125
0.546875 0.46875
0.5625 0.46875
0.5078125 0.4765625
0.515625 0.4765625
0.5078125 0.484375
0.50390625 0.484375
0.515625 0.484375
0.51171875 0.484375
0.5234375 0.4765625
0.53125 0.4765625
0.5234375 0.484375
0.53125 0.484375
0.50390625 0.48828125
0.5078125 0.48828125
0.50390625 0.4921875
0.5078125 0.4921875
0.51171875 0.48828125
0.515625 0.48828125
0.51171875 0.4921875
0.515625 0.4921875
0.50390625 0.49609375
0.5078125 0.49609375
0.50390625 0.5
0.5078125 0.5
0.51171875 0.49609375
0.515625 0.49609375
0.51171875 0.5
0.515625 0.5
0.5234375 0.4921875
0.53125 0.4921875
0.5234375 0.5
0.53125 0.5
0.546875 0.484375
0.5625 0.484375
0.546875 0.5
0.5625 0.5
0.59375 0.46875
0.625 0.46875
0.59375 0.5
0.625 0.5
0.6875 0.4375
0.75 0.4375
0.6875 0.5
0.75 0.5
0.50390625 0.50390625
0.5078125 0.50390625
0.50390625 0.5078125
0.5078125 0.5078125
0.51171875 0.50390625
0.515625 0.50390625
0.51171875 0.5078125
0.515625 0.5078125
0.50390625 0.51171875
0.5078125 0.51171875
0.50390625 0.515625
0.5078125 0.515625
0.51171875 0.51171875
0.515625 0.51171875
0.51171875 0.515625
0.515625 0.515625
0.5234375 0.5078125
0.53125 0.5078125
0.5234375 0.515625
0.53125 0.515625
0.5078125 0.5234375
0.515625 0.5234375
0.5078125 0.53125
0.515625 0.53125
0.5234375 0.5234375
0.53125 0.5234375
0.5234375 0.53125
0.53125 0.53125
0.546875 0.515625
0.5625 0.515625
0.546875 0.53125
0.5625 0.53125
0.515625 0.546875
0.53125 0.546875
0.515625 0.5625
0.53125 0.5625
0.546875 0.546875
0.5625 0.546875
0.546875 0.5625
0.5625 0.5625
0.59375 0.53125
0.625 0.53125
0.59375 0.5625
0.625 0.5625
0.53125 0.59375
0.5625 0.59375
0.53125 0.625
0.5625 0.625
0.59375 0.59375
0.625 0.59375
0.59375 0.625
0.625 0.625
0.6875 0.5625
0.75 0.5625
0.6875 0.625
0.75 0.625
0.5625 0.6875
0.625 0.6875
0.5625 0.75
0.625 0.75
0.6875 0.6875
0.75 0.6875
0.6875 0.75
0.75 0.75
0.625 0.875
0.75 0.875
0.625 1
0.75 1
0.875 0
0.875 0.125
1 0
1 0.125
0.875 0.25
1 0.25
0.875 0.375
1 0.375
0.875 0.5
1 0.5
0.875 0.625
1 0.625
0.875 0.75
1 0.75
0.875 0.875
1 0.875
0.875 1
1 1
4 1 2 3 4
4 2 5 6 3
4 4 3 7 8
4 3 6 9 7
4 8 7 10 11
5 7 9 12 13 10
4 11 10 14 15
5 10 13 16 17 14
4 15 14 18 19
5 14 17 20 21 18
4 19 18 22 23
5 18 21 24 25 22
4 23 22 26 27
4 22 25 28 26
4 27 26 29 30
4 26 28 31 29
4 5 32 33 6
4 32 34 35 33
5 6 33 36 37 9
5 33 35 38 39 36
4 9 37 40 12
4 37 36 41 40
4 12 40 42 13
4 40 41 43 42
4 36 39 44 41
4 39 38 45 44
5 41 44 46 47 43
5 44 45 48 49 46
4 13 42 50 16
5 42 43 51 52 50
4 16 50 53 17
5 50 52 54 55 53
4 43 47 56 51
4 47 46 57 56
4 51 56 58 52
4 56 57 59 58
4 46 49 60 57
4 49 48 61 60
5 57 60 62 63 59
5 60 61 64 65 62
4 52 58 66 54
5 58 59 67 68 66
4 54 66 69 55
5 66 68 70 71 69
4 59 63 72 67
4 63 62 73 72
4 67 72 74 68
4 72 73 75 74
4 62 65 76 73
4 65 64 77 76
5 73 76 78 79 75
5 76 77 80 81 78
4 68 74 82 70
5 74 75 83 84 82
4 70 82 85 71
5 82 84 86 87 85
4 75 79 88 83
4 79 78 89 88
4 83 88 90 84
4 88 89 91 90
4 78 81 92 89
4 81 80 93 92
5 89 92 94 95 91
5 92 93 96 97 94
4 84 90 98 86
5 90 91 99 100 98
4 86 98 101 87
5 98 100 102 103 101
4 91 95 104 99
4 95 94 105 104
4 99 104 106 100
4 104 105 107 106
4 94 97 108 105
4 97 96 109 108
4 105 108 110 107
4 108 109 111 110
4 100 106 112 102
4 106 107 113 112
4 102 112 114 103
4 112 113 115 114
4 107 110 116 113
4 110 111 117 116
4 113 116 118 115
4 116 117 119 118
4 17 53 120 20
5 53 55 121 122 120
4 20 120 123 21
5 120 122 124 125 123
4 55 69 126 121
5 69 71 127 128 126
4 121 126 129 122
5 126 128 130 131 129
4 71 85 132 127
5 85 87 133 134 132
4 127 132 135 128
5 132 134 136 137 135
4 87 101 138 133
5 101 103 139 140 138
4 133 138 141 134
5 138 140 142 143 141
4 103 114 144 139
4 114 115 145 144
4 139 144 146 140
4 144 145 147 146
4 115 118 148 145
4 118 119 149 148
4 145 148 150 147
4 148 149 151 150
4 140 146 152 142
4 146 147 153 152
4 142 152 154 143
4 152 153 155 154
4 147 150 156 153
4 150 151 157 156
4 153 156 158 155
4 156 157 159 158
4 134 141 160 136
4 141 143 161 160
4 136 160 162 137
4 160 161 163 162
5 143 154 155 164 161
5 155 158 159 165 164
4 161 164 166 163
4 164 165 167 166
4 128 135 168 130
4 135 137 169 168
4 130 168 170 131
4 168 169 171 170
5 137 162 163 172 169
5 163 166 167 173 172
4 169 172 174 171
4 172 173 175 174
4 122 129 176 124
4 129 131 177 176
4 124 176 178 125
4 176 177 179 178
5 131 170 171 180 177
5 171 174 175 181 180
4 177 180 182 179
4 180 181 183 182
4 21 123 184 24
4 123 125 185 184
4 24 184 186 25
4 184 185 187 186
5 125 178 179 188 185
5 179 182 183 189 188
4 185 188 190 187
4 188 189 191 190
5 25 186 187 192 28
5 187 190 191 193 192
4 28 192 194 31
4 192 193 195 194
4 34 196 197 35
4 196 198 199 197
5 35 197 200 201 38
5 197 199 202 203 200
4 38 201 204 45
4 201 200 205 204
5 45 204 206 207 48
5 204 205 208 209 206
4 200 203 210 205
4 203 202 211 210
4 205 210 212 208
4 210 211 213 212
4 48 207 214 61
4 207 206 215 214
5 61 214 216 217 64
5 214 215 218 219 216
4 206 209 220 215
4 209 208 221 220
4 215 220 222 218
4 220 221 223 222
4 64 217 224 77
4 217 216 225 224
5 77 224 226 227 80
5 224 225 228 229 226
4 216 219 230 225
4 219 218 231 230
4 225 230 232 228
4 230 231 233 232
4 80 227 234 93
4 227 226 235 234
5 93 234 236 237 96
5 234 235 238 239 236
4 226 229 240 235
4 229 228 241 240
4 235 240 242 238
4 240 241 243 242
4 96 237 244 109
4 237 236 245 244
4 109 244 246 111
4 244 245 247 246
4 236 239 248 245
4 239 238 249 248
4 245 248 250 247
4 248 249 251 250
4 111 246 252 117
4 246 247 253 252
4 117 252 254 119
4 252 253 255 254
4 247 250 256 253
4 250 251 257 256
4 253 256 258 255
4 256 257 259 258
5 238 242 260 251 249
4 242 243 261 260
5 251 260 262 259 257
4 260 261 263 262
5 228 232 264 243 241
4 232 233 265 264
5 243 264 266 263 261
4 264 265 267 266
5 218 222 268 233 231
4 222 223 269 268
5 233 268 270 267 265
4 268 269 271 270
5 208 212 272 223 221
4 212 213 273 272
5 223 272 274 271 269
4 272 273 275 274
4 119 254 276 149
4 254 255 277 276
4 149 276 278 151
4 276 277 279 278
4 255 258 280 277
4 258 259 281 280
4 277 280 282 279
4 280 281 283 282
4 151 278 284 157
4 278 279 285 284
4 157 284 286 159
4 284 285 287 286
4 279 282 288 285
4 282 283 289 288
4 285 288 290 287
4 288 289 291 290
5 259 262 292 283 281
4 262 263 293 292
5 283 292 294 291 289
4 292 293 295 294
5 159 286 287 296 165
5 287 290 291 297 296
4 165 296 298 167
4 296 297 299 298
4 291 294 300 297
4 294 295 301 300
4 297 300 302 299
4 300 301 303 302
5 263 266 304 295 293
4 266 267 305 304
5 295 304 306 303 301
4 304 305 307 306
5 167 298 299 308 173
5 299 302 303 309 308
4 173 308 310 175
4 308 309 311 310
4 303 306 312 309
4 306 307 313 312
4 309 312 314 311
4 312 313 315 314
5 267 270 316 307 305
4 270 271 317 316
5 307 316 318 315 313
4 316 317 319 318
5 175 310 311 320 181
5 311 314 315 321 320
4 181 320 322 183
4 320 321 323 322
4 315 318 324 321
4 318 319 325 324
4 321 324 326 323
4 324 325 327 326
5 271 274 328 319 317
4 274 275 329 328
5 319 328 330 327 325
4 328 329 331 330
5 183 322 323 332 189
5 323 326 327 333 332
4 189 332 334 191
4 332 333 335 334
4 327 330 336 333
4 330 331 337 336
4 333 336 338 335
4 336 337 339 338
5 191 334 335 340 193
5 335 338 339 341 340
4 193 340 342 195
4 340 341 343 342
4 198 344 345 199
4 344 346 347 345
4 199 345 348 202
4 345 347 349 348
5 202 348 350 213 211
4 348 349 351 350
5 213 350 352 275 273
4 350 351 353 352
5 275 352 354 331 329
4 352 353 355 354
5 331 354 356 339 337
4 354 355 357 356
4 339 356 358 341
4 356 357 359 358
4 341 358 360 343
4 358 359 361 360
1 2 4 5 8 11 15 19 23 27 29 30 31 32 34 194 195 196 198 342 343 344 346 347 349 351 353 355 357 359 360 361
