449 376 1
0 0
6.103515625e-05 0
6.103515625e-05 6.103515625e-05
0 6.103515625e-05
0.0001220703125 0
0.0001220703125 6.103515625e-05
6.103515625e-05 0.0001220703125
0 0.0001220703125
0.0001220703125 0.0001220703125
0.00018310546875 0
0.00018310546875 6.103515625e-05
0.000244140625 0
0.000244140625 6.103515625e-05
0.00018310546875 0.0001220703125
0.000244140625 0.0001220703125
6.103515625e-05 0.00018310546875
0 0.00018310546875
0.0001220703125 0.00018310546875
6.103515625e-05 0.000244140625
0 0.000244140625
0.0001220703125 0.000244140625
0.00018310546875 0.00018310546875
0.000244140625 0.00018310546875
0.00018310546875 0.000244140625
0.000244140625 0.000244140625
0.0003662109375 0
0.0003662109375 0.0001220703125
0.00048828125 0
0.00048828125 0.0001220703125
0.0003662109375 0.000244140625
0.00048828125 0.000244140625
0.0001220703125 0.0003662109375
0 0.0003662109375
0.000244140625 0.0003662109375
0.0001220703125 0.00048828125
0 0.00048828125
0.000244140625 0.00048828125
0.0003662109375 0.0003662109375
0.00048828125 0.0003662109375
0.0003662109375 0.00048828125
0.00048828125 0.00048828125
0.000732421875 0
0.000732421875 0.000244140625
0.0009765625 0
0.0009765625 0.000244140625
0.000732421875 0.00048828125
0.0009765625 0.00048828125
0.000244140625 0.000732421875
0 0.000732421875
0.00048828125 0.000732421875
0.000244140625 0.0009765625
0 0.0009765625
0.00048828125 0.0009765625
0.000732421875 0.000732421875
0.0009765625 0.000732421875
0.000732421875 0.0009765625
0.0009765625 0.0009765625
0.00146484375 0
0.00146484375 0.00048828125
0.001953125 0
0.001953125 0.00048828125
0.00146484375 0.0009765625
0.001953125 0.0009765625
0.00048828125 0.00146484375
0 0.00146484375
0.0009765625 0.00146484375
0.00048828125 0.001953125
0 0.001953125
0.0009765625 0.001953125
0.00146484375 0.00146484375
0.001953125 0.00146484375
0.00146484375 0.001953125
0.001953125 0.001953125
0.0029296875 0
0.0029296875 0.0009765625
0.00390625 0
0.00390625 0.0009765625
0.0029296875 0.001953125
0.00390625 0.001953125
0.0009765625 0.0029296875
0 0.0029296875
0.001953125 0.0029296875
0.0009765625 0.00390625
0 0.00390625
0.001953125 0.00390625
0.0029296875 0.0029296875
0.00390625 0.0029296875
0.0029296875 0.00390625
0.00390625 0.00390625
0.005859375 0
0.005859375 0.001953125
0.0078125 0
0.0078125 0.001953125
0.005859375 0.00390625
0.0078125 0.00390625
0.001953125 0.005859375
0 0.005859375
0.00390625 0.005859375
0.001953125 0.0078125
0 0.0078125
0.00390625 0.0078125
0.005859375 0.005859375
0.0078125 0.005859375
0.005859375 0.0078125
0.0078125 0.0078125
0.01171875 0
0.01171875 0.00390625
0.015625 0
0.015625 0.00390625
0.01171875 0.0078125
0.015625 0.0078125
0.00390625 0.01171875
0 0.01171875
0.0078125 0.01171875
0.00390625 0.015625
0 0.015625
0.0078125 0.015625
0.01171875 0.01171875
0.015625 0.01171875
0.01171875 0.015625
0.015625 0.015625
0.0234375 0
0.0234375 0.0078125
0.03125 0
0.03125 0.0078125
0.0234375 0.015625
0.03125 0.015625
0.0078125 0.0234375
0 0.0234375
0.015625 0.0234375
0.0078125 0.03125
0 0.03125
0.015625 0.03125
0.0234375 0.0234375
0.03125 0.0234375
0.0234375 0.03125
0.03125 0.03125
0.046875 0
0.046875 0.015625
0.0625 0
0.0625 0.015625
0.046875 0.03125
0.0625 0.03125
0.015625 0.046875
0 0.046875
0.03125 0.046875
0.015625 0.0625
0 0.0625
0.03125 0.0625
0.046875 0.046875
0.0625 0.046875
0.046875 0.0625
0.0625 0.0625
0.09375 0
0.09375 0.03125
0.125 0
0.125 0.03125
0.09375 0.0625
0.125 0.0625
0.03125 0.09375
0 0.09375
0.0625 0.09375
0.03125 0.125
0 0.125
0.0625 0.125
0.09375 0.09375
0.125 0.09375
0.09375 0.125
0.125 0.125
0.1875 0
0.1875 0.0625
0.25 0
0.25 0.0625
0.1875 0.125
0.25 0.125
0.0625 0.1875
0 0.1875
0.125 0.1875
0.0625 0.25
0 0.25
0.125 0.25
0.1875 0.1875
0.25 0.1875
0.1875 0.25
0.25 0.25
0.0625 0.3125
0 0.3125
0.125 0.3125
0.0625 0.375
0 0.375
0.125 0.375
0.1875 0.3125
0.25 0.3125
0.1875 0.375
0.25 0.375
0.0625 0.4375
0 0.4375
0.125 0.4375
0.0625 0.5
0 0.5
0.125 0.5
0.1875 0.4375
0.25 0.4375
0.1875 0.5
0.25 0.5
0.0625 0.5625
0 0.5625
0.125 0.5625
0.0625 0.625
0 0.625
0.125 0.625
0.1875 0.5625
0.25 0.5625
0.1875 0.625
0.25 0.625
0.0625 0.6875
0 0.6875
0.125 0.6875
0.0625 0.75
0 0.75
0.125 0.75
0.1875 0.6875
0.25 0.6875
0.1875 0.75
0.25 0.75
0.0625 0.8125
0 0.8125
0.125 0.8125
0.0625 0.875
0 0.875
0.125 0.875
0.1875 0.8125
0.25 0.8125
0.1875 0.875
0.25 0.875
0.0625 0.9375
0 0.9375
0.125 0.9375
0.0625 1
0 1
0.125 1
0.1875 0.9375
0.25 0.9375
0.1875 1
0.25 1
0.3125 0
0.3125 0.0625
0.375 0
0.375 0.0625
0.3125 0.125
0.375 0.125
0.4375 0
0.4375 0.0625
0.5 0
0.5 0.0625
0.4375 0.125
0.5 0.125
0.3125 0.1875
0.375 0.1875
0.3125 0.25
0.375 0.25
0.4375 0.1875
0.5 0.1875
0.4375 0.25
0.5 0.25
0.3125 0.3125
0.375 0.3125
0.3125 0.375
0.375 0.375
0.4375 0.3125
0.5 0.3125
0.4375 0.375
0.5 0.375
0.3125 0.4375
0.375 0.4375
0.3125 0.5
0.375 0.5
0.4375 0.4375
0.5 0.4375
0.4375 0.5
0.5 0.5
0.3125 0.5625
0.375 0.5625
0.3125 0.625
0.375 0.625
0.4375 0.5625
0.5 0.5625
0.4375 0.625
0.5 0.625
0.3125 0.6875
0.375 0.6875
0.3125 0.75
0.375 0.75
0.4375 0.6875
0.5 0.6875
0.4375 0.75
0.5 0.75
0.3125 0.8125
0.375 0.8125
0.3125 0.875
0.375 0.875
0.4375 0.8125
0.5 0.8125
0.4375 0.875
0.5 0.875
0.3125 0.9375
0.375 0.9375
0.3125 1
0.375 1
0.4375 0.9375
0.5 0.9375
0.4375 1
0.5 1
0.5625 0
0.5625 0.0625
0.625 0
0.625 0.0625
0.5625 0.125
0.625 0.125
0.6875 0
0.6875 0.0625
0.75 0
0.75 0.0625
0.6875 0.125
0.75 0.125
0.5625 0.1875
0.625 0.1875
0.5625 0.25
0.625 0.25
0.6875 0.1875
0.75 0.1875
0.6875 0.25
0.75 0.25
0.5625 0.3125
0.625 0.3125
0.5625 0.375
0.625 0.375
0.6875 0.3125
0.75 0.3125
0.6875 0.375
0.75 0.375
0.5625 0.4375
0.625 0.4375
0.5625 0.5
0.625 0.5
0.6875 0.4375
0.75 0.4375
0.6875 0.5
0.75 0.5
0.5625 0.5625
0.625 0.5625
0.5625 0.625
0.625 0.625
0.6875 0.5625
0.75 0.5625
0.6875 0.625
0.75 0.625
0.5625 0.6875
0.625 0.6875
0.5625 0.75
0.625 0.75
0.6875 0.6875
0.75 0.6875
0.6875 0.75
0.75 0.75
0.5625 0.8125
0.625 0.8125
0.5625 0.875
0.625 0.875
0.6875 0.8125
0.75 0.8125
0.6875 0.875
0.75 0.875
0.5625 0.9375
0.625 0.9375
0.5625 1
0.625 1
0.6875 0.9375
0.75 0.9375
0.6875 1
0.75 1
0.8125 0
0.8125 0.0625
0.875 0
0.875 0.0625
0.8125 0.125
0.875 0.125
0.9375 0
0.9375 0.0625
1 0
1 0.0625
0.9375 0.125
1 0.125
0.8125 0.1875
0.875 0.1875
0.8125 0.25
0.875 0.25
0.9375 0.1875
1 0.1875
0.9375 0.25
1 0.25
0.8125 0.3125
0.875 0.3125
0.8125 0.375
0.875 0.375
0.9375 0.3125
1 0.3125
0.9375 0.375
1 0.375
0.8125 0.4375
0.875 0.4375
0.8125 0.5
0.875 0.5
0.9375 0.4375
1 0.4375
0.9375 0.5
1 0.5
0.8125 0.5625
0.875 0.5625
0.8125 0.625
0.875 0.625
0.9375 0.5625
1 0.5625
0.9375 0.625
1 0.625
0.8125 0.6875
0.875 0.6875
0.8125 0.75
0.875 0.75
0.9375 0.6875
1 0.6875
0.9375 0.75
1 0.75
0.8125 0.8125
0.875 0.8125
0.8125 0.875
0.875 0.875
0.9375 0.8125
1 0.8125
0.9375 0.875
1 0.875
0.8125 0.9375
0.875 0.9375
0.8125 1
0.875 1
0.9375 0.9375
1 0.9375
0.9375 1
1 1
4 1 2 3 4
4 2 5 6 3
4 4 3 7 8
4 3 6 9 7
4 5 10 11 6
4 10 12 13 11
4 6 11 14 9
4 11 13 15 14
4 8 7 16 17
4 7 9 18 16
4 17 16 19 20
4 16 18 21 19
4 9 14 22 18
4 14 15 23 22
4 18 22 24 21
4 22 23 25 24
5 12 26 27 15 13
4 26 28 29 27
5 15 27 30 25 23
4 27 29 31 30
5 20 19 21 32 33
5 21 24 25 34 32
4 33 32 35 36
4 32 34 37 35
4 25 30 38 34
4 30 31 39 38
4 34 38 40 37
4 38 39 41 40
5 28 42 43 31 29
4 42 44 45 43
5 31 43 46 41 39
4 43 45 47 46
5 36 35 37 48 49
5 37 40 41 50 48
4 49 48 51 52
4 48 50 53 51
4 41 46 54 50
4 46 47 55 54
4 50 54 56 53
4 54 55 57 56
5 44 58 59 47 45
4 58 60 61 59
5 47 59 62 57 55
4 59 61 63 62
5 52 51 53 64 65
5 53 56 57 66 64
4 65 64 67 68
4 64 66 69 67
4 57 62 70 66
4 62 63 71 70
4 66 70 72 69
4 70 71 73 72
5 60 74 75 63 61
4 74 76 77 75
5 63 75 78 73 71
4 75 77 79 78
5 68 67 69 80 81
5 69 72 73 82 80
4 81 80 83 84
4 80 82 85 83
4 73 78 86 82
4 78 79 87 86
4 82 86 88 85
4 86 87 89 88
5 76 90 91 79 77
4 90 92 93 91
5 79 91 94 89 87
4 91 93 95 94
5 84 83 85 96 97
5 85 88 89 98 96
4 97 96 99 100
4 96 98 101 99
4 89 94 102 98
4 94 95 103 102
4 98 102 104 101
4 102 103 105 104
5 92 106 107 95 93
4 106 108 109 107
5 95 107 110 105 103
4 107 109 111 110
5 100 99 101 112 113
5 101 104 105 114 112
4 113 112 115 116
4 112 114 117 115
4 105 110 118 114
4 110 111 119 118
4 114 118 120 117
4 118 119 121 120
5 108 122 123 111 109
4 122 124 125 123
5 111 123 126 121 119
4 123 125 127 126
5 116 115 117 128 129
5 117 120 121 130 128
4 129 128 131 132
4 128 130 133 131
4 121 126 134 130
4 126 127 135 134
4 130 134 136 133
4 134 135 137 136
5 124 138 139 127 125
4 138 140 141 139
5 127 139 142 137 135
4 139 141 143 142
5 132 131 133 144 145
5 133 136 137 146 144
4 145 144 147 148
4 144 146 149 147
4 137 142 150 146
4 142 143 151 150
4 146 150 152 149
4 150 151 153 152
5 140 154 155 143 141
4 154 156 157 155
5 143 155 158 153 151
4 155 157 159 158
5 148 147 149 160 161
5 149 152 153 162 160
4 161 160 163 164
4 160 162 165 163
4 153 158 166 162
4 158 159 167 166
4 162 166 168 165
4 166 167 169 168
5 156 170 171 159 157
4 170 172 173 171
5 159 171 174 169 167
4 171 173 175 174
5 164 163 165 176 177
5 165 168 169 178 176
4 177 176 179 180
4 176 178 181 179
4 169 174 182 178
4 174 175 183 182
4 178 182 184 181
4 182 183 185 184
4 180 179 186 187
4 179 181 188 186
4 187 186 189 190
4 186 188 191 189
4 181 184 192 188
4 184 185 193 192
4 188 192 194 191
4 192 193 195 194
4 190 189 196 197
4 189 191 198 196
4 197 196 199 200
4 196 198 201 199
4 191 194 202 198
4 194 195 203 202
4 198 202 204 201
4 202 203 205 204
4 200 199 206 207
4 199 201 208 206
4 207 206 209 210
4 206 208 211 209
4 201 204 212 208
4 204 205 213 212
4 208 212 214 211
4 212 213 215 214
4 210 209 216 217
4 209 211 218 216
4 217 216 219 220
4 216 218 221 219
4 211 214 222 218
4 214 215 223 222
4 218 222 224 221
4 222 223 225 224
4 220 219 226 227
4 219 221 228 226
4 227 226 229 230
4 226 228 231 229
4 221 224 232 228
4 224 225 233 232
4 228 232 234 231
4 232 233 235 234
4 230 229 236 237
4 229 231 238 236
4 237 236 239 240
4 236 238 241 239
4 231 234 242 238
4 234 235 243 242
4 238 242 244 241
4 242 243 245 244
4 172 246 247 173
4 246 248 249 247
4 173 247 250 175
4 247 249 251 250
4 248 252 253 249
4 252 254 255 253
4 249 253 256 251
4 253 255 257 256
4 175 250 258 183
4 250 251 259 258
4 183 258 260 185
4 258 259 261 260
4 251 256 262 259
4 256 257 263 262
4 259 262 264 261
4 262 263 265 264
4 185 260 266 193
4 260 261 267 266
4 193 266 268 195
4 266 267 269 268
4 261 264 270 267
4 264 265 271 270
4 267 270 272 269
4 270 271 273 272
4 195 268 274 203
4 268 269 275 274
4 203 274 276 205
4 274 275 277 276
4 269 272 278 275
4 272 273 279 278
4 275 278 280 277
4 278 279 281 280
4 205 276 282 213
4 276 277 283 282
4 213 282 284 215
4 282 283 285 284
4 277 280 286 283
4 280 281 287 286
4 283 286 288 285
4 286 287 289 288
4 215 284 290 223
4 284 285 291 290
4 223 290 292 225
4 290 291 293 292
4 285 288 294 291
4 288 289 295 294
4 291 294 296 293
4 294 295 297 296
4 225 292 298 233
4 292 293 299 298
4 233 298 300 235
4 298 299 301 300
4 293 296 302 299
4 296 297 303 302
4 299 302 304 301
4 302 303 305 304
4 235 300 306 243
4 300 301 307 306
4 243 306 308 245
4 306 307 309 308
4 301 304 310 307
4 304 305 311 310
4 307 310 312 309
4 310 311 313 312
4 254 314 315 255
4 314 316 317 315
4 255 315 318 257
4 315 317 319 318
4 316 320 321 317
4 320 322 323 321
4 317 321 324 319
4 321 323 325 324
4 257 318 326 263
4 318 319 327 326
4 263 326 328 265
4 326 327 329 328
4 319 324 330 327
4 324 325 331 330
4 327 330 332 329
4 330 331 333 332
4 265 328 334 271
4 328 329 335 334
4 271 334 336 273
4 334 335 337 336
4 329 332 338 335
4 332 333 339 338
4 335 338 340 337
4 338 339 341 340
4 273 336 342 279
4 336 337 343 342
4 279 342 344 281
4 342 343 345 344
4 337 340 346 343
4 340 341 347 346
4 343 346 348 345
4 346 347 349 348
4 281 344 350 287
4 344 345 351 350
4 287 350 352 289
4 350 351 353 352
4 345 348 354 351
4 348 349 355 354
4 351 354 356 353
4 354 355 357 356
4 289 352 358 295
4 352 353 359 358
4 295 358 360 297
4 358 359 361 360
4 353 356 362 359
4 356 357 363 362
4 359 362 364 361
4 362 363 365 364
4 297 360 366 303
4 360 361 367 366
4 303 366 368 305
4 366 367 369 368
4 361 364 370 367
4 364 365 371 370
4 367 370 372 369
4 370 371 373 372
4 305 368 374 311
4 368 369 375 374
4 311 374 376 313
4 374 375 377 376
4 369 372 378 375
4 372 373 379 378
4 375 378 380 377
4 378 379 381 380
4 322 382 383 323
4 382 384 385 383
4 323 383 386 325
4 383 385 387 386
4 384 388 389 385
4 388 390 391 389
4 385 389 392 387
4 389 391 393 392
4 325 386 394 331
4 386 387 395 394
4 331 394 396 333
4 394 395 397 396
4 387 392 398 395
4 392 393 399 398
4 395 398 400 397
4 398 399 401 400
4 333 396 402 339
4 396 397 403 402
4 339 402 404 341
4 402 403 405 404
4 397 400 406 403
4 400 401 407 406
4 403 406 408 405
4 406 407 409 408
4 341 404 410 347
4 404 405 411 410
4 347 410 412 349
4 410 411 413 412
4 405 408 414 411
4 408 409 415 414
4 411 414 416 413
4 414 415 417 416
4 349 412 418 355
4 412 413 419 418
4 355 418 420 357
4 418 419 421 420
4 413 416 422 419
4 416 417 423 422
4 419 422 424 421
4 422 423 425 424
4 357 420 426 363
4 420 421 427 426
4 363 426 428 365
4 426 427 429 428
4 421 424 430 427
4 424 425 431 430
4 427 430 432 429
4 430 431 433 432
4 365 428 434 371
4 428 429 435 434
4 371 434 436 373
4 434 435 437 436
4 429 432 438 435
4 432 433 439 438
4 435 438 440 437
4 438 439 441 440
4 373 436 442 379
4 436 437 443 442
4 379 442 444 381
4 442 443 445 444
4 437 440 446 443
4 440 441 447 446
4 443 446 448 445
4 446 447 449 448
1 2 4 5 8 10 12 17 20 26 28 33 36 42 44 49 52 58 60 65 68 74 76 81 84 90 92 97 100 106 108 113 116 122 124 129 132 138 140 145 148 154 156 161 164 170 172 177 180 187 190 197 200 207 210 217 220 227 230 237 239 240 241 244 245 246 248 252 254 308 309 312 313 314 316 320 322 376 377 380 381 382 384 388 390 391 393 399 401 407 409 415 417 423 425 431 433 439 441 444 445 447 448 449
