1329 1204 1
0 0
9.5367431640625e-07 0
9.5367431640625e-07 9.5367431640625e-07
0 9.5367431640625e-07
1.9073486328125e-06 0
1.9073486328125e-06 9.5367431640625e-07
9.5367431640625e-07 1.9073486328125e-06
0 1.9073486328125e-06
1.9073486328125e-06 1.9073486328125e-06
2.86102294921875e-06 0
2.86102294921875e-06 9.5367431640625e-07
3.814697265625e-06 0
3.814697265625e-06 9.5367431640625e-07
2.86102294921875e-06 1.9073486328125e-06
3.814697265625e-06 1.9073486328125e-06
9.5367431640625e-07 2.86102294921875e-06
0 2.86102294921875e-06
1.9073486328125e-06 2.86102294921875e-06
9.5367431640625e-07 3.814697265625e-06
0 3.814697265625e-06
1.9073486328125e-06 3.814697265625e-06
2.86102294921875e-06 2.86102294921875e-06
3.814697265625e-06 2.86102294921875e-06
2.86102294921875e-06 3.814697265625e-06
3.814697265625e-06 3.814697265625e-06
5.7220458984375e-06 0
5.7220458984375e-06 1.9073486328125e-06
7.62939453125e-06 0
7.62939453125e-06 1.9073486328125e-06
5.7220458984375e-06 3.814697265625e-06
7.62939453125e-06 3.814697265625e-06
1.9073486328125e-06 5.7220458984375e-06
0 5.7220458984375e-06
3.814697265625e-06 5.7220458984375e-06
1.9073486328125e-06 7.62939453125e-06
0 7.62939453125e-06
3.814697265625e-06 7.62939453125e-06
5.7220458984375e-06 5.7220458984375e-06
7.62939453125e-06 5.7220458984375e-06
5.7220458984375e-06 7.62939453125e-06
7.62939453125e-06 7.62939453125e-06
1.1444091796875e-05 0
1.1444091796875e-05 3.814697265625e-06
1.52587890625e-05 0
1.52587890625e-05 3.814697265625e-06
1.1444091796875e-05 7.62939453125e-06
1.52587890625e-05 7.62939453125e-06
3.814697265625e-06 1.1444091796875e-05
0 1.1444091796875e-05
7.62939453125e-06 1.1444091796875e-05
3.814697265625e-06 1.52587890625e-05
0 1.52587890625e-05
7.62939453125e-06 1.52587890625e-05
1.1444091796875e-05 1.1444091796875e-05
1.52587890625e-05 1.1444091796875e-05
1.1444091796875e-05 1.52587890625e-05
1.52587890625e-05 1.52587890625e-05
2.288818359375e-05 0
2.288818359375e-05 7.62939453125e-06
3.0517578125e-05 0
3.0517578125e-05 7.62939453125e-06
2.288818359375e-05 1.52587890625e-05
3.0517578125e-05 1.52587890625e-05
7.62939453125e-06 2.288818359375e-05
0 2.288818359375e-05
1.52587890625e-05 2.288818359375e-05
7.62939453125e-06 3.0517578125e-05
0 3.0517578125e-05
1.52587890625e-05 3.0517578125e-05
2.288818359375e-05 2.288818359375e-05
3.0517578125e-05 2.288818359375e-05
2.288818359375e-05 3.0517578125e-05
3.0517578125e-05 3.0517578125e-05
4.57763671875e-05 0
4.57763671875e-05 1.52587890625e-05
6.103515625e-05 0
6.103515625e-05 1.52587890625e-05
4.57763671875e-05 3.0517578125e-05
6.103515625e-05 3.0517578125e-05
1.52587890625e-05 4.57763671875e-05
0 4.57763671875e-05
3.0517578125e-05 4.57763671875e-05
1.52587890625e-05 6.103515625e-05
0 6.103515625e-05
3.0517578125e-05 6.103515625e-05
4.57763671875e-05 4.57763671875e-05
6.103515625e-05 4.57763671875e-05
4.57763671875e-05 6.103515625e-05
6.103515625e-05 6.103515625e-05
9.1552734375e-05 0
9.1552734375e-05 3.0517578125e-05
0.0001220703125 0
0.0001220703125 3.0517578125e-05
9.1552734375e-05 6.103515625e-05
0.0001220703125 6.103515625e-05
3.0517578125e-05 9.1552734375e-05
0 9.1552734375e-05
6.103515625e-05 9.1552734375e-05
3.0517578125e-05 0.0001220703125
0 0.0001220703125
6.103515625e-05 0.0001220703125
9.1552734375e-05 9.1552734375e-05
0.0001220703125 9.1552734375e-05
9.1552734375e-05 0.0001220703125
0.0001220703125 0.0001220703125
0.00018310546875 0
0.00018310546875 6.103515625e-05
0.000244140625 0
0.000244140625 6.103515625e-05
0.00018310546875 0.0001220703125
0.000244140625 0.0001220703125
6.103515625e-05 0.00018310546875
0 0.00018310546875
0.0001220703125 0.00018310546875
6.103515625e-05 0.000244140625
0 0.000244140625
0.0001220703125 0.000244140625
0.00018310546875 0.00018310546875
0.000244140625 0.00018310546875
0.00018310546875 0.000244140625
0.000244140625 0.000244140625
0.0003662109375 0
0.0003662109375 0.0001220703125
0.00048828125 0
0.00048828125 0.0001220703125
0.0003662109375 0.000244140625
0.00048828125 0.000244140625
0.0001220703125 0.0003662109375
0 0.0003662109375
0.000244140625 0.0003662109375
0.0001220703125 0.00048828125
0 0.00048828125
0.000244140625 0.00048828125
0.0003662109375 0.0003662109375
0.00048828125 0.0003662109375
0.0003662109375 0.00048828125
0.00048828125 0.00048828125
0.000732421875 0
0.000732421875 0.000244140625
0.0009765625 0
0.0009765625 0.000244140625
0.000732421875 0.00048828125
0.0009765625 0.00048828125
0.000244140625 0.000732421875
0 0.000732421875
0.00048828125 0.000732421875
0.000244140625 0.0009765625
0 0.0009765625
0.00048828125 0.0009765625
0.000732421875 0.000732421875
0.0009765625 0.000732421875
0.000732421875 0.0009765625
0.0009765625 0.0009765625
0.00146484375 0
0.00146484375 0.00048828125
0.001953125 0
0.001953125 0.00048828125
0.00146484375 0.0009765625
0.001953125 0.0009765625
0.00048828125 0.00146484375
0 0.00146484375
0.0009765625 0.00146484375
0.00048828125 0.001953125
0 0.001953125
0.0009765625 0.001953125
0.00146484375 0.00146484375
0.001953125 0.00146484375
0.00146484375 0.001953125
0.001953125 0.001953125
0.0029296875 0
0.0029296875 0.0009765625
0.00390625 0
0.00390625 0.0009765625
0.0029296875 0.001953125
0.00390625 0.001953125
0.0009765625 0.0029296875
0 0.0029296875
0.001953125 0.0029296875
0.0009765625 0.00390625
0 0.00390625
0.001953125 0.00390625
0.0029296875 0.0029296875
0.00390625 0.0029296875
0.0029296875 0.00390625
0.00390625 0.00390625
0.005859375 0
0.005859375 0.001953125
0.0078125 0
0.0078125 0.001953125
0.005859375 0.00390625
0.0078125 0.00390625
0.001953125 0.005859375
0 0.005859375
0.00390625 0.005859375
0.001953125 0.0078125
0 0.0078125
0.00390625 0.0078125
0.005859375 0.005859375
0.0078125 0.005859375
0.005859375 0.0078125
0.0078125 0.0078125
0.01171875 0
0.01171875 0.00390625
0.015625 0
0.015625 0.00390625
0.01171875 0.0078125
0.015625 0.0078125
0.00390625 0.01171875
0 0.01171875
0.0078125 0.01171875
0.00390625 0.015625
0 0.015625
0.0078125 0.015625
0.01171875 0.01171875
0.015625 0.01171875
0.01171875 0.015625
0.015625 0.015625
0.0234375 0
0.0234375 0.0078125
0.03125 0
0.03125 0.0078125
0.0234375 0.015625
0.03125 0.015625
0.0078125 0.0234375
0 0.0234375
0.015625 0.0234375
0.0078125 0.03125
0 0.03125
0.015625 0.03125
0.0234375 0.0234375
0.03125 0.0234375
0.0234375 0.03125
0.03125 0.03125
0.046875 0
0.046875 0.015625
0.0625 0
0.0625 0.015625
0.046875 0.03125
0.0625 0.03125
0.015625 0.046875
0 0.046875
0.03125 0.046875
0.015625 0.0625
0 0.0625
0.03125 0.0625
0.046875 0.046875
0.0625 0.046875
0.046875 0.0625
0.0625 0.0625
0.09375 0
0.09375 0.03125
0.125 0
0.125 0.03125
0.09375 0.0625
0.125 0.0625
0.03125 0.09375
0 0.09375
0.0625 0.09375
0.03125 0.125
0 0.125
0.0625 0.125
0.09375 0.09375
0.125 0.09375
0.09375 0.125
0.125 0.125
0.15625 0
0.15625 0.03125
0.1875 0
0.1875 0.03125
0.15625 0.0625
0.1875 0.0625
0.21875 0
0.21875 0.03125
0.25 0
0.25 0.03125
0.21875 0.0625
0.25 0.0625
0.15625 0.09375
0.1875 0.09375
0.15625 0.125
0.1875 0.125
0.21875 0.09375
0.25 0.09375
0.21875 0.125
0.25 0.125
0.03125 0.15625
0 0.15625
0.0625 0.15625
0.03125 0.1875
0 0.1875
0.0625 0.1875
0.09375 0.15625
0.125 0.15625
0.09375 0.1875
0.125 0.1875
0.03125 0.21875
0 0.21875
0.0625 0.21875
0.03125 0.25
0 0.25
0.0625 0.25
0.09375 0.21875
0.125 0.21875
0.09375 0.25
0.125 0.25
0.15625 0.15625
0.1875 0.15625
0.15625 0.1875
0.1875 0.1875
0.21875 0.15625
0.25 0.15625
0.21875 0.1875
0.25 0.1875
0.15625 0.21875
0.1875 0.21875
0.15625 0.25
0.1875 0.25
0.21875 0.21875
0.25 0.21875
0.21875 0.25
0.25 0.25
0.03125 0.28125
0 0.28125
0.0625 0.28125
0.03125 0.3125
0 0.3125
0.0625 0.3125
0.09375 0.28125
0.125 0.28125
0.09375 0.3125
0.125 0.3125
0.03125 0.34375
0 0.34375
0.0625 0.34375
0.03125 0.375
0 0.375
0.0625 0.375
0.09375 0.34375
0.125 0.34375
0.09375 0.375
0.125 0.375
0.15625 0.28125
0.1875 0.28125
0.15625 0.3125
0.1875 0.3125
0.21875 0.28125
0.25 0.28125
0.21875 0.3125
0.25 0.3125
0.15625 0.34375
0.1875 0.34375
0.15625 0.375
0.1875 0.375
0.21875 0.34375
0.25 0.34375
0.21875 0.375
0.25 0.375
0.03125 0.40625
0 0.40625
0.0625 0.40625
0.03125 0.4375
0 0.4375
0.0625 0.4375
0.09375 0.40625
0.125 0.40625
0.09375 0.4375
0.125 0.4375
0.03125 0.46875
0 0.46875
0.0625 0.46875
0.03125 0.5
0 0.5
0.0625 0.5
0.09375 0.46875
0.125 0.46875
0.09375 0.5
0.125 0.5
0.15625 0.40625
0.1875 0.40625
0.15625 0.4375
0.1875 0.4375
0.21875 0.40625
0.25 0.40625
0.21875 0.4375
0.25 0.4375
0.15625 0.46875
0.1875 0.46875
0.15625 0.5
0.1875 0.5
0.21875 0.46875
0.25 0.46875
0.21875 0.5
0.25 0.5
0.03125 0.53125
0 0.53125
0.0625 0.53125
0.03125 0.5625
0 0.5625
0.0625 0.5625
0.09375 0.53125
0.125 0.53125
0.09375 0.5625
0.125 0.5625
0.03125 0.59375
0 0.59375
0.0625 0.59375
0.03125 0.625
0 0.625
0.0625 0.625
0.09375 0.59375
0.125 0.59375
0.09375 0.625
0.125 0.625
0.15625 0.53125
0.1875 0.53125
0.15625 0.5625
0.1875 0.5625
0.21875 0.53125
0.25 0.53125
0.21875 0.5625
0.25 0.5625
0.15625 0.59375
0.1875 0.59375
0.15625 0.625
0.1875 0.625
0.21875 0.59375
0.25 0.59375
0.21875 0.625
0.25 0.625
0.03125 0.65625
0 0.65625
0.0625 0.65625
0.03125 0.6875
0 0.6875
0.0625 0.6875
0.09375 0.65625
0.125 0.65625
0.09375 0.6875
0.125 0.6875
0.03125 0.71875
0 0.71875
0.0625 0.71875
0.03125 0.75
0 0.75
0.0625 0.75
0.09375 0.71875
0.125 0.71875
0.09375 0.75
0.125 0.75
0.15625 0.65625
0.1875 0.65625
0.15625 0.6875
0.1875 0.6875
0.21875 0.65625
0.25 0.65625
0.21875 0.6875
0.25 0.6875
0.15625 0.71875
0.1875 0.71875
0.15625 0.75
0.1875 0.75
0.21875 0.71875
0.25 0.71875
0.21875 0.75
0.25 0.75
0.03125 0.78125
0 0.78125
0.0625 0.78125
0.03125 0.8125
0 0.8125
0.0625 0.8125
0.09375 0.78125
0.125 0.78125
0.09375 0.8125
0.125 0.8125
0.03125 0.84375
0 0.84375
0.0625 0.84375
0.03125 0.875
0 0.875
0.0625 0.875
0.09375 0.84375
0.125 0.84375
0.09375 0.875
0.125 0.875
0.15625 0.78125
0.1875 0.78125
0.15625 0.8125
0.1875 0.8125
0.21875 0.78125
0.25 0.78125
0.21875 0.8125
0.25 0.8125
0.15625 0.84375
0.1875 0.84375
0.15625 0.875
0.1875 0.875
0.21875 0.84375
0.25 0.84375
0.21875 0.875
0.25 0.875
0.03125 0.90625
0 0.90625
0.0625 0.90625
0.03125 0.9375
0 0.9375
0.0625 0.9375
0.09375 0.90625
0.125 0.90625
0.09375 0.9375
0.125 0.9375
0.03125 0.96875
0 0.96875
0.0625 0.96875
0.03125 1
0 1
0.0625 1
0.09375 0.96875
0.125 0.96875
0.09375 1
0.125 1
0.15625 0.90625
0.1875 0.90625
0.15625 0.9375
0.1875 0.9375
0.21875 0.90625
0.25 0.90625
0.21875 0.9375
0.25 0.9375
0.15625 0.96875
0.1875 0.96875
0.15625 1
0.1875 1
0.21875 0.96875
0.25 0.96875
0.21875 1
0.25 1
0.28125 0
0.28125 0.03125
0.3125 0
0.3125 0.03125
0.28125 0.0625
0.3125 0.0625
0.34375 0
0.34375 0.03125
0.375 0
0.375 0.03125
0.34375 0.0625
0.375 0.0625
0.28125 0.09375
0.3125 0.09375
0.28125 0.125
0.3125 0.125
0.34375 0.09375
0.375 0.09375
0.34375 0.125
0.375 0.125
0.40625 0
0.40625 0.03125
0.4375 0
0.4375 0.03125
0.40625 0.0625
0.4375 0.0625
0.46875 0
0.46875 0.03125
0.5 0
0.5 0.03125
0.46875 0.0625
0.5 0.0625
0.40625 0.09375
0.4375 0.09375
0.40625 0.125
0.4375 0.125
0.46875 0.09375
0.5 0.09375
0.46875 0.125
0.5 0.125
0.28125 0.15625
0.3125 0.15625
0.28125 0.1875
0.3125 0.1875
0.34375 0.15625
0.375 0.15625
0.34375 0.1875
0.375 0.1875
0.28125 0.21875
0.3125 0.21875
0.28125 0.25
0.3125 0.25
0.34375 0.21875
0.375 0.21875
0.34375 0.25
0.375 0.25
0.40625 0.15625
0.4375 0.15625
0.40625 0.1875
0.4375 0.1875
0.46875 0.15625
0.5 0.15625
0.46875 0.1875
0.5 0.1875
0.40625 0.21875
0.4375 0.21875
0.40625 0.25
0.4375 0.25
0.46875 0.21875
0.5 0.21875
0.46875 0.25
0.5 0.25
0.28125 0.28125
0.3125 0.28125
0.28125 0.3125
0.3125 0.3125
0.34375 0.28125
0.375 0.28125
0.34375 0.3125
0.375 0.3125
0.28125 0.34375
0.3125 0.34375
0.28125 0.375
0.3125 0.375
0.34375 0.34375
0.375 0.34375
0.34375 0.375
0.375 0.375
0.40625 0.28125
0.4375 0.28125
0.40625 0.3125
0.4375 0.3125
0.46875 0.28125
0.5 0.28125
0.46875 0.3125
0.5 0.3125
0.40625 0.34375
0.4375 0.34375
0.40625 0.375
0.4375 0.375
0.46875 0.34375
0.5 0.34375
0.46875 0.375
0.5 0.375
0.28125 0.40625
0.3125 0.40625
0.28125 0.4375
0.3125 0.4375
0.34375 0.40625
0.375 0.40625
0.34375 0.4375
0.375 0.4375
0.28125 0.46875
0.3125 0.46875
0.28125 0.5
0.3125 0.5
0.34375 0.46875
0.375 0.46875
0.34375 0.5
0.375 0.5
0.40625 0.40625
0.4375 0.40625
0.40625 0.4375
0.4375 0.4375
0.46875 0.40625
0.5 0.40625
0.46875 0.4375
0.5 0.4375
0.40625 0.46875
0.4375 0.46875
0.40625 0.5
0.4375 0.5
0.46875 0.46875
0.5 0.46875
0.46875 0.5
0.5 0.5
0.28125 0.53125
0.3125 0.53125
0.28125 0.5625
0.3125 0.5625
0.34375 0.53125
0.375 0.53125
0.34375 0.5625
0.375 0.5625
0.28125 0.59375
0.3125 0.59375
0.28125 0.625
0.3125 0.625
0.34375 0.59375
0.375 0.59375
0.34375 0.625
0.375 0.625
0.40625 0.53125
0.4375 0.53125
0.40625 0.5625
0.4375 0.5625
0.46875 0.53125
0.5 0.53125
0.46875 0.5625
0.5 0.5625
0.40625 0.59375
0.4375 0.59375
0.40625 0.625
0.4375 0.625
0.46875 0.59375
0.5 0.59375
0.46875 0.625
0.5 0.625
0.28125 0.65625
0.3125 0.65625
0.28125 0.6875
0.3125 0.6875
0.34375 0.65625
0.375 0.65625
0.34375 0.6875
0.375 0.6875
0.28125 0.71875
0.3125 0.71875
0.28125 0.75
0.3125 0.75
0.34375 0.71875
0.375 0.71875
0.34375 0.75
0.375 0.75
0.40625 0.65625
0.4375 0.65625
0.40625 0.6875
0.4375 0.6875
0.46875 0.65625
0.5 0.65625
0.46875 0.6875
0.5 0.6875
0.40625 0.71875
0.4375 0.71875
0.40625 0.75
0.4375 0.75
0.46875 0.71875
0.5 0.71875
0.46875 0.75
0.5 0.75
0.28125 0.78125
0.3125 0.78125
0.28125 0.8125
0.3125 0.8125
0.34375 0.78125
0.375 0.78125
0.34375 0.8125
0.375 0.8125
0.28125 0.84375
0.3125 0.84375
0.28125 0.875
0.3125 0.875
0.34375 0.84375
0.375 0.84375
0.34375 0.875
0.375 0.875
0.40625 0.78125
0.4375 0.78125
0.40625 0.8125
0.4375 0.8125
0.46875 0.78125
0.5 0.78125
0.46875 0.8125
0.5 0.8125
0.40625 0.84375
0.4375 0.84375
0.40625 0.875
0.4375 0.875
0.46875 0.84375
0.5 0.84375
0.46875 0.875
0.5 0.875
0.28125 0.90625
0.3125 0.90625
0.28125 0.9375
0.3125 0.9375
0.34375 0.90625
0.375 0.90625
0.34375 0.9375
0.375 0.9375
0.28125 0.96875
0.3125 0.96875
0.28125 1
0.3125 1
0.34375 0.96875
0.375 0.96875
0.34375 1
0.375 1
0.40625 0.90625
0.4375 0.90625
0.40625 0.9375
0.4375 0.9375
0.46875 0.90625
0.5 0.90625
0.46875 0.9375
0.5 0.9375
0.40625 0.96875
0.4375 0.96875
0.40625 1
0.4375 1
0.46875 0.96875
0.5 0.96875
0.46875 1
0.5 1
0.53125 0
0.53125 0.03125
0.5625 0
0.5625 0.03125
0.53125 0.0625
0.5625 0.0625
0.59375 0
0.59375 0.03125
0.625 0
0.625 0.03125
0.59375 0.0625
0.625 0.0625
0.53125 0.09375
0.5625 0.09375
0.53125 0.125
0.5625 0.125
0.59375 0.09375
0.625 0.09375
0.59375 0.125
0.625 0.125
0.65625 0
0.65625 0.03125
0.6875 0
0.6875 0.03125
0.65625 0.0625
0.6875 0.0625
0.71875 0
0.71875 0.03125
0.75 0
0.75 0.03125
0.71875 0.0625
0.75 0.0625
0.65625 0.09375
0.6875 0.09375
0.65625 0.125
0.6875 0.125
0.71875 0.09375
0.75 0.09375
0.71875 0.125
0.75 0.125
0.53125 0.15625
0.5625 0.15625
0.53125 0.1875
0.5625 0.1875
0.59375 0.15625
0.625 0.15625
0.59375 0.1875
0.625 0.1875
0.53125 0.21875
0.5625 0.21875
0.53125 0.25
0.5625 0.25
0.59375 0.21875
0.625 0.21875
0.59375 0.25
0.625 0.25
0.65625 0.15625
0.6875 0.15625
0.65625 0.1875
0.6875 0.1875
0.71875 0.15625
0.75 0.15625
0.71875 0.1875
0.75 0.1875
0.65625 0.21875
0.6875 0.21875
0.65625 0.25
0.6875 0.25
0.71875 0.21875
0.75 0.21875
0.71875 0.25
0.75 0.25
0.53125 0.28125
0.5625 0.28125
0.53125 0.3125
0.5625 0.3125
0.59375 0.28125
0.625 0.28125
0.59375 0.3125
0.625 0.3125
0.53125 0.34375
0.5625 0.34375
0.53125 0.375
0.5625 0.375
0.59375 0.34375
0.625 0.34375
0.59375 0.375
0.625 0.375
0.65625 0.28125
0.6875 0.28125
0.65625 0.3125
0.6875 0.3125
0.71875 0.28125
0.75 0.28125
0.71875 0.3125
0.75 0.3125
0.65625 0.34375
0.6875 0.34375
0.65625 0.375
0.6875 0.375
0.71875 0.34375
0.75 0.34375
0.71875 0.375
0.75 0.375
0.53125 0.40625
0.5625 0.40625
0.53125 0.4375
0.5625 0.4375
0.59375 0.40625
0.625 0.40625
0.59375 0.4375
0.625 0.4375
0.53125 0.46875
0.5625 0.46875
0.53125 0.5
0.5625 0.5
0.59375 0.46875
0.625 0.46875
0.59375 0.5
0.625 0.5
0.65625 0.40625
0.6875 0.40625
0.65625 0.4375
0.6875 0.4375
0.71875 0.40625
0.75 0.40625
0.71875 0.4375
0.75 0.4375
0.65625 0.46875
0.6875 0.46875
0.65625 0.5
0.6875 0.5
0.71875 0.46875
0.75 0.46875
0.71875 0.5
0.75 0.5
0.53125 0.53125
0.5625 0.53125
0.53125 0.5625
0.5625 0.5625
0.59375 0.53125
0.625 0.53125
0.59375 0.5625
0.625 0.5625
0.53125 0.59375
0.5625 0.59375
0.53125 0.625
0.5625 0.625
0.59375 0.59375
0.625 0.59375
0.59375 0.625
0.625 0.625
0.65625 0.53125
0.6875 0.53125
0.65625 0.5625
0.6875 0.5625
0.71875 0.53125
0.75 0.53125
0.71875 0.5625
0.75 0.5625
0.65625 0.59375
0.6875 0.59375
0.65625 0.625
0.6875 0.625
0.71875 0.59375
0.75 0.59375
0.71875 0.625
0.75 0.625
0.53125 0.65625
0.5625 0.65625
0.53125 0.6875
0.5625 0.6875
0.59375 0.65625
0.625 0.65625
0.59375 0.6875
0.625 0.6875
0.53125 0.71875
0.5625 0.71875
0.53125 0.75
0.5625 0.75
0.59375 0.71875
0.625 0.71875
0.59375 0.75
0.625 0.75
0.65625 0.65625
0.6875 0.65625
0.65625 0.6875
0.6875 0.6875
0.71875 0.65625
0.75 0.65625
0.71875 0.6875
0.75 0.6875
0.65625 0.71875
0.6875 0.71875
0.65625 0.75
0.6875 0.75
0.71875 0.71875
0.75 0.71875
0.71875 0.75
0.75 0.75
0.53125 0.78125
0.5625 0.78125
0.53125 0.8125
0.5625 0.8125
0.59375 0.78125
0.625 0.78125
0.59375 0.8125
0.625 0.8125
0.53125 0.84375
0.5625 0.84375
0.53125 0.875
0.5625 0.875
0.59375 0.84375
0.625 0.84375
0.59375 0.875
0.625 0.875
0.65625 0.78125
0.6875 0.78125
0.65625 0.8125
0.6875 0.8125
0.71875 0.78125
0.75 0.78125
0.71875 0.8125
0.75 0.8125
0.65625 0.84375
0.6875 0.84375
0.65625 0.875
0.6875 0.875
0.71875 0.84375
0.75 0.84375
0.71875 0.875
0.75 0.875
0.53125 0.90625
0.5625 0.90625
0.53125 0.9375
0.5625 0.9375
0.59375 0.90625
0.625 0.90625
0.59375 0.9375
0.625 0.9375
0.53125 0.96875
0.5625 0.96875
0.53125 1
0.5625 1
0.59375 0.96875
0.625 0.96875
0.59375 1
0.625 1
0.65625 0.90625
0.6875 0.90625
0.65625 0.9375
0.6875 0.9375
0.71875 0.90625
0.75 0.90625
0.71875 0.9375
0.75 0.9375
0.65625 0.96875
0.6875 0.96875
0.65625 1
0.6875 1
0.71875 0.96875
0.75 0.96875
0.71875 1
0.75 1
0.78125 0
0.78125 0.03125
0.8125 0
0.8125 0.03125
0.78125 0.0625
0.8125 0.0625
0.84375 0
0.84375 0.03125
0.875 0
0.875 0.03125
0.84375 0.0625
0.875 0.0625
0.78125 0.09375
0.8125 0.09375
0.78125 0.125
0.8125 0.125
0.84375 0.09375
0.875 0.09375
0.84375 0.125
0.875 0.125
0.90625 0
0.90625 0.03125
0.9375 0
0.9375 0.03125
0.90625 0.0625
0.9375 0.0625
0.96875 0
0.96875 0.03125
1 0
1 0.03125
0.96875 0.0625
1 0.0625
0.90625 0.09375
0.9375 0.09375
0.90625 0.125
0.9375 0.125
0.96875 0.09375
1 0.09375
0.96875 0.125
1 0.125
0.78125 0.15625
0.8125 0.15625
0.78125 0.1875
0.8125 0.1875
0.84375 0.15625
0.875 0.15625
0.84375 0.1875
0.875 0.1875
0.78125 0.21875
0.8125 0.21875
0.78125 0.25
0.8125 0.25
0.84375 0.21875
0.875 0.21875
0.84375 0.25
0.875 0.25
0.90625 0.15625
0.9375 0.15625
0.90625 0.1875
0.9375 0.1875
0.96875 0.15625
1 0.15625
0.96875 0.1875
1 0.1875
0.90625 0.21875
0.9375 0.21875
0.90625 0.25
0.9375 0.25
0.96875 0.21875
1 0.21875
0.96875 0.25
1 0.25
0.78125 0.28125
0.8125 0.28125
0.78125 0.3125
0.8125 0.3125
0.84375 0.28125
0.875 0.28125
0.84375 0.3125
0.875 0.3125
0.78125 0.34375
0.8125 0.34375
0.78125 0.375
0.8125 0.375
0.84375 0.34375
0.875 0.34375
0.84375 0.375
0.875 0.375
0.90625 0.28125
0.9375 0.28125
0.90625 0.3125
0.9375 0.3125
0.96875 0.28125
1 0.28125
0.96875 0.3125
1 0.3125
0.90625 0.34375
0.9375 0.34375
0.90625 0.375
0.9375 0.375
0.96875 0.34375
1 0.34375
0.96875 0.375
1 0.375
0.78125 0.40625
0.8125 0.40625
0.78125 0.4375
0.8125 0.4375
0.84375 0.40625
0.875 0.40625
0.84375 0.4375
0.875 0.4375
0.78125 0.46875
0.8125 0.46875
0.78125 0.5
0.8125 0.5
0.84375 0.46875
0.875 0.46875
0.84375 0.5
0.875 0.5
0.90625 0.40625
0.9375 0.40625
0.90625 0.4375
0.9375 0.4375
0.96875 0.40625
1 0.40625
0.96875 0.4375
1 0.4375
0.90625 0.46875
0.9375 0.46875
0.90625 0.5
0.9375 0.5
0.96875 0.46875
1 0.46875
0.96875 0.5
1 0.5
0.78125 0.53125
0.8125 0.53125
0.78125 0.5625
0.8125 0.5625
0.84375 0.53125
0.875 0.53125
0.84375 0.5625
0.875 0.5625
0.78125 0.59375
0.8125 0.59375
0.78125 0.625
0.8125 0.625
0.84375 0.59375
0.875 0.59375
0.84375 0.625
0.875 0.625
0.90625 0.53125
0.9375 0.53125
0.90625 0.5625
0.9375 0.5625
0.96875 0.53125
1 0.53125
0.96875 0.5625
1 0.5625
0.90625 0.59375
0.9375 0.59375
0.90625 0.625
0.9375 0.625
0.96875 0.59375
1 0.59375
0.96875 0.625
1 0.625
0.78125 0.65625
0.8125 0.65625
0.78125 0.6875
0.8125 0.6875
0.84375 0.65625
0.875 0.65625
0.84375 0.6875
0.875 0.6875
0.78125 0.71875
0.8125 0.71875
0.78125 0.75
0.8125 0.75
0.84375 0.71875
0.875 0.71875
0.84375 0.75
0.875 0.75
0.90625 0.65625
0.9375 0.65625
0.90625 0.6875
0.9375 0.6875
0.96875 0.65625
1 0.65625
0.96875 0.6875
1 0.6875
0.90625 0.71875
0.9375 0.71875
0.90625 0.75
0.9375 0.75
0.96875 0.71875
1 0.71875
0.96875 0.75
1 0.75
0.78125 0.78125
0.8125 0.78125
0.78125 0.8125
0.8125 0.8125
0.84375 0.78125
0.875 0.78125
0.84375 0.8125
0.875 0.8125
0.78125 0.84375
0.8125 0.84375
0.78125 0.875
0.8125 0.875
0.84375 0.84375
0.875 0.84375
0.84375 0.875
0.875 0.875
0.90625 0.78125
0.9375 0.78125
0.90625 0.8125
0.9375 0.8125
0.96875 0.78125
1 0.78125
0.96875 0.8125
1 0.8125
0.90625 0.84375
0.9375 0.84375
0.90625 0.875
0.9375 0.875
0.96875 0.84375
1 0.84375
0.96875 0.875
1 0.875
0.78125 0.90625
0.8125 0.90625
0.78125 0.9375
0.8125 0.9375
0.84375 0.90625
0.875 0.90625
0.84375 0.9375
0.875 0.9375
0.78125 0.96875
0.8125 0.96875
0.78125 1
0.8125 1
0.84375 0.96875
0.875 0.96875
0.84375 1
0.875 1
0.90625 0.90625
0.9375 0.90625
0.90625 0.9375
0.9375 0.9375
0.96875 0.90625
1 0.90625
0.96875 0.9375
1 0.9375
0.90625 0.96875
0.9375 0.96875
0.90625 1
0.9375 1
0.96875 0.96875
1 0.96875
0.96875 1
1 1
4 1 2 3 4
4 2 5 6 3
4 4 3 7 8
4 3 6 9 7
4 5 10 11 6
4 10 12 13 11
4 6 11 14 9
4 11 13 15 14
4 8 7 16 17
4 7 9 18 16
4 17 16 19 20
4 16 18 21 19
4 9 14 22 18
4 14 15 23 22
4 18 22 24 21
4 22 23 25 24
5 12 26 27 15 13
4 26 28 29 27
5 15 27 30 25 23
4 27 29 31 30
5 20 19 21 32 33
5 21 24 25 34 32
4 33 32 35 36
4 32 34 37 35
4 25 30 38 34
4 30 31 39 38
4 34 38 40 37
4 38 39 41 40
5 28 42 43 31 29
4 42 44 45 43
5 31 43 46 41 39
4 43 45 47 46
5 36 35 37 48 49
5 37 40 41 50 48
4 49 48 51 52
4 48 50 53 51
4 41 46 54 50
4 46 47 55 54
4 50 54 56 53
4 54 55 57 56
5 44 58 59 47 45
4 58 60 61 59
5 47 59 62 57 55
4 59 61 63 62
5 52 51 53 64 65
5 53 56 57 66 64
4 65 64 67 68
4 64 66 69 67
4 57 62 70 66
4 62 63 71 70
4 66 70 72 69
4 70 71 73 72
5 60 74 75 63 61
4 74 76 77 75
5 63 75 78 73 71
4 75 77 79 78
5 68 67 69 80 81
5 69 72 73 82 80
4 81 80 83 84
4 80 82 85 83
4 73 78 86 82
4 78 79 87 86
4 82 86 88 85
4 86 87 89 88
5 76 90 91 79 77
4 90 92 93 91
5 79 91 94 89 87
4 91 93 95 94
5 84 83 85 96 97
5 85 88 89 98 96
4 97 96 99 100
4 96 98 101 99
4 89 94 102 98
4 94 95 103 102
4 98 102 104 101
4 102 103 105 104
5 92 106 107 95 93
4 106 108 109 107
5 95 107 110 105 103
4 107 109 111 110
5 100 99 101 112 113
5 101 104 105 114 112
4 113 112 115 116
4 112 114 117 115
4 105 110 118 114
4 110 111 119 118
4 114 118 120 117
4 118 119 121 120
5 108 122 123 111 109
4 122 124 125 123
5 111 123 126 121 119
4 123 125 127 126
5 116 115 117 128 129
5 117 120 121 130 128
4 129 128 131 132
4 128 130 133 131
4 121 126 134 130
4 126 127 135 134
4 130 134 136 133
4 134 135 137 136
5 124 138 139 127 125
4 138 140 141 139
5 127 139 142 137 135
4 139 141 143 142
5 132 131 133 144 145
5 133 136 137 146 144
4 145 144 147 148
4 144 146 149 147
4 137 142 150 146
4 142 143 151 150
4 146 150 152 149
4 150 151 153 152
5 140 154 155 143 141
4 154 156 157 155
5 143 155 158 153 151
4 155 157 159 158
5 148 147 149 160 161
5 149 152 153 162 160
4 161 160 163 164
4 160 162 165 163
4 153 158 166 162
4 158 159 167 166
4 162 166 168 165
4 166 167 169 168
5 156 170 171 159 157
4 170 172 173 171
5 159 171 174 169 167
4 171 173 175 174
5 164 163 165 176 177
5 165 168 169 178 176
4 177 176 179 180
4 176 178 181 179
4 169 174 182 178
4 174 175 183 182
4 178 182 184 181
4 182 183 185 184
5 172 186 187 175 173
4 186 188 189 187
5 175 187 190 185 183
4 187 189 191 190
5 180 179 181 192 193
5 181 184 185 194 192
4 193 192 195 196
4 192 194 197 195
4 185 190 198 194
4 190 191 199 198
4 194 198 200 197
4 198 199 201 200
5 188 202 203 191 189
4 202 204 205 203
5 191 203 206 201 199
4 203 205 207 206
5 196 195 197 208 209
5 197 200 201 210 208
4 209 208 211 212
4 208 210 213 211
4 201 206 214 210
4 206 207 215 214
4 210 214 216 213
4 214 215 217 216
5 204 218 219 207 205
4 218 220 221 219
5 207 219 222 217 215
4 219 221 223 222
5 212 211 213 224 225
5 213 216 217 226 224
4 225 224 227 228
4 224 226 229 227
4 217 222 230 226
4 222 223 231 230
4 226 230 232 229
4 230 231 233 232
5 220 234 235 223 221
4 234 236 237 235
5 223 235 238 233 231
4 235 237 239 238
5 228 227 229 240 241
5 229 232 233 242 240
4 241 240 243 244
4 240 242 245 243
4 233 238 246 242
4 238 239 247 246
4 242 246 248 245
4 246 247 249 248
5 236 250 251 239 237
4 250 252 253 251
5 239 251 254 249 247
4 251 253 255 254
5 244 243 245 256 257
5 245 248 249 258 256
4 257 256 259 260
4 256 258 261 259
4 249 254 262 258
4 254 255 263 262
4 258 262 264 261
4 262 263 265 264
4 252 266 267 253
4 266 268 269 267
4 253 267 270 255
4 267 269 271 270
4 268 272 273 269
4 272 274 275 273
4 269 273 276 271
4 273 275 277 276
4 255 270 278 263
4 270 271 279 278
4 263 278 280 265
4 278 279 281 280
4 271 276 282 279
4 276 277 283 282
4 279 282 284 281
4 282 283 285 284
4 260 259 286 287
4 259 261 288 286
4 287 286 289 290
4 286 288 291 289
4 261 264 292 288
4 264 265 293 292
4 288 292 294 291
4 292 293 295 294
4 290 289 296 297
4 289 291 298 296
4 297 296 299 300
4 296 298 301 299
4 291 294 302 298
4 294 295 303 302
4 298 302 304 301
4 302 303 305 304
4 265 280 306 293
4 280 281 307 306
4 293 306 308 295
4 306 307 309 308
4 281 284 310 307
4 284 285 311 310
4 307 310 312 309
4 310 311 313 312
4 295 308 314 303
4 308 309 315 314
4 303 314 316 305
4 314 315 317 316
4 309 312 318 315
4 312 313 319 318
4 315 318 320 317
4 318 319 321 320
4 300 299 322 323
4 299 301 324 322
4 323 322 325 326
4 322 324 327 325
4 301 304 328 324
4 304 305 329 328
4 324 328 330 327
4 328 329 331 330
4 326 325 332 333
4 325 327 334 332
4 333 332 335 336
4 332 334 337 335
4 327 330 338 334
4 330 331 339 338
4 334 338 340 337
4 338 339 341 340
4 305 316 342 329
4 316 317 343 342
4 329 342 344 331
4 342 343 345 344
4 317 320 346 343
4 320 321 347 346
4 343 346 348 345
4 346 347 349 348
4 331 344 350 339
4 344 345 351 350
4 339 350 352 341
4 350 351 353 352
4 345 348 354 351
4 348 349 355 354
4 351 354 356 353
4 354 355 357 356
4 336 335 358 359
4 335 337 360 358
4 359 358 361 362
4 358 360 363 361
4 337 340 364 360
4 340 341 365 364
4 360 364 366 363
4 364 365 367 366
4 362 361 368 369
4 361 363 370 368
4 369 368 371 372
4 368 370 373 371
4 363 366 374 370
4 366 367 375 374
4 370 374 376 373
4 374 375 377 376
4 341 352 378 365
4 352 353 379 378
4 365 378 380 367
4 378 379 381 380
4 353 356 382 379
4 356 357 383 382
4 379 382 384 381
4 382 383 385 384
4 367 380 386 375
4 380 381 387 386
4 375 386 388 377
4 386 387 389 388
4 381 384 390 387
4 384 385 391 390
4 387 390 392 389
4 390 391 393 392
4 372 371 394 395
4 371 373 396 394
4 395 394 397 398
4 394 396 399 397
4 373 376 400 396
4 376 377 401 400
4 396 400 402 399
4 400 401 403 402
4 398 397 404 405
4 397 399 406 404
4 405 404 407 408
4 404 406 409 407
4 399 402 410 406
4 402 403 411 410
4 406 410 412 409
4 410 411 413 412
4 377 388 414 401
4 388 389 415 414
4 401 414 416 403
4 414 415 417 416
4 389 392 418 415
4 392 393 419 418
4 415 418 420 417
4 418 419 421 420
4 403 416 422 411
4 416 417 423 422
4 411 422 424 413
4 422 423 425 424
4 417 420 426 423
4 420 421 427 426
4 423 426 428 425
4 426 427 429 428
4 408 407 430 431
4 407 409 432 430
4 431 430 433 434
4 430 432 435 433
4 409 412 436 432
4 412 413 437 436
4 432 436 438 435
4 436 437 439 438
4 434 433 440 441
4 433 435 442 440
4 441 440 443 444
4 440 442 445 443
4 435 438 446 442
4 438 439 447 446
4 442 446 448 445
4 446 447 449 448
4 413 424 450 437
4 424 425 451 450
4 437 450 452 439
4 450 451 453 452
4 425 428 454 451
4 428 429 455 454
4 451 454 456 453
4 454 455 457 456
4 439 452 458 447
4 452 453 459 458
4 447 458 460 449
4 458 459 461 460
4 453 456 462 459
4 456 457 463 462
4 459 462 464 461
4 462 463 465 464
4 444 443 466 467
4 443 445 468 466
4 467 466 469 470
4 466 468 471 469
4 445 448 472 468
4 448 449 473 472
4 468 472 474 471
4 472 473 475 474
4 470 469 476 477
4 469 471 478 476
4 477 476 479 480
4 476 478 481 479
4 471 474 482 478
4 474 475 483 482
4 478 482 484 481
4 482 483 485 484
4 449 460 486 473
4 460 461 487 486
4 473 486 488 475
4 486 487 489 488
4 461 464 490 487
4 464 465 491 490
4 487 490 492 489
4 490 491 493 492
4 475 488 494 483
4 488 489 495 494
4 483 494 496 485
4 494 495 497 496
4 489 492 498 495
4 492 493 499 498
4 495 498 500 497
4 498 499 501 500
4 480 479 502 503
4 479 481 504 502
4 503 502 505 506
4 502 504 507 505
4 481 484 508 504
4 484 485 509 508
4 504 508 510 507
4 508 509 511 510
4 506 505 512 513
4 505 507 514 512
4 513 512 515 516
4 512 514 517 515
4 507 510 518 514
4 510 511 519 518
4 514 518 520 517
4 518 519 521 520
4 485 496 522 509
4 496 497 523 522
4 509 522 524 511
4 522 523 525 524
4 497 500 526 523
4 500 501 527 526
4 523 526 528 525
4 526 527 529 528
4 511 524 530 519
4 524 525 531 530
4 519 530 532 521
4 530 531 533 532
4 525 528 534 531
4 528 529 535 534
4 531 534 536 533
4 534 535 537 536
4 274 538 539 275
4 538 540 541 539
4 275 539 542 277
4 539 541 543 542
4 540 544 545 541
4 544 546 547 545
4 541 545 548 543
4 545 547 549 548
4 277 542 550 283
4 542 543 551 550
4 283 550 552 285
4 550 551 553 552
4 543 548 554 551
4 548 549 555 554
4 551 554 556 553
4 554 555 557 556
4 546 558 559 547
4 558 560 561 559
4 547 559 562 549
4 559 561 563 562
4 560 564 565 561
4 564 566 567 565
4 561 565 568 563
4 565 567 569 568
4 549 562 570 555
4 562 563 571 570
4 555 570 572 557
4 570 571 573 572
4 563 568 574 571
4 568 569 575 574
4 571 574 576 573
4 574 575 577 576
4 285 552 578 311
4 552 553 579 578
4 311 578 580 313
4 578 579 581 580
4 553 556 582 579
4 556 557 583 582
4 579 582 584 581
4 582 583 585 584
4 313 580 586 319
4 580 581 587 586
4 319 586 588 321
4 586 587 589 588
4 581 584 590 587
4 584 585 591 590
4 587 590 592 589
4 590 591 593 592
4 557 572 594 583
4 572 573 595 594
4 583 594 596 585
4 594 595 597 596
4 573 576 598 595
4 576 577 599 598
4 595 598 600 597
4 598 599 601 600
4 585 596 602 591
4 596 597 603 602
4 591 602 604 593
4 602 603 605 604
4 597 600 606 603
4 600 601 607 606
4 603 606 608 605
4 606 607 609 608
4 321 588 610 347
4 588 589 611 610
4 347 610 612 349
4 610 611 613 612
4 589 592 614 611
4 592 593 615 614
4 611 614 616 613
4 614 615 617 616
4 349 612 618 355
4 612 613 619 618
4 355 618 620 357
4 618 619 621 620
4 613 616 622 619
4 616 617 623 622
4 619 622 624 621
4 622 623 625 624
4 593 604 626 615
4 604 605 627 626
4 615 626 628 617
4 626 627 629 628
4 605 608 630 627
4 608 609 631 630
4 627 630 632 629
4 630 631 633 632
4 617 628 634 623
4 628 629 635 634
4 623 634 636 625
4 634 635 637 636
4 629 632 638 635
4 632 633 639 638
4 635 638 640 637
4 638 639 641 640
4 357 620 642 383
4 620 621 643 642
4 383 642 644 385
4 642 643 645 644
4 621 624 646 643
4 624 625 647 646
4 643 646 648 645
4 646 647 649 648
4 385 644 650 391
4 644 645 651 650
4 391 650 652 393
4 650 651 653 652
4 645 648 654 651
4 648 649 655 654
4 651 654 656 653
4 654 655 657 656
4 625 636 658 647
4 636 637 659 658
4 647 658 660 649
4 658 659 661 660
4 637 640 662 659
4 640 641 663 662
4 659 662 664 661
4 662 663 665 664
4 649 660 666 655
4 660 661 667 666
4 655 666 668 657
4 666 667 669 668
4 661 664 670 667
4 664 665 671 670
4 667 670 672 669
4 670 671 673 672
4 393 652 674 419
4 652 653 675 674
4 419 674 676 421
4 674 675 677 676
4 653 656 678 675
4 656 657 679 678
4 675 678 680 677
4 678 679 681 680
4 421 676 682 427
4 676 677 683 682
4 427 682 684 429
4 682 683 685 684
4 677 680 686 683
4 680 681 687 686
4 683 686 688 685
4 686 687 689 688
4 657 668 690 679
4 668 669 691 690
4 679 690 692 681
4 690 691 693 692
4 669 672 694 691
4 672 673 695 694
4 691 694 696 693
4 694 695 697 696
4 681 692 698 687
4 692 693 699 698
4 687 698 700 689
4 698 699 701 700
4 693 696 702 699
4 696 697 703 702
4 699 702 704 701
4 702 703 705 704
4 429 684 706 455
4 684 685 707 706
4 455 706 708 457
4 706 707 709 708
4 685 688 710 707
4 688 689 711 710
4 707 710 712 709
4 710 711 713 712
4 457 708 714 463
4 708 709 715 714
4 463 714 716 465
4 714 715 717 716
4 709 712 718 715
4 712 713 719 718
4 715 718 720 717
4 718 719 721 720
4 689 700 722 711
4 700 701 723 722
4 711 722 724 713
4 722 723 725 724
4 701 704 726 723
4 704 705 727 726
4 723 726 728 725
4 726 727 729 728
4 713 724 730 719
4 724 725 731 730
4 719 730 732 721
4 730 731 733 732
4 725 728 734 731
4 728 729 735 734
4 731 734 736 733
4 734 735 737 736
4 465 716 738 491
4 716 717 739 738
4 491 738 740 493
4 738 739 741 740
4 717 720 742 739
4 720 721 743 742
4 739 742 744 741
4 742 743 745 744
4 493 740 746 499
4 740 741 747 746
4 499 746 748 501
4 746 747 749 748
4 741 744 750 747
4 744 745 751 750
4 747 750 752 749
4 750 751 753 752
4 721 732 754 743
4 732 733 755 754
4 743 754 756 745
4 754 755 757 756
4 733 736 758 755
4 736 737 759 758
4 755 758 760 757
4 758 759 761 760
4 745 756 762 751
4 756 757 763 762
4 751 762 764 753
4 762 763 765 764
4 757 760 766 763
4 760 761 767 766
4 763 766 768 765
4 766 767 769 768
4 501 748 770 527
4 748 749 771 770
4 527 770 772 529
4 770 771 773 772
4 749 752 774 771
4 752 753 775 774
4 771 774 776 773
4 774 775 777 776
4 529 772 778 535
4 772 773 779 778
4 535 778 780 537
4 778 779 781 780
4 773 776 782 779
4 776 777 783 782
4 779 782 784 781
4 782 783 785 784
4 753 764 786 775
4 764 765 787 786
4 775 786 788 777
4 786 787 789 788
4 765 768 790 787
4 768 769 791 790
4 787 790 792 789
4 790 791 793 792
4 777 788 794 783
4 788 789 795 794
4 783 794 796 785
4 794 795 797 796
4 789 792 798 795
4 792 793 799 798
4 795 798 800 797
4 798 799 801 800
4 566 802 803 567
4 802 804 805 803
4 567 803 806 569
4 803 805 807 806
4 804 808 809 805
4 808 810 811 809
4 805 809 812 807
4 809 811 813 812
4 569 806 814 575
4 806 807 815 814
4 575 814 816 577
4 814 815 817 816
4 807 812 818 815
4 812 813 819 818
4 815 818 820 817
4 818 819 821 820
4 810 822 823 811
4 822 824 825 823
4 811 823 826 813
4 823 825 827 826
4 824 828 829 825
4 828 830 831 829
4 825 829 832 827
4 829 831 833 832
4 813 826 834 819
4 826 827 835 834
4 819 834 836 821
4 834 835 837 836
4 827 832 838 835
4 832 833 839 838
4 835 838 840 837
4 838 839 841 840
4 577 816 842 599
4 816 817 843 842
4 599 842 844 601
4 842 843 845 844
4 817 820 846 843
4 820 821 847 846
4 843 846 848 845
4 846 847 849 848
4 601 844 850 607
4 844 845 851 850
4 607 850 852 609
4 850 851 853 852
4 845 848 854 851
4 848 849 855 854
4 851 854 856 853
4 854 855 857 856
4 821 836 858 847
4 836 837 859 858
4 847 858 860 849
4 858 859 861 860
4 837 840 862 859
4 840 841 863 862
4 859 862 864 861
4 862 863 865 864
4 849 860 866 855
4 860 861 867 866
4 855 866 868 857
4 866 867 869 868
4 861 864 870 867
4 864 865 871 870
4 867 870 872 869
4 870 871 873 872
4 609 852 874 631
4 852 853 875 874
4 631 874 876 633
4 874 875 877 876
4 853 856 878 875
4 856 857 879 878
4 875 878 880 877
4 878 879 881 880
4 633 876 882 639
4 876 877 883 882
4 639 882 884 641
4 882 883 885 884
4 877 880 886 883
4 880 881 887 886
4 883 886 888 885
4 886 887 889 888
4 857 868 890 879
4 868 869 891 890
4 879 890 892 881
4 890 891 893 892
4 869 872 894 891
4 872 873 895 894
4 891 894 896 893
4 894 895 897 896
4 881 892 898 887
4 892 893 899 898
4 887 898 900 889
4 898 899 901 900
4 893 896 902 899
4 896 897 903 902
4 899 902 904 901
4 902 903 905 904
4 641 884 906 663
4 884 885 907 906
4 663 906 908 665
4 906 907 909 908
4 885 888 910 907
4 888 889 911 910
4 907 910 912 909
4 910 911 913 912
4 665 908 914 671
4 908 909 915 914
4 671 914 916 673
4 914 915 917 916
4 909 912 918 915
4 912 913 919 918
4 915 918 920 917
4 918 919 921 920
4 889 900 922 911
4 900 901 923 922
4 911 922 924 913
4 922 923 925 924
4 901 904 926 923
4 904 905 927 926
4 923 926 928 925
4 926 927 929 928
4 913 924 930 919
4 924 925 931 930
4 919 930 932 921
4 930 931 933 932
4 925 928 934 931
4 928 929 935 934
4 931 934 936 933
4 934 935 937 936
4 673 916 938 695
4 916 917 939 938
4 695 938 940 697
4 938 939 941 940
4 917 920 942 939
4 920 921 943 942
4 939 942 944 941
4 942 943 945 944
4 697 940 946 703
4 940 941 947 946
4 703 946 948 705
4 946 947 949 948
4 941 944 950 947
4 944 945 951 950
4 947 950 952 949
4 950 951 953 952
4 921 932 954 943
4 932 933 955 954
4 943 954 956 945
4 954 955 957 956
4 933 936 958 955
4 936 937 959 958
4 955 958 960 957
4 958 959 961 960
4 945 956 962 951
4 956 957 963 962
4 951 962 964 953
4 962 963 965 964
4 957 960 966 963
4 960 961 967 966
4 963 966 968 965
4 966 967 969 968
4 705 948 970 727
4 948 949 971 970
4 727 970 972 729
4 970 971 973 972
4 949 952 974 971
4 952 953 975 974
4 971 974 976 973
4 974 975 977 976
4 729 972 978 735
4 972 973 979 978
4 735 978 980 737
4 978 979 981 980
4 973 976 982 979
4 976 977 983 982
4 979 982 984 981
4 982 983 985 984
4 953 964 986 975
4 964 965 987 986
4 975 986 988 977
4 986 987 989 988
4 965 968 990 987
4 968 969 991 990
4 987 990 992 989
4 990 991 993 992
4 977 988 994 983
4 988 989 995 994
4 983 994 996 985
4 994 995 997 996
4 989 992 998 995
4 992 993 999 998
4 995 998 1000 997
4 998 999 1001 1000
4 737 980 1002 759
4 980 981 1003 1002
4 759 1002 1004 761
4 1002 1003 1005 1004
4 981 984 1006 1003
4 984 985 1007 1006
4 1003 1006 1008 1005
4 1006 1007 1009 1008
4 761 1004 1010 767
4 1004 1005 1011 1010
4 767 1010 1012 769
4 1010 1011 1013 1012
4 1005 1008 1014 1011
4 1008 1009 1015 1014
4 1011 1014 1016 1013
4 1014 1015 1017 1016
4 985 996 1018 1007
4 996 997 1019 1018
4 1007 1018 1020 1009
4 1018 1019 1021 1020
4 997 1000 1022 1019
4 1000 1001 1023 1022
4 1019 1022 1024 1021
4 1022 1023 1025 1024
4 1009 1020 1026 1015
4 1020 1021 1027 1026
4 1015 1026 1028 1017
4 1026 1027 1029 1028
4 1021 1024 1030 1027
4 1024 1025 1031 1030
4 1027 1030 1032 1029
4 1030 1031 1033 1032
4 769 1012 1034 791
4 1012 1013 1035 1034
4 791 1034 1036 793
4 1034 1035 1037 1036
4 1013 1016 1038 1035
4 1016 1017 1039 1038
4 1035 1038 1040 1037
4 1038 1039 1041 1040
4 793 1036 1042 799
4 1036 1037 1043 1042
4 799 1042 1044 801
4 1042 1043 1045 1044
4 1037 1040 1046 1043
4 1040 1041 1047 1046
4 1043 1046 1048 1045
4 1046 1047 1049 1048
4 1017 1028 1050 1039
4 1028 1029 1051 1050
4 1039 1050 1052 1041
4 1050 1051 1053 1052
4 1029 1032 1054 1051
4 1032 1033 1055 1054
4 1051 1054 1056 1053
4 1054 1055 1057 1056
4 1041 1052 1058 1047
4 1052 1053 1059 1058
4 1047 1058 1060 1049
4 1058 1059 1061 1060
4 1053 1056 1062 1059
4 1056 1057 1063 1062
4 1059 1062 1064 1061
4 1062 1063 1065 1064
4 830 1066 1067 831
4 1066 1068 1069 1067
4 831 1067 1070 833
4 1067 1069 1071 1070
4 1068 1072 1073 1069
4 1072 1074 1075 1073
4 1069 1073 1076 1071
4 1073 1075 1077 1076
4 833 1070 1078 839
4 1070 1071 1079 1078
4 839 1078 1080 841
4 1078 1079 1081 1080
4 1071 1076 1082 1079
4 1076 1077 1083 1082
4 1079 1082 1084 1081
4 1082 1083 1085 1084
4 1074 1086 1087 1075
4 1086 1088 1089 1087
4 1075 1087 1090 1077
4 1087 1089 1091 1090
4 1088 1092 1093 1089
4 1092 1094 1095 1093
4 1089 1093 1096 1091
4 1093 1095 1097 1096
4 1077 1090 1098 1083
4 1090 1091 1099 1098
4 1083 1098 1100 1085
4 1098 1099 1101 1100
4 1091 1096 1102 1099
4 1096 1097 1103 1102
4 1099 1102 1104 1101
4 1102 1103 1105 1104
4 841 1080 1106 863
4 1080 1081 1107 1106
4 863 1106 1108 865
4 1106 1107 1109 1108
4 1081 1084 1110 1107
4 1084 1085 1111 1110
4 1107 1110 1112 1109
4 1110 1111 1113 1112
4 865 1108 1114 871
4 1108 1109 1115 1114
4 871 1114 1116 873
4 1114 1115 1117 1116
4 1109 1112 1118 1115
4 1112 1113 1119 1118
4 1115 1118 1120 1117
4 1118 1119 1121 1120
4 1085 1100 1122 1111
4 1100 1101 1123 1122
4 1111 1122 1124 1113
4 1122 1123 1125 1124
4 1101 1104 1126 1123
4 1104 1105 1127 1126
4 1123 1126 1128 1125
4 1126 1127 1129 1128
4 1113 1124 1130 1119
4 1124 1125 1131 1130
4 1119 1130 1132 1121
4 1130 1131 1133 1132
4 1125 1128 1134 1131
4 1128 1129 1135 1134
4 1131 1134 1136 1133
4 1134 1135 1137 1136
4 873 1116 1138 895
4 1116 1117 1139 1138
4 895 1138 1140 897
4 1138 1139 1141 1140
4 1117 1120 1142 1139
4 1120 1121 1143 1142
4 1139 1142 1144 1141
4 1142 1143 1145 1144
4 897 1140 1146 903
4 1140 1141 1147 1146
4 903 1146 1148 905
4 1146 1147 1149 1148
4 1141 1144 1150 1147
4 1144 1145 1151 1150
4 1147 1150 1152 1149
4 1150 1151 1153 1152
4 1121 1132 1154 1143
4 1132 1133 1155 1154
4 1143 1154 1156 1145
4 1154 1155 1157 1156
4 1133 1136 1158 1155
4 1136 1137 1159 1158
4 1155 1158 1160 1157
4 1158 1159 1161 1160
4 1145 1156 1162 1151
4 1156 1157 1163 1162
4 1151 1162 1164 1153
4 1162 1163 1165 1164
4 1157 1160 1166 1163
4 1160 1161 1167 1166
4 1163 1166 1168 1165
4 1166 1167 1169 1168
4 905 1148 1170 927
4 1148 1149 1171 1170
4 927 1170 1172 929
4 1170 1171 1173 1172
4 1149 1152 1174 1171
4 1152 1153 1175 1174
4 1171 1174 1176 1173
4 1174 1175 1177 1176
4 929 1172 1178 935
4 1172 1173 1179 1178
4 935 1178 1180 937
4 1178 1179 1181 1180
4 1173 1176 1182 1179
4 1176 1177 1183 1182
4 1179 1182 1184 1181
4 1182 1183 1185 1184
4 1153 1164 1186 1175
4 1164 1165 1187 1186
4 1175 1186 1188 1177
4 1186 1187 1189 1188
4 1165 1168 1190 1187
4 1168 1169 1191 1190
4 1187 1190 1192 1189
4 1190 1191 1193 1192
4 1177 1188 1194 1183
4 1188 1189 1195 1194
4 1183 1194 1196 1185
4 1194 1195 1197 1196
4 1189 1192 1198 1195
4 1192 1193 1199 1198
4 1195 1198 1200 1197
4 1198 1199 1201 1200
4 937 1180 1202 959
4 1180 1181 1203 1202
4 959 1202 1204 961
4 1202 1203 1205 1204
4 1181 1184 1206 1203
4 1184 1185 1207 1206
4 1203 1206 1208 1205
4 1206 1207 1209 1208
4 961 1204 1210 967
4 1204 1205 1211 1210
4 967 1210 1212 969
4 1210 1211 1213 1212
4 1205 1208 1214 1211
4 1208 1209 1215 1214
4 1211 1214 1216 1213
4 1214 1215 1217 1216
4 1185 1196 1218 1207
4 1196 1197 1219 1218
4 1207 1218 1220 1209
4 1218 1219 1221 1220
4 1197 1200 1222 1219
4 1200 1201 1223 1222
4 1219 1222 1224 1221
4 1222 1223 1225 1224
4 1209 1220 1226 1215
4 1220 1221 1227 1226
4 1215 1226 1228 1217
4 1226 1227 1229 1228
4 1221 1224 1230 1227
4 1224 1225 1231 1230
4 1227 1230 1232 1229
4 1230 1231 1233 1232
4 969 1212 1234 991
4 1212 1213 1235 1234
4 991 1234 1236 993
4 1234 1235 1237 1236
4 1213 1216 1238 1235
4 1216 1217 1239 1238
4 1235 1238 1240 1237
4 1238 1239 1241 1240
4 993 1236 1242 999
4 1236 1237 1243 1242
4 999 1242 1244 1001
4 1242 1243 1245 1244
4 1237 1240 1246 1243
4 1240 1241 1247 1246
4 1243 1246 1248 1245
4 1246 1247 1249 1248
4 1217 1228 1250 1239
4 1228 1229 1251 1250
4 1239 1250 1252 1241
4 1250 1251 1253 1252
4 1229 1232 1254 1251
4 1232 1233 1255 1254
4 1251 1254 1256 1253
4 1254 1255 1257 1256
4 1241 1252 1258 1247
4 1252 1253 1259 1258
4 1247 1258 1260 1249
4 1258 1259 1261 1260
4 1253 1256 1262 1259
4 1256 1257 1263 1262
4 1259 1262 1264 1261
4 1262 1263 1265 1264
4 1001 1244 1266 1023
4 1244 1245 1267 1266
4 1023 1266 1268 1025
4 1266 1267 1269 1268
4 1245 1248 1270 1267
4 1248 1249 1271 1270
4 1267 1270 1272 1269
4 1270 1271 1273 1272
4 1025 1268 1274 1031
4 1268 1269 1275 1274
4 1031 1274 1276 1033
4 1274 1275 1277 1276
4 1269 1272 1278 1275
4 1272 1273 1279 1278
4 1275 1278 1280 1277
4 1278 1279 1281 1280
4 1249 1260 1282 1271
4 1260 1261 1283 1282
4 1271 1282 1284 1273
4 1282 1283 1285 1284
4 1261 1264 1286 1283
4 1264 1265 1287 1286
4 1283 1286 1288 1285
4 1286 1287 1289 1288
4 1273 1284 1290 1279
4 1284 1285 1291 1290
4 1279 1290 1292 1281
4 1290 1291 1293 1292
4 1285 1288 1294 1291
4 1288 1289 1295 1294
4 1291 1294 1296 1293
4 1294 1295 1297 1296
4 1033 1276 1298 1055
4 1276 1277 1299 1298
4 1055 1298 1300 1057
4 1298 1299 1301 1300
4 1277 1280 1302 1299
4 1280 1281 1303 1302
4 1299 1302 1304 1301
4 1302 1303 1305 1304
4 1057 1300 1306 1063
4 1300 1301 1307 1306
4 1063 1306 1308 1065
4 1306 1307 1309 1308
4 1301 1304 1310 1307
4 1304 1305 1311 1310
4 1307 1310 1312 1309
4 1310 1311 1313 1312
4 1281 1292 1314 1303
4 1292 1293 1315 1314
4 1303 1314 1316 1305
4 1314 1315 1317 1316
4 1293 1296 1318 1315
4 1296 1297 1319 1318
4 1315 1318 1320 1317
4 1318 1319 1321 1320
4 1305 1316 1322 1311
4 1316 1317 1323 1322
4 1311 1322 1324 1313
4 1322 1323 1325 1324
4 1317 1320 1326 1323
4 1320 1321 1327 1326
4 1323 1326 1328 1325
4 1326 1327 1329 1328
1 2 4 5 8 10 12 17 20 26 28 33 36 42 44 49 52 58 60 65 68 74 76 81 84 90 92 97 100 106 108 113 116 122 124 129 132 138 140 145 148 154 156 161 164 170 172 177 180 186 188 193 196 202 204 209 212 218 220 225 228 234 236 241 244 250 252 257 260 266 268 272 274 287 290 297 300 323 326 333 336 359 362 369 372 395 398 405 408 431 434 441 444 467 470 477 480 503 506 513 515 516 517 520 521 532 533 536 537 538 540 544 546 558 560 564 566 780 781 784 785 796 797 800 801 802 804 808 810 822 824 828 830 1044 1045 1048 1049 1060 1061 1064 1065 1066 1068 1072 1074 1086 1088 1092 1094 1095 1097 1103 1105 1127 1129 1135 1137 1159 1161 1167 1169 1191 1193 1199 1201 1223 1225 1231 1233 1255 1257 1263 1265 1287 1289 1295 1297 1308 1309 1312 1313 1319 1321 1324 1325 1327 1328 1329
