41 28 1
0 0
0.125 0
0.125 0.125
0 0.125
0.25 0
0.25 0.125
0.125 0.25
0 0.25
0.25 0.25
0.125 0.375
0 0.375
0.25 0.375
0.125 0.5
0 0.5
0.25 0.5
0.25 0.75
0 0.75
0.25 1
0 1
0.375 0
0.375 0.125
0.5 0
0.5 0.125
0.375 0.25
0.5 0.25
0.375 0.375
0.5 0.375
0.375 0.5
0.5 0.5
0.5 0.75
0.5 1
0.75 0
0.75 0.25
0.75 0.5
0.75 0.75
0.75 1
1 0
1 0.25
1 0.5
1 0.75
1 1
4 1 2 3 4
4 2 5 6 3
4 4 3 7 8
4 3 6 9 7
4 8 7 10 11
4 7 9 12 10
4 11 10 13 14
4 10 12 15 13
5 14 13 15 16 17
4 17 16 18 19
4 5 20 21 6
4 20 22 23 21
4 6 21 24 9
4 21 23 25 24
4 9 24 26 12
4 24 25 27 26
4 12 26 28 15
4 26 27 29 28
5 15 28 29 30 16
4 16 30 31 18
5 22 32 33 25 23
5 25 33 34 29 27
4 29 34 35 30
4 30 35 36 31
4 32 37 38 33
4 33 38 39 34
4 34 39 40 35
4 35 40 41 36
1 2 4 5 8 11 14 17 18 19 20 22 31 32 36 37 38 39 40 41
