304 265 1
0 0
0.0078125 0
0.0078125 0.0078125
0 0.0078125
0.015625 0
0.015625 0.0078125
0.0078125 0.015625
0 0.015625
0.015625 0.015625
0.03125 0
0.03125 0.015625
0.015625 0.03125
0 0.03125
0.03125 0.03125
0.0625 0
0.0625 0.03125
0.03125 0.0625
0 0.0625
0.0625 0.0625
0.125 0
0.125 0.0625
0.0625 0.125
0 0.125
0.125 0.125
0.1875 0
0.1875 0.0625
0.25 0
0.25 0.0625
0.1875 0.125
0.25 0.125
0.0625 0.1875
0 0.1875
0.125 0.1875
0.0625 0.25
0 0.25
0.125 0.25
0.1875 0.1875
0.25 0.1875
0.1875 0.25
0.25 0.25
0.3125 0
0.3125 0.0625
0.375 0
0.375 0.0625
0.3125 0.125
0.375 0.125
0.4375 0
0.4375 0.0625
0.5 0
0.5 0.0625
0.4375 0.125
0.5 0.125
0.3125 0.1875
0.375 0.1875
0.3125 0.25
0.375 0.25
0.4375 0.1875
0.5 0.1875
0.4375 0.25
0.5 0.25
0.0625 0.3125
0 0.3125
0.125 0.3125
0.0625 0.375
0 0.375
0.125 0.375
0.1875 0.3125
0.25 0.3125
0.1875 0.375
0.25 0.375
0.0625 0.4375
0 0.4375
0.125 0.4375
0.0625 0.5
0 0.5
0.125 0.5
0.1875 0.4375
0.25 0.4375
0.1875 0.5
0.25 0.5
0.3125 0.3125
0.375 0.3125
0.3125 0.375
0.375 0.375
0.4375 0.3125
0.5 0.3125
0.4375 0.375
0.5 0.375
0.3125 0.4375
0.375 0.4375
0.3125 0.5
0.375 0.5
0.4375 0.4375
0.5 0.4375
0.4375 0.5
0.5 0.5
0.0625 0.5625
0 0.5625
0.125 0.5625
0.0625 0.625
0 0.625
0.125 0.625
0.1875 0.5625
0.25 0.5625
0.1875 0.625
0.25 0.625
0.0625 0.6875
0 0.6875
0.125 0.6875
0.0625 0.75
0 0.75
0.125 0.75
0.1875 0.6875
0.25 0.6875
0.1875 0.75
0.25 0.75
0.3125 0.5625
0.375 0.5625
0.3125 0.625
0.375 0.625
0.4375 0.5625
0.5 0.5625
0.4375 0.625
0.5 0.625
0.3125 0.6875
0.375 0.6875
0.3125 0.75
0.375 0.75
0.4375 0.6875
0.5 0.6875
0.4375 0.75
0.5 0.75
0.0625 0.8125
0 0.8125
0.125 0.8125
0.0625 0.875
0 0.875
0.125 0.875
0.1875 0.8125
0.25 0.8125
0.1875 0.875
0.25 0.875
0.0625 0.9375
0 0.9375
0.125 0.9375
0.0625 1
0 1
0.125 1
0.1875 0.9375
0.25 0.9375
0.1875 1
0.25 1
0.3125 0.8125
0.375 0.8125
0.3125 0.875
0.375 0.875
0.4375 0.8125
0.5 0.8125
0.4375 0.875
0.5 0.875
0.3125 0.9375
0.375 0.9375
0.3125 1
0.375 1
0.4375 0.9375
0.5 0.9375
0.4375 1
0.5 1
0.5625 0
0.5625 0.0625
0.625 0
0.625 0.0625
0.5625 0.125
0.625 0.125
0.6875 0
0.6875 0.0625
0.75 0
0.75 0.0625
0.6875 0.125
0.75 0.125
0.5625 0.1875
0.625 0.1875
0.5625 0.25
0.625 0.25
0.6875 0.1875
0.75 0.1875
0.6875 0.25
0.75 0.25
0.8125 0
0.8125 0.0625
0.875 0
0.875 0.0625
0.8125 0.125
0.875 0.125
0.9375 0
0.9375 0.0625
1 0
1 0.0625
0.9375 0.125
1 0.125
0.8125 0.1875
0.875 0.1875
0.8125 0.25
0.875 0.25
0.9375 0.1875
1 0.1875
0.9375 0.25
1 0.25
0.5625 0.3125
0.625 0.3125
0.5625 0.375
0.625 0.375
0.6875 0.3125
0.75 0.3125
0.6875 0.375
0.75 0.375
0.5625 0.4375
0.625 0.4375
0.5625 0.5
0.625 0.5
0.6875 0.4375
0.75 0.4375
0.6875 0.5
0.75 0.5
0.8125 0.3125
0.875 0.3125
0.8125 0.375
0.875 0.375
0.9375 0.3125
1 0.3125
0.9375 0.375
1 0.375
0.8125 0.4375
0.875 0.4375
0.8125 0.5
0.875 0.5
0.9375 0.4375
1 0.4375
0.9375 0.5
1 0.5
0.5625 0.5625
0.625 0.5625
0.5625 0.625
0.625 0.625
0.6875 0.5625
0.75 0.5625
0.6875 0.625
0.75 0.625
0.5625 0.6875
0.625 0.6875
0.5625 0.75
0.625 0.75
0.6875 0.6875
0.75 0.6875
0.6875 0.75
0.75 0.75
0.8125 0.5625
0.875 0.5625
0.8125 0.625
0.875 0.625
0.9375 0.5625
1 0.5625
0.9375 0.625
1 0.625
0.8125 0.6875
0.875 0.6875
0.8125 0.75
0.875 0.75
0.9375 0.6875
1 0.6875
0.9375 0.75
1 0.75
0.5625 0.8125
0.625 0.8125
0.5625 0.875
0.625 0.875
0.6875 0.8125
0.75 0.8125
0.6875 0.875
0.75 0.875
0.5625 0.9375
0.625 0.9375
0.5625 1
0.625 1
0.6875 0.9375
0.75 0.9375
0.6875 1
0.75 1
0.8125 0.8125
0.875 0.8125
0.8125 0.875
0.875 0.875
0.9375 0.8125
1 0.8125
0.9375 0.875
1 0.875
0.8125 0.9375
0.875 0.9375
0.8125 1
0.875 1
0.9375 0.9375
1 0.9375
0.9375 1
1 1
4 1 2 3 4
4 2 5 6 3
4 4 3 7 8
4 3 6 9 7
5 5 10 11 9 6
5 8 7 9 12 13
4 9 11 14 12
5 10 15 16 14 11
5 13 12 14 17 18
4 14 16 19 17
5 15 20 21 19 16
5 18 17 19 22 23
4 19 21 24 22
4 20 25 26 21
4 25 27 28 26
4 21 26 29 24
4 26 28 30 29
4 23 22 31 32
4 22 24 33 31
4 32 31 34 35
4 31 33 36 34
4 24 29 37 33
4 29 30 38 37
4 33 37 39 36
4 37 38 40 39
4 27 41 42 28
4 41 43 44 42
4 28 42 45 30
4 42 44 46 45
4 43 47 48 44
4 47 49 50 48
4 44 48 51 46
4 48 50 52 51
4 30 45 53 38
4 45 46 54 53
4 38 53 55 40
4 53 54 56 55
4 46 51 57 54
4 51 52 58 57
4 54 57 59 56
4 57 58 60 59
4 35 34 61 62
4 34 36 63 61
4 62 61 64 65
4 61 63 66 64
4 36 39 67 63
4 39 40 68 67
4 63 67 69 66
4 67 68 70 69
4 65 64 71 72
4 64 66 73 71
4 72 71 74 75
4 71 73 76 74
4 66 69 77 73
4 69 70 78 77
4 73 77 79 76
4 77 78 80 79
4 40 55 81 68
4 55 56 82 81
4 68 81 83 70
4 81 82 84 83
4 56 59 85 82
4 59 60 86 85
4 82 85 87 84
4 85 86 88 87
4 70 83 89 78
4 83 84 90 89
4 78 89 91 80
4 89 90 92 91
4 84 87 93 90
4 87 88 94 93
4 90 93 95 92
4 93 94 96 95
4 75 74 97 98
4 74 76 99 97
4 98 97 100 101
4 97 99 102 100
4 76 79 103 99
4 79 80 104 103
4 99 103 105 102
4 103 104 106 105
4 101 100 107 108
4 100 102 109 107
4 108 107 110 111
4 107 109 112 110
4 102 105 113 109
4 105 106 114 113
4 109 113 115 112
4 113 114 116 115
4 80 91 117 104
4 91 92 118 117
4 104 117 119 106
4 117 118 120 119
4 92 95 121 118
4 95 96 122 121
4 118 121 123 120
4 121 122 124 123
4 106 119 125 114
4 119 120 126 125
4 114 125 127 116
4 125 126 128 127
4 120 123 129 126
4 123 124 130 129
4 126 129 131 128
4 129 130 132 131
4 111 110 133 134
4 110 112 135 133
4 134 133 136 137
4 133 135 138 136
4 112 115 139 135
4 115 116 140 139
4 135 139 141 138
4 139 140 142 141
4 137 136 143 144
4 136 138 145 143
4 144 143 146 147
4 143 145 148 146
4 138 141 149 145
4 141 142 150 149
4 145 149 151 148
4 149 150 152 151
4 116 127 153 140
4 127 128 154 153
4 140 153 155 142
4 153 154 156 155
4 128 131 157 154
4 131 132 158 157
4 154 157 159 156
4 157 158 160 159
4 142 155 161 150
4 155 156 162 161
4 150 161 163 152
4 161 162 164 163
4 156 159 165 162
4 159 160 166 165
4 162 165 167 164
4 165 166 168 167
4 49 169 170 50
4 169 171 172 170
4 50 170 173 52
4 170 172 174 173
4 171 175 176 172
4 175 177 178 176
4 172 176 179 174
4 176 178 180 179
4 52 173 181 58
4 173 174 182 181
4 58 181 183 60
4 181 182 184 183
4 174 179 185 182
4 179 180 186 185
4 182 185 187 184
4 185 186 188 187
4 177 189 190 178
4 189 191 192 190
4 178 190 193 180
4 190 192 194 193
4 191 195 196 192
4 195 197 198 196
4 192 196 199 194
4 196 198 200 199
4 180 193 201 186
4 193 194 202 201
4 186 201 203 188
4 201 202 204 203
4 194 199 205 202
4 199 200 206 205
4 202 205 207 204
4 205 206 208 207
4 60 183 209 86
4 183 184 210 209
4 86 209 211 88
4 209 210 212 211
4 184 187 213 210
4 187 188 214 213
4 210 213 215 212
4 213 214 216 215
4 88 211 217 94
4 211 212 218 217
4 94 217 219 96
4 217 218 220 219
4 212 215 221 218
4 215 216 222 221
4 218 221 223 220
4 221 222 224 223
4 188 203 225 214
4 203 204 226 225
4 214 225 227 216
4 225 226 228 227
4 204 207 229 226
4 207 208 230 229
4 226 229 231 228
4 229 230 232 231
4 216 227 233 222
4 227 228 234 233
4 222 233 235 224
4 233 234 236 235
4 228 231 237 234
4 231 232 238 237
4 234 237 239 236
4 237 238 240 239
4 96 219 241 122
4 219 220 242 241
4 122 241 243 124
4 241 242 244 243
4 220 223 245 242
4 223 224 246 245
4 242 245 247 244
4 245 246 248 247
4 124 243 249 130
4 243 244 250 249
4 130 249 251 132
4 249 250 252 251
4 244 247 253 250
4 247 248 254 253
4 250 253 255 252
4 253 254 256 255
4 224 235 257 246
4 235 236 258 257
4 246 257 259 248
4 257 258 260 259
4 236 239 261 258
4 239 240 262 261
4 258 261 263 260
4 261 262 264 263
4 248 259 265 254
4 259 260 266 265
4 254 265 267 256
4 265 266 268 267
4 260 263 269 266
4 263 264 270 269
4 266 269 271 268
4 269 270 272 271
4 132 251 273 158
4 251 252 274 273
4 158 273 275 160
4 273 274 276 275
4 252 255 277 274
4 255 256 278 277
4 274 277 279 276
4 277 278 280 279
4 160 275 281 166
4 275 276 282 281
4 166 281 283 168
4 281 282 284 283
4 276 279 285 282
4 279 280 286 285
4 282 285 287 284
4 285 286 288 287
4 256 267 289 278
4 267 268 290 289
4 278 289 291 280
4 289 290 292 291
4 268 271 293 290
4 271 272 294 293
4 290 293 295 292
4 293 294 296 295
4 280 291 297 286
4 291 292 298 297
4 286 297 299 288
4 297 298 300 299
4 292 295 301 298
4 295 296 302 301
4 298 301 303 300
4 301 302 304 303
1 2 4 5 8 10 13 15 18 20 23 25 27 32 35 41 43 47 49 62 65 72 75 98 101 108 111 134 137 144 146 147 148 151 152 163 164 167 168 169 171 175 177 189 191 195 197 198 200 206 208 230 232 238 240 262 264 270 272 283 284 287 288 294 296 299 300 302 303 304
