337 292 1
0 0
0.0078125 0
0.0078125 0.0078125
0 0.0078125
0.015625 0
0.015625 0.0078125
0.0078125 0.015625
0 0.015625
0.015625 0.015625
0.0234375 0
0.0234375 0.0078125
0.03125 0
0.03125 0.0078125
0.0234375 0.015625
0.03125 0.015625
0.0078125 0.0234375
0 0.0234375
0.015625 0.0234375
0.0078125 0.03125
0 0.03125
0.015625 0.03125
0.0234375 0.0234375
0.03125 0.0234375
0.0234375 0.03125
0.03125 0.03125
0.046875 0
0.046875 0.015625
0.0625 0
0.0625 0.015625
0.046875 0.03125
0.0625 0.03125
0.015625 0.046875
0 0.046875
0.03125 0.046875
0.015625 0.0625
0 0.0625
0.03125 0.0625
0.046875 0.046875
0.0625 0.046875
0.046875 0.0625
0.0625 0.0625
0.09375 0
0.09375 0.03125
0.125 0
0.125 0.03125
0.09375 0.0625
0.125 0.0625
0.03125 0.09375
0 0.09375
0.0625 0.09375
0.03125 0.125
0 0.125
0.0625 0.125
0.09375 0.09375
0.125 0.09375
0.09375 0.125
0.125 0.125
0.1875 0
0.1875 0.0625
0.25 0
0.25 0.0625
0.1875 0.125
0.25 0.125
0.0625 0.1875
0 0.1875
0.125 0.1875
0.0625 0.25
0 0.25
0.125 0.25
0.1875 0.1875
0.25 0.1875
0.1875 0.25
0.25 0.25
0.0625 0.3125
0 0.3125
0.125 0.3125
0.0625 0.375
0 0.375
0.125 0.375
0.1875 0.3125
0.25 0.3125
0.1875 0.375
0.25 0.375
0.0625 0.4375
0 0.4375
0.125 0.4375
0.0625 0.5
0 0.5
0.125 0.5
0.1875 0.4375
0.25 0.4375
0.1875 0.5
0.25 0.5
0.0625 0.5625
0 0.5625
0.125 0.5625
0.0625 0.625
0 0.625
0.125 0.625
0.1875 0.5625
0.25 0.5625
0.1875 0.625
0.25 0.625
0.0625 0.6875
0 0.6875
0.125 0.6875
0.0625 0.75
0 0.75
0.125 0.75
0.1875 0.6875
0.25 0.6875
0.1875 0.75
0.25 0.75
0.0625 0.8125
0 0.8125
0.125 0.8125
0.0625 0.875
0 0.875
0.125 0.875
0.1875 0.8125
0.25 0.8125
0.1875 0.875
0.25 0.875
0.0625 0.9375
0 0.9375
0.125 0.9375
0.0625 1
0 1
0.125 1
0.1875 0.9375
0.25 0.9375
0.1875 1
0.25 1
0.3125 0
0.3125 0.0625
0.375 0
0.375 0.0625
0.3125 0.125
0.375 0.125
0.4375 0
0.4375 0.0625
0.5 0
0.5 0.0625
0.4375 0.125
0.5 0.125
0.3125 0.1875
0.375 0.1875
0.3125 0.25
0.375 0.25
0.4375 0.1875
0.5 0.1875
0.4375 0.25
0.5 0.25
0.3125 0.3125
0.375 0.3125
0.3125 0.375
0.375 0.375
0.4375 0.3125
0.5 0.3125
0.4375 0.375
0.5 0.375
0.3125 0.4375
0.375 0.4375
0.3125 0.5
0.375 0.5
0.4375 0.4375
0.5 0.4375
0.4375 0.5
0.5 0.5
0.3125 0.5625
0.375 0.5625
0.3125 0.625
0.375 0.625
0.4375 0.5625
0.5 0.5625
0.4375 0.625
0.5 0.625
0.3125 0.6875
0.375 0.6875
0.3125 0.75
0.375 0.75
0.4375 0.6875
0.5 0.6875
0.4375 0.75
0.5 0.75
0.3125 0.8125
0.375 0.8125
0.3125 0.875
0.375 0.875
0.4375 0.8125
0.5 0.8125
0.4375 0.875
0.5 0.875
0.3125 0.9375
0.375 0.9375
0.3125 1
0.375 1
0.4375 0.9375
0.5 0.9375
0.4375 1
0.5 1
0.5625 0
0.5625 0.0625
0.625 0
0.625 0.0625
0.5625 0.125
0.625 0.125
0.6875 0
0.6875 0.0625
0.75 0
0.75 0.0625
0.6875 0.125
0.75 0.125
0.5625 0.1875
0.625 0.1875
0.5625 0.25
0.625 0.25
0.6875 0.1875
0.75 0.1875
0.6875 0.25
0.75 0.25
0.5625 0.3125
0.625 0.3125
0.5625 0.375
0.625 0.375
0.6875 0.3125
0.75 0.3125
0.6875 0.375
0.75 0.375
0.5625 0.4375
0.625 0.4375
0.5625 0.5
0.625 0.5
0.6875 0.4375
0.75 0.4375
0.6875 0.5
0.75 0.5
0.5625 0.5625
0.625 0.5625
0.5625 0.625
0.625 0.625
0.6875 0.5625
0.75 0.5625
0.6875 0.625
0.75 0.625
0.5625 0.6875
0.625 0.6875
0.5625 0.75
0.625 0.75
0.6875 0.6875
0.75 0.6875
0.6875 0.75
0.75 0.75
0.5625 0.8125
0.625 0.8125
0.5625 0.875
0.625 0.875
0.6875 0.8125
0.75 0.8125
0.6875 0.875
0.75 0.875
0.5625 0.9375
0.625 0.9375
0.5625 1
0.625 1
0.6875 0.9375
0.75 0.9375
0.6875 1
0.75 1
0.8125 0
0.8125 0.0625
0.875 0
0.875 0.0625
0.8125 0.125
0.875 0.125
0.9375 0
0.9375 0.0625
1 0
1 0.0625
0.9375 0.125
1 0.125
0.8125 0.1875
0.875 0.1875
0.8125 0.25
0.875 0.25
0.9375 0.1875
1 0.1875
0.9375 0.25
1 0.25
0.8125 0.3125
0.875 0.3125
0.8125 0.375
0.875 0.375
0.9375 0.3125
1 0.3125
0.9375 0.375
1 0.375
0.8125 0.4375
0.875 0.4375
0.8125 0.5
0.875 0.5
0.9375 0.4375
1 0.4375
0.9375 0.5
1 0.5
0.8125 0.5625
0.875 0.5625
0.8125 0.625
0.875 0.625
0.9375 0.5625
1 0.5625
0.9375 0.625
1 0.625
0.8125 0.6875
0.875 0.6875
0.8125 0.75
0.875 0.75
0.9375 0.6875
1 0.6875
0.9375 0.75
1 0.75
0.8125 0.8125
0.875 0.8125
0.8125 0.875
0.875 0.875
0.9375 0.8125
1 0.8125
0.9375 0.875
1 0.875
0.8125 0.9375
0.875 0.9375
0.8125 1
0.875 1
0.9375 0.9375
1 0.9375
0.9375 1
1 1
4 1 2 3 4
4 2 5 6 3
4 4 3 7 8
4 3 6 9 7
4 5 10 11 6
4 10 12 13 11
4 6 11 14 9
4 11 13 15 14
4 8 7 16 17
4 7 9 18 16
4 17 16 19 20
4 16 18 21 19
4 9 14 22 18
4 14 15 23 22
4 18 22 24 21
4 22 23 25 24
5 12 26 27 15 13
4 26 28 29 27
5 15 27 30 25 23
4 27 29 31 30
5 20 19 21 32 33
5 21 24 25 34 32
4 33 32 35 36
4 32 34 37 35
4 25 30 38 34
4 30 31 39 38
4 34 38 40 37
4 38 39 41 40
5 28 42 43 31 29
4 42 44 45 43
5 31 43 46 41 39
4 43 45 47 46
5 36 35 37 48 49
5 37 40 41 50 48
4 49 48 51 52
4 48 50 53 51
4 41 46 54 50
4 46 47 55 54
4 50 54 56 53
4 54 55 57 56
5 44 58 59 47 45
4 58 60 61 59
5 47 59 62 57 55
4 59 61 63 62
5 52 51 53 64 65
5 53 56 57 66 64
4 65 64 67 68
4 64 66 69 67
4 57 62 70 66
4 62 63 71 70
4 66 70 72 69
4 70 71 73 72
4 68 67 74 75
4 67 69 76 74
4 75 74 77 78
4 74 76 79 77
4 69 72 80 76
4 72 73 81 80
4 76 80 82 79
4 80 81 83 82
4 78 77 84 85
4 77 79 86 84
4 85 84 87 88
4 84 86 89 87
4 79 82 90 86
4 82 83 91 90
4 86 90 92 89
4 90 91 93 92
4 88 87 94 95
4 87 89 96 94
4 95 94 97 98
4 94 96 99 97
4 89 92 100 96
4 92 93 101 100
4 96 100 102 99
4 100 101 103 102
4 98 97 104 105
4 97 99 106 104
4 105 104 107 108
4 104 106 109 107
4 99 102 110 106
4 102 103 111 110
4 106 110 112 109
4 110 111 113 112
4 108 107 114 115
4 107 109 116 114
4 115 114 117 118
4 114 116 119 117
4 109 112 120 116
4 112 113 121 120
4 116 120 122 119
4 120 121 123 122
4 118 117 124 125
4 117 119 126 124
4 125 124 127 128
4 124 126 129 127
4 119 122 130 126
4 122 123 131 130
4 126 130 132 129
4 130 131 133 132
4 60 134 135 61
4 134 136 137 135
4 61 135 138 63
4 135 137 139 138
4 136 140 141 137
4 140 142 143 141
4 137 141 144 139
4 141 143 145 144
4 63 138 146 71
4 138 139 147 146
4 71 146 148 73
4 146 147 149 148
4 139 144 150 147
4 144 145 151 150
4 147 150 152 149
4 150 151 153 152
4 73 148 154 81
4 148 149 155 154
4 81 154 156 83
4 154 155 157 156
4 149 152 158 155
4 152 153 159 158
4 155 158 160 157
4 158 159 161 160
4 83 156 162 91
4 156 157 163 162
4 91 162 164 93
4 162 163 165 164
4 157 160 166 163
4 160 161 167 166
4 163 166 168 165
4 166 167 169 168
4 93 164 170 101
4 164 165 171 170
4 101 170 172 103
4 170 171 173 172
4 165 168 174 171
4 168 169 175 174
4 171 174 176 173
4 174 175 177 176
4 103 172 178 111
4 172 173 179 178
4 111 178 180 113
4 178 179 181 180
4 173 176 182 179
4 176 177 183 182
4 179 182 184 181
4 182 183 185 184
4 113 180 186 121
4 180 181 187 186
4 121 186 188 123
4 186 187 189 188
4 181 184 190 187
4 184 185 191 190
4 187 190 192 189
4 190 191 193 192
4 123 188 194 131
4 188 189 195 194
4 131 194 196 133
4 194 195 197 196
4 189 192 198 195
4 192 193 199 198
4 195 198 200 197
4 198 199 201 200
4 142 202 203 143
4 202 204 205 203
4 143 203 206 145
4 203 205 207 206
4 204 208 209 205
4 208 210 211 209
4 205 209 212 207
4 209 211 213 212
4 145 206 214 151
4 206 207 215 214
4 151 214 216 153
4 214 215 217 216
4 207 212 218 215
4 212 213 219 218
4 215 218 220 217
4 218 219 221 220
4 153 216 222 159
4 216 217 223 222
4 159 222 224 161
4 222 223 225 224
4 217 220 226 223
4 220 221 227 226
4 223 226 228 225
4 226 227 229 228
4 161 224 230 167
4 224 225 231 230
4 167 230 232 169
4 230 231 233 232
4 225 228 234 231
4 228 229 235 234
4 231 234 236 233
4 234 235 237 236
4 169 232 238 175
4 232 233 239 238
4 175 238 240 177
4 238 239 241 240
4 233 236 242 239
4 236 237 243 242
4 239 242 244 241
4 242 243 245 244
4 177 240 246 183
4 240 241 247 246
4 183 246 248 185
4 246 247 249 248
4 241 244 250 247
4 244 245 251 250
4 247 250 252 249
4 250 251 253 252
4 185 248 254 191
4 248 249 255 254
4 191 254 256 193
4 254 255 257 256
4 249 252 258 255
4 252 253 259 258
4 255 258 260 257
4 258 259 261 260
4 193 256 262 199
4 256 257 263 262
4 199 262 264 201
4 262 263 265 264
4 257 260 266 263
4 260 261 267 266
4 263 266 268 265
4 266 267 269 268
4 210 270 271 211
4 270 272 273 271
4 211 271 274 213
4 271 273 275 274
4 272 276 277 273
4 276 278 279 277
4 273 277 280 275
4 277 279 281 280
4 213 274 282 219
4 274 275 283 282
4 219 282 284 221
4 282 283 285 284
4 275 280 286 283
4 280 281 287 286
4 283 286 288 285
4 286 287 289 288
4 221 284 290 227
4 284 285 291 290
4 227 290 292 229
4 290 291 293 292
4 285 288 294 291
4 288 289 295 294
4 291 294 296 293
4 294 295 297 296
4 229 292 298 235
4 292 293 299 298
4 235 298 300 237
4 298 299 301 300
4 293 296 302 299
4 296 297 303 302
4 299 302 304 301
4 302 303 305 304
4 237 300 306 243
4 300 301 307 306
4 243 306 308 245
4 306 307 309 308
4 301 304 310 307
4 304 305 311 310
4 307 310 312 309
4 310 311 313 312
4 245 308 314 251
4 308 309 315 314
4 251 314 316 253
4 314 315 317 316
4 309 312 318 315
4 312 313 319 318
4 315 318 320 317
4 318 319 321 320
4 253 316 322 259
4 316 317 323 322
4 259 322 324 261
4 322 323 325 324
4 317 320 326 323
4 320 321 327 326
4 323 326 328 325
4 326 327 329 328
4 261 324 330 267
4 324 325 331 330
4 267 330 332 269
4 330 331 333 332
4 325 328 334 331
4 328 329 335 334
4 331 334 336 333
4 334 335 337 336
1 2 4 5 8 10 12 17 20 26 28 33 36 42 44 49 52 58 60 65 68 75 78 85 88 95 98 105 108 115 118 125 127 128 129 132 133 134 136 140 142 196 197 200 201 202 204 208 210 264 265 268 269 270 272 276 278 279 281 287 289 295 297 303 305 311 313 319 321 327 329 332 333 335 336 337
