1109 1036 1
0 0
0.001953125 0
0.001953125 0.001953125
0 0.001953125
0.00390625 0
0.00390625 0.001953125
0.001953125 0.00390625
0 0.00390625
0.00390625 0.00390625
0.0078125 0
0.0078125 0.00390625
0.00390625 0.0078125
0 0.0078125
0.0078125 0.0078125
0.015625 0
0.015625 0.0078125
0.0078125 0.015625
0 0.015625
0.015625 0.015625
0.03125 0
0.03125 0.015625
0.015625 0.03125
0 0.03125
0.03125 0.03125
0.0625 0
0.0625 0.03125
0.03125 0.0625
0 0.0625
0.0625 0.0625
0.09375 0
0.09375 0.03125
0.125 0
0.125 0.03125
0.09375 0.0625
0.125 0.0625
0.03125 0.09375
0 0.09375
0.0625 0.09375
0.03125 0.125
0 0.125
0.0625 0.125
0.09375 0.09375
0.125 0.09375
0.09375 0.125
0.125 0.125
0.15625 0
0.15625 0.03125
0.1875 0
0.1875 0.03125
0.15625 0.0625
0.1875 0.0625
0.21875 0
0.21875 0.03125
0.25 0
0.25 0.03125
0.21875 0.0625
0.25 0.0625
0.15625 0.09375
0.1875 0.09375
0.15625 0.125
0.1875 0.125
0.21875 0.09375
0.25 0.09375
0.21875 0.125
0.25 0.125
0.03125 0.15625
0 0.15625
0.0625 0.15625
0.03125 0.1875
0 0.1875
0.0625 0.1875
0.09375 0.15625
0.125 0.15625
0.09375 0.1875
0.125 0.1875
0.03125 0.21875
0 0.21875
0.0625 0.21875
0.03125 0.25
0 0.25
0.0625 0.25
0.09375 0.21875
0.125 0.21875
0.09375 0.25
0.125 0.25
0.15625 0.15625
0.1875 0.15625
0.15625 0.1875
0.1875 0.1875
0.21875 0.15625
0.25 0.15625
0.21875 0.1875
0.25 0.1875
0.15625 0.21875
0.1875 0.21875
0.15625 0.25
0.1875 0.25
0.21875 0.21875
0.25 0.21875
0.21875 0.25
0.25 0.25
0.28125 0
0.28125 0.03125
0.3125 0
0.3125 0.03125
0.28125 0.0625
0.3125 0.0625
0.34375 0
0.34375 0.03125
0.375 0
0.375 0.03125
0.34375 0.0625
0.375 0.0625
0.28125 0.09375
0.3125 0.09375
0.28125 0.125
0.3125 0.125
0.34375 0.09375
0.375 0.09375
0.34375 0.125
0.375 0.125
0.40625 0
0.40625 0.03125
0.4375 0
0.4375 0.03125
0.40625 0.0625
0.4375 0.0625
0.46875 0
0.46875 0.03125
0.5 0
0.5 0.03125
0.46875 0.0625
0.5 0.0625
0.40625 0.09375
0.4375 0.09375
0.40625 0.125
0.4375 0.125
0.46875 0.09375
0.5 0.09375
0.46875 0.125
0.5 0.125
0.28125 0.15625
0.3125 0.15625
0.28125 0.1875
0.3125 0.1875
0.34375 0.15625
0.375 0.15625
0.34375 0.1875
0.375 0.1875
0.28125 0.21875
0.3125 0.21875
0.28125 0.25
0.3125 0.25
0.34375 0.21875
0.375 0.21875
0.34375 0.25
0.375 0.25
0.40625 0.15625
0.4375 0.15625
0.40625 0.1875
0.4375 0.1875
0.46875 0.15625
0.5 0.15625
0.46875 0.1875
0.5 0.1875
0.40625 0.21875
0.4375 0.21875
0.40625 0.25
0.4375 0.25
0.46875 0.21875
0.5 0.21875
0.46875 0.25
0.5 0.25
0.03125 0.28125
0 0.28125
0.0625 0.28125
0.03125 0.3125
0 0.3125
0.0625 0.3125
0.09375 0.28125
0.125 0.28125
0.09375 0.3125
0.125 0.3125
0.03125 0.34375
0 0.34375
0.0625 0.34375
0.03125 0.375
0 0.375
0.0625 0.375
0.09375 0.34375
0.125 0.34375
0.09375 0.375
0.125 0.375
0.15625 0.28125
0.1875 0.28125
0.15625 0.3125
0.1875 0.3125
0.21875 0.28125
0.25 0.28125
0.21875 0.3125
0.25 0.3125
0.15625 0.34375
0.1875 0.34375
0.15625 0.375
0.1875 0.375
0.21875 0.34375
0.25 0.34375
0.21875 0.375
0.25 0.375
0.03125 0.40625
0 0.40625
0.0625 0.40625
0.03125 0.4375
0 0.4375
0.0625 0.4375
0.09375 0.40625
0.125 0.40625
0.09375 0.4375
0.125 0.4375
0.03125 0.46875
0 0.46875
0.0625 0.46875
0.03125 0.5
0 0.5
0.0625 0.5
0.09375 0.46875
0.125 0.46875
0.09375 0.5
0.125 0.5
0.15625 0.40625
0.1875 0.40625
0.15625 0.4375
0.1875 0.4375
0.21875 0.40625
0.25 0.40625
0.21875 0.4375
0.25 0.4375
0.15625 0.46875
0.1875 0.46875
0.15625 0.5
0.1875 0.5
0.21875 0.46875
0.25 0.46875
0.21875 0.5
0.25 0.5
0.28125 0.28125
0.3125 0.28125
0.28125 0.3125
0.3125 0.3125
0.34375 0.28125
0.375 0.28125
0.34375 0.3125
0.375 0.3125
0.28125 0.34375
0.3125 0.34375
0.28125 0.375
0.3125 0.375
0.34375 0.34375
0.375 0.34375
0.34375 0.375
0.375 0.375
0.40625 0.28125
0.4375 0.28125
0.40625 0.3125
0.4375 0.3125
0.46875 0.28125
0.5 0.28125
0.46875 0.3125
0.5 0.3125
0.40625 0.34375
0.4375 0.34375
0.40625 0.375
0.4375 0.375
0.46875 0.34375
0.5 0.34375
0.46875 0.375
0.5 0.375
0.28125 0.40625
0.3125 0.40625
0.28125 0.4375
0.3125 0.4375
0.34375 0.40625
0.375 0.40625
0.34375 0.4375
0.375 0.4375
0.28125 0.46875
0.3125 0.46875
0.28125 0.5
0.3125 0.5
0.34375 0.46875
0.375 0.46875
0.34375 0.5
0.375 0.5
0.40625 0.40625
0.4375 0.40625
0.40625 0.4375
0.4375 0.4375
0.46875 0.40625
0.5 0.40625
0.46875 0.4375
0.5 0.4375
0.40625 0.46875
0.4375 0.46875
0.40625 0.5
0.4375 0.5
0.46875 0.46875
0.5 0.46875
0.46875 0.5
0.5 0.5
0.03125 0.53125
0 0.53125
0.0625 0.53125
0.03125 0.5625
0 0.5625
0.0625 0.5625
0.09375 0.53125
0.125 0.53125
0.09375 0.5625
0.125 0.5625
0.03125 0.59375
0 0.59375
0.0625 0.59375
0.03125 0.625
0 0.625
0.0625 0.625
0.09375 0.59375
0.125 0.59375
0.09375 0.625
0.125 0.625
0.15625 0.53125
0.1875 0.53125
0.15625 0.5625
0.1875 0.5625
0.21875 0.53125
0.25 0.53125
0.21875 0.5625
0.25 0.5625
0.15625 0.59375
0.1875 0.59375
0.15625 0.625
0.1875 0.625
0.21875 0.59375
0.25 0.59375
0.21875 0.625
0.25 0.625
0.03125 0.65625
0 0.65625
0.0625 0.65625
0.03125 0.6875
0 0.6875
0.0625 0.6875
0.09375 0.65625
0.125 0.65625
0.09375 0.6875
0.125 0.6875
0.03125 0.71875
0 0.71875
0.0625 0.71875
0.03125 0.75
0 0.75
0.0625 0.75
0.09375 0.71875
0.125 0.71875
0.09375 0.75
0.125 0.75
0.15625 0.65625
0.1875 0.65625
0.15625 0.6875
0.1875 0.6875
0.21875 0.65625
0.25 0.65625
0.21875 0.6875
0.25 0.6875
0.15625 0.71875
0.1875 0.71875
0.15625 0.75
0.1875 0.75
0.21875 0.71875
0.25 0.71875
0.21875 0.75
0.25 0.75
0.28125 0.53125
0.3125 0.53125
0.28125 0.5625
0.3125 0.5625
0.34375 0.53125
0.375 0.53125
0.34375 0.5625
0.375 0.5625
0.28125 0.59375
0.3125 0.59375
0.28125 0.625
0.3125 0.625
0.34375 0.59375
0.375 0.59375
0.34375 0.625
0.375 0.625
0.40625 0.53125
0.4375 0.53125
0.40625 0.5625
0.4375 0.5625
0.46875 0.53125
0.5 0.53125
0.46875 0.5625
0.5 0.5625
0.40625 0.59375
0.4375 0.59375
0.40625 0.625
0.4375 0.625
0.46875 0.59375
0.5 0.59375
0.46875 0.625
0.5 0.625
0.28125 0.65625
0.3125 0.65625
0.28125 0.6875
0.3125 0.6875
0.34375 0.65625
0.375 0.65625
0.34375 0.6875
0.375 0.6875
0.28125 0.71875
0.3125 0.71875
0.28125 0.75
0.3125 0.75
0.34375 0.71875
0.375 0.71875
0.34375 0.75
0.375 0.75
0.40625 0.65625
0.4375 0.65625
0.40625 0.6875
0.4375 0.6875
0.46875 0.65625
0.5 0.65625
0.46875 0.6875
0.5 0.6875
0.40625 0.71875
0.4375 0.71875
0.40625 0.75
0.4375 0.75
0.46875 0.71875
0.5 0.71875
0.46875 0.75
0.5 0.75
0.03125 0.78125
0 0.78125
0.0625 0.78125
0.03125 0.8125
0 0.8125
0.0625 0.8125
0.09375 0.78125
0.125 0.78125
0.09375 0.8125
0.125 0.8125
0.03125 0.84375
0 0.84375
0.0625 0.84375
0.03125 0.875
0 0.875
0.0625 0.875
0.09375 0.84375
0.125 0.84375
0.09375 0.875
0.125 0.875
0.15625 0.78125
0.1875 0.78125
0.15625 0.8125
0.1875 0.8125
0.21875 0.78125
0.25 0.78125
0.21875 0.8125
0.25 0.8125
0.15625 0.84375
0.1875 0.84375
0.15625 0.875
0.1875 0.875
0.21875 0.84375
0.25 0.84375
0.21875 0.875
0.25 0.875
0.03125 0.90625
0 0.90625
0.0625 0.90625
0.03125 0.9375
0 0.9375
0.0625 0.9375
0.09375 0.90625
0.125 0.90625
0.09375 0.9375
0.125 0.9375
0.03125 0.96875
0 0.96875
0.0625 0.96875
0.03125 1
0 1
0.0625 1
0.09375 0.96875
0.125 0.96875
0.09375 1
0.125 1
0.15625 0.90625
0.1875 0.90625
0.15625 0.9375
0.1875 0.9375
0.21875 0.90625
0.25 0.90625
0.21875 0.9375
0.25 0.9375
0.15625 0.96875
0.1875 0.96875
0.15625 1
0.1875 1
0.21875 0.96875
0.25 0.96875
0.21875 1
0.25 1
0.28125 0.78125
0.3125 0.78125
0.28125 0.8125
0.3125 0.8125
0.34375 0.78125
0.375 0.78125
0.34375 0.8125
0.375 0.8125
0.28125 0.84375
0.3125 0.84375
0.28125 0.875
0.3125 0.875
0.34375 0.84375
0.375 0.84375
0.34375 0.875
0.375 0.875
0.40625 0.78125
0.4375 0.78125
0.40625 0.8125
0.4375 0.8125
0.46875 0.78125
0.5 0.78125
0.46875 0.8125
0.5 0.8125
0.40625 0.84375
0.4375 0.84375
0.40625 0.875
0.4375 0.875
0.46875 0.84375
0.5 0.84375
0.46875 0.875
0.5 0.875
0.28125 0.90625
0.3125 0.90625
0.28125 0.9375
0.3125 0.9375
0.34375 0.90625
0.375 0.90625
0.34375 0.9375
0.375 0.9375
0.28125 0.96875
0.3125 0.96875
0.28125 1
0.3125 1
0.34375 0.96875
0.375 0.96875
0.34375 1
0.375 1
0.40625 0.90625
0.4375 0.90625
0.40625 0.9375
0.4375 0.9375
0.46875 0.90625
0.5 0.90625
0.46875 0.9375
0.5 0.9375
0.40625 0.96875
0.4375 0.96875
0.40625 1
0.4375 1
0.46875 0.96875
0.5 0.96875
0.46875 1
0.5 1
0.53125 0
0.53125 0.03125
0.5625 0
0.5625 0.03125
0.53125 0.0625
0.5625 0.0625
0.59375 0
0.59375 0.03125
0.625 0
0.625 0.03125
0.59375 0.0625
0.625 0.0625
0.53125 0.09375
0.5625 0.09375
0.53125 0.125
0.5625 0.125
0.59375 0.09375
0.625 0.09375
0.59375 0.125
0.625 0.125
0.65625 0
0.65625 0.03125
0.6875 0
0.6875 0.03125
0.65625 0.0625
0.6875 0.0625
0.71875 0
0.71875 0.03125
0.75 0
0.75 0.03125
0.71875 0.0625
0.75 0.0625
0.65625 0.09375
0.6875 0.09375
0.65625 0.125
0.6875 0.125
0.71875 0.09375
0.75 0.09375
0.71875 0.125
0.75 0.125
0.53125 0.15625
0.5625 0.15625
0.53125 0.1875
0.5625 0.1875
0.59375 0.15625
0.625 0.15625
0.59375 0.1875
0.625 0.1875
0.53125 0.21875
0.5625 0.21875
0.53125 0.25
0.5625 0.25
0.59375 0.21875
0.625 0.21875
0.59375 0.25
0.625 0.25
0.65625 0.15625
0.6875 0.15625
0.65625 0.1875
0.6875 0.1875
0.71875 0.15625
0.75 0.15625
0.71875 0.1875
0.75 0.1875
0.65625 0.21875
0.6875 0.21875
0.65625 0.25
0.6875 0.25
0.71875 0.21875
0.75 0.21875
0.71875 0.25
0.75 0.25
0.78125 0
0.78125 0.03125
0.8125 0
0.8125 0.03125
0.78125 0.0625
0.8125 0.0625
0.84375 0
0.84375 0.03125
0.875 0
0.875 0.03125
0.84375 0.0625
0.875 0.0625
0.78125 0.09375
0.8125 0.09375
0.78125 0.125
0.8125 0.125
0.84375 0.09375
0.875 0.09375
0.84375 0.125
0.875 0.125
0.90625 0
0.90625 0.03125
0.9375 0
0.9375 0.03125
0.90625 0.0625
0.9375 0.0625
0.96875 0
0.96875 0.03125
1 0
1 0.03125
0.96875 0.0625
1 0.0625
0.90625 0.09375
0.9375 0.09375
0.90625 0.125
0.9375 0.125
0.96875 0.09375
1 0.09375
0.96875 0.125
1 0.125
0.78125 0.15625
0.8125 0.15625
0.78125 0.1875
0.8125 0.1875
0.84375 0.15625
0.875 0.15625
0.84375 0.1875
0.875 0.1875
0.78125 0.21875
0.8125 0.21875
0.78125 0.25
0.8125 0.25
0.84375 0.21875
0.875 0.21875
0.84375 0.25
0.875 0.25
0.90625 0.15625
0.9375 0.15625
0.90625 0.1875
0.9375 0.1875
0.96875 0.15625
1 0.15625
0.96875 0.1875
1 0.1875
0.90625 0.21875
0.9375 0.21875
0.90625 0.25
0.9375 0.25
0.96875 0.21875
1 0.21875
0.96875 0.25
1 0.25
0.53125 0.28125
0.5625 0.28125
0.53125 0.3125
0.5625 0.3125
0.59375 0.28125
0.625 0.28125
0.59375 0.3125
0.625 0.3125
0.53125 0.34375
0.5625 0.34375
0.53125 0.375
0.5625 0.375
0.59375 0.34375
0.625 0.34375
0.59375 0.375
0.625 0.375
0.65625 0.28125
0.6875 0.28125
0.65625 0.3125
0.6875 0.3125
0.71875 0.28125
0.75 0.28125
0.71875 0.3125
0.75 0.3125
0.65625 0.34375
0.6875 0.34375
0.65625 0.375
0.6875 0.375
0.71875 0.34375
0.75 0.34375
0.71875 0.375
0.75 0.375
0.53125 0.40625
0.5625 0.40625
0.53125 0.4375
0.5625 0.4375
0.59375 0.40625
0.625 0.40625
0.59375 0.4375
0.625 0.4375
0.53125 0.46875
0.5625 0.46875
0.53125 0.5
0.5625 0.5
0.59375 0.46875
0.625 0.46875
0.59375 0.5
0.625 0.5
0.65625 0.40625
0.6875 0.40625
0.65625 0.4375
0.6875 0.4375
0.71875 0.40625
0.75 0.40625
0.71875 0.4375
0.75 0.4375
0.65625 0.46875
0.6875 0.46875
0.65625 0.5
0.6875 0.5
0.71875 0.46875
0.75 0.46875
0.71875 0.5
0.75 0.5
0.78125 0.28125
0.8125 0.28125
0.78125 0.3125
0.8125 0.3125
0.84375 0.28125
0.875 0.28125
0.84375 0.3125
0.875 0.3125
0.78125 0.34375
0.8125 0.34375
0.78125 0.375
0.8125 0.375
0.84375 0.34375
0.875 0.34375
0.84375 0.375
0.875 0.375
0.90625 0.28125
0.9375 0.28125
0.90625 0.3125
0.9375 0.3125
0.96875 0.28125
1 0.28125
0.96875 0.3125
1 0.3125
0.90625 0.34375
0.9375 0.34375
0.90625 0.375
0.9375 0.375
0.96875 0.34375
1 0.34375
0.96875 0.375
1 0.375
0.78125 0.40625
0.8125 0.40625
0.78125 0.4375
0.8125 0.4375
0.84375 0.40625
0.875 0.40625
0.84375 0.4375
0.875 0.4375
0.78125 0.46875
0.8125 0.46875
0.78125 0.5
0.8125 0.5
0.84375 0.46875
0.875 0.46875
0.84375 0.5
0.875 0.5
0.90625 0.40625
0.9375 0.40625
0.90625 0.4375
0.9375 0.4375
0.96875 0.40625
1 0.40625
0.96875 0.4375
1 0.4375
0.90625 0.46875
0.9375 0.46875
0.90625 0.5
0.9375 0.5
0.96875 0.46875
1 0.46875
0.96875 0.5
1 0.5
0.53125 0.53125
0.5625 0.53125
0.53125 0.5625
0.5625 0.5625
0.59375 0.53125
0.625 0.53125
0.59375 0.5625
0.625 0.5625
0.53125 0.59375
0.5625 0.59375
0.53125 0.625
0.5625 0.625
0.59375 0.59375
0.625 0.59375
0.59375 0.625
0.625 0.625
0.65625 0.53125
0.6875 0.53125
0.65625 0.5625
0.6875 0.5625
0.71875 0.53125
0.75 0.53125
0.71875 0.5625
0.75 0.5625
0.65625 0.59375
0.6875 0.59375
0.65625 0.625
0.6875 0.625
0.71875 0.59375
0.75 0.59375
0.71875 0.625
0.75 0.625
0.53125 0.65625
0.5625 0.65625
0.53125 0.6875
0.5625 0.6875
0.59375 0.65625
0.625 0.65625
0.59375 0.6875
0.625 0.6875
0.53125 0.71875
0.5625 0.71875
0.53125 0.75
0.5625 0.75
0.59375 0.71875
0.625 0.71875
0.59375 0.75
0.625 0.75
0.65625 0.65625
0.6875 0.65625
0.65625 0.6875
0.6875 0.6875
0.71875 0.65625
0.75 0.65625
0.71875 0.6875
0.75 0.6875
0.65625 0.71875
0.6875 0.71875
0.65625 0.75
0.6875 0.75
0.71875 0.71875
0.75 0.71875
0.71875 0.75
0.75 0.75
0.78125 0.53125
0.8125 0.53125
0.78125 0.5625
0.8125 0.5625
0.84375 0.53125
0.875 0.53125
0.84375 0.5625
0.875 0.5625
0.78125 0.59375
0.8125 0.59375
0.78125 0.625
0.8125 0.625
0.84375 0.59375
0.875 0.59375
0.84375 0.625
0.875 0.625
0.90625 0.53125
0.9375 0.53125
0.90625 0.5625
0.9375 0.5625
0.96875 0.53125
1 0.53125
0.96875 0.5625
1 0.5625
0.90625 0.59375
0.9375 0.59375
0.90625 0.625
0.9375 0.625
0.96875 0.59375
1 0.59375
0.96875 0.625
1 0.625
0.78125 0.65625
0.8125 0.65625
0.78125 0.6875
0.8125 0.6875
0.84375 0.65625
0.875 0.65625
0.84375 0.6875
0.875 0.6875
0.78125 0.71875
0.8125 0.71875
0.78125 0.75
0.8125 0.75
0.84375 0.71875
0.875 0.71875
0.84375 0.75
0.875 0.75
0.90625 0.65625
0.9375 0.65625
0.90625 0.6875
0.9375 0.6875
0.96875 0.65625
1 0.65625
0.96875 0.6875
1 0.6875
0.90625 0.71875
0.9375 0.71875
0.90625 0.75
0.9375 0.75
0.96875 0.71875
1 0.71875
0.96875 0.75
1 0.75
0.53125 0.78125
0.5625 0.78125
0.53125 0.8125
0.5625 0.8125
0.59375 0.78125
0.625 0.78125
0.59375 0.8125
0.625 0.8125
0.53125 0.84375
0.5625 0.84375
0.53125 0.875
0.5625 0.875
0.59375 0.84375
0.625 0.84375
0.59375 0.875
0.625 0.875
0.65625 0.78125
0.6875 0.78125
0.65625 0.8125
0.6875 0.8125
0.71875 0.78125
0.75 0.78125
0.71875 0.8125
0.75 0.8125
0.65625 0.84375
0.6875 0.84375
0.65625 0.875
0.6875 0.875
0.71875 0.84375
0.75 0.84375
0.71875 0.875
0.75 0.875
0.53125 0.90625
0.5625 0.90625
0.53125 0.9375
0.5625 0.9375
0.59375 0.90625
0.625 0.90625
0.59375 0.9375
0.625 0.9375
0.53125 0.96875
0.5625 0.96875
0.53125 1
0.5625 1
0.59375 0.96875
0.625 0.96875
0.59375 1
0.625 1
0.65625 0.90625
0.6875 0.90625
0.65625 0.9375
0.6875 0.9375
0.71875 0.90625
0.75 0.90625
0.71875 0.9375
0.75 0.9375
0.65625 0.96875
0.6875 0.96875
0.65625 1
0.6875 1
0.71875 0.96875
0.75 0.96875
0.71875 1
0.75 1
0.78125 0.78125
0.8125 0.78125
0.78125 0.8125
0.8125 0.8125
0.84375 0.78125
0.875 0.78125
0.84375 0.8125
0.875 0.8125
0.78125 0.84375
0.8125 0.84375
0.78125 0.875
0.8125 0.875
0.84375 0.84375
0.875 0.84375
0.84375 0.875
0.875 0.875
0.90625 0.78125
0.9375 0.78125
0.90625 0.8125
0.9375 0.8125
0.96875 0.78125
1 0.78125
0.96875 0.8125
1 0.8125
0.90625 0.84375
0.9375 0.84375
0.90625 0.875
0.9375 0.875
0.96875 0.84375
1 0.84375
0.96875 0.875
1 0.875
0.78125 0.90625
0.8125 0.90625
0.78125 0.9375
0.8125 0.9375
0.84375 0.90625
0.875 0.90625
0.84375 0.9375
0.875 0.9375
0.78125 0.96875
0.8125 0.96875
0.78125 1
0.8125 1
0.84375 0.96875
0.875 0.96875
0.84375 1
0.875 1
0.90625 0.90625
0.9375 0.90625
0.90625 0.9375
0.9375 0.9375
0.96875 0.90625
1 0.90625
0.96875 0.9375
1 0.9375
0.90625 0.96875
0.9375 0.96875
0.90625 1
0.9375 1
0.96875 0.96875
1 0.96875
0.96875 1
1 1
4 1 2 3 4
4 2 5 6 3
4 4 3 7 8
4 3 6 9 7
5 5 10 11 9 6
5 8 7 9 12 13
4 9 11 14 12
5 10 15 16 14 11
5 13 12 14 17 18
4 14 16 19 17
5 15 20 21 19 16
5 18 17 19 22 23
4 19 21 24 22
5 20 25 26 24 21
5 23 22 24 27 28
4 24 26 29 27
4 25 30 31 26
4 30 32 33 31
4 26 31 34 29
4 31 33 35 34
4 28 27 36 37
4 27 29 38 36
4 37 36 39 40
4 36 38 41 39
4 29 34 42 38
4 34 35 43 42
4 38 42 44 41
4 42 43 45 44
4 32 46 47 33
4 46 48 49 47
4 33 47 50 35
4 47 49 51 50
4 48 52 53 49
4 52 54 55 53
4 49 53 56 51
4 53 55 57 56
4 35 50 58 43
4 50 51 59 58
4 43 58 60 45
4 58 59 61 60
4 51 56 62 59
4 56 57 63 62
4 59 62 64 61
4 62 63 65 64
4 40 39 66 67
4 39 41 68 66
4 67 66 69 70
4 66 68 71 69
4 41 44 72 68
4 44 45 73 72
4 68 72 74 71
4 72 73 75 74
4 70 69 76 77
4 69 71 78 76
4 77 76 79 80
4 76 78 81 79
4 71 74 82 78
4 74 75 83 82
4 78 82 84 81
4 82 83 85 84
4 45 60 86 73
4 60 61 87 86
4 73 86 88 75
4 86 87 89 88
4 61 64 90 87
4 64 65 91 90
4 87 90 92 89
4 90 91 93 92
4 75 88 94 83
4 88 89 95 94
4 83 94 96 85
4 94 95 97 96
4 89 92 98 95
4 92 93 99 98
4 95 98 100 97
4 98 99 101 100
4 54 102 103 55
4 102 104 105 103
4 55 103 106 57
4 103 105 107 106
4 104 108 109 105
4 108 110 111 109
4 105 109 112 107
4 109 111 113 112
4 57 106 114 63
4 106 107 115 114
4 63 114 116 65
4 114 115 117 116
4 107 112 118 115
4 112 113 119 118
4 115 118 120 117
4 118 119 121 120
4 110 122 123 111
4 122 124 125 123
4 111 123 126 113
4 123 125 127 126
4 124 128 129 125
4 128 130 131 129
4 125 129 132 127
4 129 131 133 132
4 113 126 134 119
4 126 127 135 134
4 119 134 136 121
4 134 135 137 136
4 127 132 138 135
4 132 133 139 138
4 135 138 140 137
4 138 139 141 140
4 65 116 142 91
4 116 117 143 142
4 91 142 144 93
4 142 143 145 144
4 117 120 146 143
4 120 121 147 146
4 143 146 148 145
4 146 147 149 148
4 93 144 150 99
4 144 145 151 150
4 99 150 152 101
4 150 151 153 152
4 145 148 154 151
4 148 149 155 154
4 151 154 156 153
4 154 155 157 156
4 121 136 158 147
4 136 137 159 158
4 147 158 160 149
4 158 159 161 160
4 137 140 162 159
4 140 141 163 162
4 159 162 164 161
4 162 163 165 164
4 149 160 166 155
4 160 161 167 166
4 155 166 168 157
4 166 167 169 168
4 161 164 170 167
4 164 165 171 170
4 167 170 172 169
4 170 171 173 172
4 80 79 174 175
4 79 81 176 174
4 175 174 177 178
4 174 176 179 177
4 81 84 180 176
4 84 85 181 180
4 176 180 182 179
4 180 181 183 182
4 178 177 184 185
4 177 179 186 184
4 185 184 187 188
4 184 186 189 187
4 179 182 190 186
4 182 183 191 190
4 186 190 192 189
4 190 191 193 192
4 85 96 194 181
4 96 97 195 194
4 181 194 196 183
4 194 195 197 196
4 97 100 198 195
4 100 101 199 198
4 195 198 200 197
4 198 199 201 200
4 183 196 202 191
4 196 197 203 202
4 191 202 204 193
4 202 203 205 204
4 197 200 206 203
4 200 201 207 206
4 203 206 208 205
4 206 207 209 208
4 188 187 210 211
4 187 189 212 210
4 211 210 213 214
4 210 212 215 213
4 189 192 216 212
4 192 193 217 216
4 212 216 218 215
4 216 217 219 218
4 214 213 220 221
4 213 215 222 220
4 221 220 223 224
4 220 222 225 223
4 215 218 226 222
4 218 219 227 226
4 222 226 228 225
4 226 227 229 228
4 193 204 230 217
4 204 205 231 230
4 217 230 232 219
4 230 231 233 232
4 205 208 234 231
4 208 209 235 234
4 231 234 236 233
4 234 235 237 236
4 219 232 238 227
4 232 233 239 238
4 227 238 240 229
4 238 239 241 240
4 233 236 242 239
4 236 237 243 242
4 239 242 244 241
4 242 243 245 244
4 101 152 246 199
4 152 153 247 246
4 199 246 248 201
4 246 247 249 248
4 153 156 250 247
4 156 157 251 250
4 247 250 252 249
4 250 251 253 252
4 201 248 254 207
4 248 249 255 254
4 207 254 256 209
4 254 255 257 256
4 249 252 258 255
4 252 253 259 258
4 255 258 260 257
4 258 259 261 260
4 157 168 262 251
4 168 169 263 262
4 251 262 264 253
4 262 263 265 264
4 169 172 266 263
4 172 173 267 266
4 263 266 268 265
4 266 267 269 268
4 253 264 270 259
4 264 265 271 270
4 259 270 272 261
4 270 271 273 272
4 265 268 274 271
4 268 269 275 274
4 271 274 276 273
4 274 275 277 276
4 209 256 278 235
4 256 257 279 278
4 235 278 280 237
4 278 279 281 280
4 257 260 282 279
4 260 261 283 282
4 279 282 284 281
4 282 283 285 284
4 237 280 286 243
4 280 281 287 286
4 243 286 288 245
4 286 287 289 288
4 281 284 290 287
4 284 285 291 290
4 287 290 292 289
4 290 291 293 292
4 261 272 294 283
4 272 273 295 294
4 283 294 296 285
4 294 295 297 296
4 273 276 298 295
4 276 277 299 298
4 295 298 300 297
4 298 299 301 300
4 285 296 302 291
4 296 297 303 302
4 291 302 304 293
4 302 303 305 304
4 297 300 306 303
4 300 301 307 306
4 303 306 308 305
4 306 307 309 308
4 224 223 310 311
4 223 225 312 310
4 311 310 313 314
4 310 312 315 313
4 225 228 316 312
4 228 229 317 316
4 312 316 318 315
4 316 317 319 318
4 314 313 320 321
4 313 315 322 320
4 321 320 323 324
4 320 322 325 323
4 315 318 326 322
4 318 319 327 326
4 322 326 328 325
4 326 327 329 328
4 229 240 330 317
4 240 241 331 330
4 317 330 332 319
4 330 331 333 332
4 241 244 334 331
4 244 245 335 334
4 331 334 336 333
4 334 335 337 336
4 319 332 338 327
4 332 333 339 338
4 327 338 340 329
4 338 339 341 340
4 333 336 342 339
4 336 337 343 342
4 339 342 344 341
4 342 343 345 344
4 324 323 346 347
4 323 325 348 346
4 347 346 349 350
4 346 348 351 349
4 325 328 352 348
4 328 329 353 352
4 348 352 354 351
4 352 353 355 354
4 350 349 356 357
4 349 351 358 356
4 357 356 359 360
4 356 358 361 359
4 351 354 362 358
4 354 355 363 362
4 358 362 364 361
4 362 363 365 364
4 329 340 366 353
4 340 341 367 366
4 353 366 368 355
4 366 367 369 368
4 341 344 370 367
4 344 345 371 370
4 367 370 372 369
4 370 371 373 372
4 355 368 374 363
4 368 369 375 374
4 363 374 376 365
4 374 375 377 376
4 369 372 378 375
4 372 373 379 378
4 375 378 380 377
4 378 379 381 380
4 245 288 382 335
4 288 289 383 382
4 335 382 384 337
4 382 383 385 384
4 289 292 386 383
4 292 293 387 386
4 383 386 388 385
4 386 387 389 388
4 337 384 390 343
4 384 385 391 390
4 343 390 392 345
4 390 391 393 392
4 385 388 394 391
4 388 389 395 394
4 391 394 396 393
4 394 395 397 396
4 293 304 398 387
4 304 305 399 398
4 387 398 400 389
4 398 399 401 400
4 305 308 402 399
4 308 309 403 402
4 399 402 404 401
4 402 403 405 404
4 389 400 406 395
4 400 401 407 406
4 395 406 408 397
4 406 407 409 408
4 401 404 410 407
4 404 405 411 410
4 407 410 412 409
4 410 411 413 412
4 345 392 414 371
4 392 393 415 414
4 371 414 416 373
4 414 415 417 416
4 393 396 418 415
4 396 397 419 418
4 415 418 420 417
4 418 419 421 420
4 373 416 422 379
4 416 417 423 422
4 379 422 424 381
4 422 423 425 424
4 417 420 426 423
4 420 421 427 426
4 423 426 428 425
4 426 427 429 428
4 397 408 430 419
4 408 409 431 430
4 419 430 432 421
4 430 431 433 432
4 409 412 434 431
4 412 413 435 434
4 431 434 436 433
4 434 435 437 436
4 421 432 438 427
4 432 433 439 438
4 427 438 440 429
4 438 439 441 440
4 433 436 442 439
4 436 437 443 442
4 439 442 444 441
4 442 443 445 444
4 360 359 446 447
4 359 361 448 446
4 447 446 449 450
4 446 448 451 449
4 361 364 452 448
4 364 365 453 452
4 448 452 454 451
4 452 453 455 454
4 450 449 456 457
4 449 451 458 456
4 457 456 459 460
4 456 458 461 459
4 451 454 462 458
4 454 455 463 462
4 458 462 464 461
4 462 463 465 464
4 365 376 466 453
4 376 377 467 466
4 453 466 468 455
4 466 467 469 468
4 377 380 470 467
4 380 381 471 470
4 467 470 472 469
4 470 471 473 472
4 455 468 474 463
4 468 469 475 474
4 463 474 476 465
4 474 475 477 476
4 469 472 478 475
4 472 473 479 478
4 475 478 480 477
4 478 479 481 480
4 460 459 482 483
4 459 461 484 482
4 483 482 485 486
4 482 484 487 485
4 461 464 488 484
4 464 465 489 488
4 484 488 490 487
4 488 489 491 490
4 486 485 492 493
4 485 487 494 492
4 493 492 495 496
4 492 494 497 495
4 487 490 498 494
4 490 491 499 498
4 494 498 500 497
4 498 499 501 500
4 465 476 502 489
4 476 477 503 502
4 489 502 504 491
4 502 503 505 504
4 477 480 506 503
4 480 481 507 506
4 503 506 508 505
4 506 507 509 508
4 491 504 510 499
4 504 505 511 510
4 499 510 512 501
4 510 511 513 512
4 505 508 514 511
4 508 509 515 514
4 511 514 516 513
4 514 515 517 516
4 381 424 518 471
4 424 425 519 518
4 471 518 520 473
4 518 519 521 520
4 425 428 522 519
4 428 429 523 522
4 519 522 524 521
4 522 523 525 524
4 473 520 526 479
4 520 521 527 526
4 479 526 528 481
4 526 527 529 528
4 521 524 530 527
4 524 525 531 530
4 527 530 532 529
4 530 531 533 532
4 429 440 534 523
4 440 441 535 534
4 523 534 536 525
4 534 535 537 536
4 441 444 538 535
4 444 445 539 538
4 535 538 540 537
4 538 539 541 540
4 525 536 542 531
4 536 537 543 542
4 531 542 544 533
4 542 543 545 544
4 537 540 546 543
4 540 541 547 546
4 543 546 548 545
4 546 547 549 548
4 481 528 550 507
4 528 529 551 550
4 507 550 552 509
4 550 551 553 552
4 529 532 554 551
4 532 533 555 554
4 551 554 556 553
4 554 555 557 556
4 509 552 558 515
4 552 553 559 558
4 515 558 560 517
4 558 559 561 560
4 553 556 562 559
4 556 557 563 562
4 559 562 564 561
4 562 563 565 564
4 533 544 566 555
4 544 545 567 566
4 555 566 568 557
4 566 567 569 568
4 545 548 570 567
4 548 549 571 570
4 567 570 572 569
4 570 571 573 572
4 557 568 574 563
4 568 569 575 574
4 563 574 576 565
4 574 575 577 576
4 569 572 578 575
4 572 573 579 578
4 575 578 580 577
4 578 579 581 580
4 130 582 583 131
4 582 584 585 583
4 131 583 586 133
4 583 585 587 586
4 584 588 589 585
4 588 590 591 589
4 585 589 592 587
4 589 591 593 592
4 133 586 594 139
4 586 587 595 594
4 139 594 596 141
4 594 595 597 596
4 587 592 598 595
4 592 593 599 598
4 595 598 600 597
4 598 599 601 600
4 590 602 603 591
4 602 604 605 603
4 591 603 606 593
4 603 605 607 606
4 604 608 609 605
4 608 610 611 609
4 605 609 612 607
4 609 611 613 612
4 593 606 614 599
4 606 607 615 614
4 599 614 616 601
4 614 615 617 616
4 607 612 618 615
4 612 613 619 618
4 615 618 620 617
4 618 619 621 620
4 141 596 622 163
4 596 597 623 622
4 163 622 624 165
4 622 623 625 624
4 597 600 626 623
4 600 601 627 626
4 623 626 628 625
4 626 627 629 628
4 165 624 630 171
4 624 625 631 630
4 171 630 632 173
4 630 631 633 632
4 625 628 634 631
4 628 629 635 634
4 631 634 636 633
4 634 635 637 636
4 601 616 638 627
4 616 617 639 638
4 627 638 640 629
4 638 639 641 640
4 617 620 642 639
4 620 621 643 642
4 639 642 644 641
4 642 643 645 644
4 629 640 646 635
4 640 641 647 646
4 635 646 648 637
4 646 647 649 648
4 641 644 650 647
4 644 645 651 650
4 647 650 652 649
4 650 651 653 652
4 610 654 655 611
4 654 656 657 655
4 611 655 658 613
4 655 657 659 658
4 656 660 661 657
4 660 662 663 661
4 657 661 664 659
4 661 663 665 664
4 613 658 666 619
4 658 659 667 666
4 619 666 668 621
4 666 667 669 668
4 659 664 670 667
4 664 665 671 670
4 667 670 672 669
4 670 671 673 672
4 662 674 675 663
4 674 676 677 675
4 663 675 678 665
4 675 677 679 678
4 676 680 681 677
4 680 682 683 681
4 677 681 684 679
4 681 683 685 684
4 665 678 686 671
4 678 679 687 686
4 671 686 688 673
4 686 687 689 688
4 679 684 690 687
4 684 685 691 690
4 687 690 692 689
4 690 691 693 692
4 621 668 694 643
4 668 669 695 694
4 643 694 696 645
4 694 695 697 696
4 669 672 698 695
4 672 673 699 698
4 695 698 700 697
4 698 699 701 700
4 645 696 702 651
4 696 697 703 702
4 651 702 704 653
4 702 703 705 704
4 697 700 706 703
4 700 701 707 706
4 703 706 708 705
4 706 707 709 708
4 673 688 710 699
4 688 689 711 710
4 699 710 712 701
4 710 711 713 712
4 689 692 714 711
4 692 693 715 714
4 711 714 716 713
4 714 715 717 716
4 701 712 718 707
4 712 713 719 718
4 707 718 720 709
4 718 719 721 720
4 713 716 722 719
4 716 717 723 722
4 719 722 724 721
4 722 723 725 724
4 173 632 726 267
4 632 633 727 726
4 267 726 728 269
4 726 727 729 728
4 633 636 730 727
4 636 637 731 730
4 727 730 732 729
4 730 731 733 732
4 269 728 734 275
4 728 729 735 734
4 275 734 736 277
4 734 735 737 736
4 729 732 738 735
4 732 733 739 738
4 735 738 740 737
4 738 739 741 740
4 637 648 742 731
4 648 649 743 742
4 731 742 744 733
4 742 743 745 744
4 649 652 746 743
4 652 653 747 746
4 743 746 748 745
4 746 747 749 748
4 733 744 750 739
4 744 745 751 750
4 739 750 752 741
4 750 751 753 752
4 745 748 754 751
4 748 749 755 754
4 751 754 756 753
4 754 755 757 756
4 277 736 758 299
4 736 737 759 758
4 299 758 760 301
4 758 759 761 760
4 737 740 762 759
4 740 741 763 762
4 759 762 764 761
4 762 763 765 764
4 301 760 766 307
4 760 761 767 766
4 307 766 768 309
4 766 767 769 768
4 761 764 770 767
4 764 765 771 770
4 767 770 772 769
4 770 771 773 772
4 741 752 774 763
4 752 753 775 774
4 763 774 776 765
4 774 775 777 776
4 753 756 778 775
4 756 757 779 778
4 775 778 780 777
4 778 779 781 780
4 765 776 782 771
4 776 777 783 782
4 771 782 784 773
4 782 783 785 784
4 777 780 786 783
4 780 781 787 786
4 783 786 788 785
4 786 787 789 788
4 653 704 790 747
4 704 705 791 790
4 747 790 792 749
4 790 791 793 792
4 705 708 794 791
4 708 709 795 794
4 791 794 796 793
4 794 795 797 796
4 749 792 798 755
4 792 793 799 798
4 755 798 800 757
4 798 799 801 800
4 793 796 802 799
4 796 797 803 802
4 799 802 804 801
4 802 803 805 804
4 709 720 806 795
4 720 721 807 806
4 795 806 808 797
4 806 807 809 808
4 721 724 810 807
4 724 725 811 810
4 807 810 812 809
4 810 811 813 812
4 797 808 814 803
4 808 809 815 814
4 803 814 816 805
4 814 815 817 816
4 809 812 818 815
4 812 813 819 818
4 815 818 820 817
4 818 819 821 820
4 757 800 822 779
4 800 801 823 822
4 779 822 824 781
4 822 823 825 824
4 801 804 826 823
4 804 805 827 826
4 823 826 828 825
4 826 827 829 828
4 781 824 830 787
4 824 825 831 830
4 787 830 832 789
4 830 831 833 832
4 825 828 834 831
4 828 829 835 834
4 831 834 836 833
4 834 835 837 836
4 805 816 838 827
4 816 817 839 838
4 827 838 840 829
4 838 839 841 840
4 817 820 842 839
4 820 821 843 842
4 839 842 844 841
4 842 843 845 844
4 829 840 846 835
4 840 841 847 846
4 835 846 848 837
4 846 847 849 848
4 841 844 850 847
4 844 845 851 850
4 847 850 852 849
4 850 851 853 852
4 309 768 854 403
4 768 769 855 854
4 403 854 856 405
4 854 855 857 856
4 769 772 858 855
4 772 773 859 858
4 855 858 860 857
4 858 859 861 860
4 405 856 862 411
4 856 857 863 862
4 411 862 864 413
4 862 863 865 864
4 857 860 866 863
4 860 861 867 866
4 863 866 868 865
4 866 867 869 868
4 773 784 870 859
4 784 785 871 870
4 859 870 872 861
4 870 871 873 872
4 785 788 874 871
4 788 789 875 874
4 871 874 876 873
4 874 875 877 876
4 861 872 878 867
4 872 873 879 878
4 867 878 880 869
4 878 879 881 880
4 873 876 882 879
4 876 877 883 882
4 879 882 884 881
4 882 883 885 884
4 413 864 886 435
4 864 865 887 886
4 435 886 888 437
4 886 887 889 888
4 865 868 890 887
4 868 869 891 890
4 887 890 892 889
4 890 891 893 892
4 437 888 894 443
4 888 889 895 894
4 443 894 896 445
4 894 895 897 896
4 889 892 898 895
4 892 893 899 898
4 895 898 900 897
4 898 899 901 900
4 869 880 902 891
4 880 881 903 902
4 891 902 904 893
4 902 903 905 904
4 881 884 906 903
4 884 885 907 906
4 903 906 908 905
4 906 907 909 908
4 893 904 910 899
4 904 905 911 910
4 899 910 912 901
4 910 911 913 912
4 905 908 914 911
4 908 909 915 914
4 911 914 916 913
4 914 915 917 916
4 789 832 918 875
4 832 833 919 918
4 875 918 920 877
4 918 919 921 920
4 833 836 922 919
4 836 837 923 922
4 919 922 924 921
4 922 923 925 924
4 877 920 926 883
4 920 921 927 926
4 883 926 928 885
4 926 927 929 928
4 921 924 930 927
4 924 925 931 930
4 927 930 932 929
4 930 931 933 932
4 837 848 934 923
4 848 849 935 934
4 923 934 936 925
4 934 935 937 936
4 849 852 938 935
4 852 853 939 938
4 935 938 940 937
4 938 939 941 940
4 925 936 942 931
4 936 937 943 942
4 931 942 944 933
4 942 943 945 944
4 937 940 946 943
4 940 941 947 946
4 943 946 948 945
4 946 947 949 948
4 885 928 950 907
4 928 929 951 950
4 907 950 952 909
4 950 951 953 952
4 929 932 954 951
4 932 933 955 954
4 951 954 956 953
4 954 955 957 956
4 909 952 958 915
4 952 953 959 958
4 915 958 960 917
4 958 959 961 960
4 953 956 962 959
4 956 957 963 962
4 959 962 964 961
4 962 963 965 964
4 933 944 966 955
4 944 945 967 966
4 955 966 968 957
4 966 967 969 968
4 945 948 970 967
4 948 949 971 970
4 967 970 972 969
4 970 971 973 972
4 957 968 974 963
4 968 969 975 974
4 963 974 976 965
4 974 975 977 976
4 969 972 978 975
4 972 973 979 978
4 975 978 980 977
4 978 979 981 980
4 445 896 982 539
4 896 897 983 982
4 539 982 984 541
4 982 983 985 984
4 897 900 986 983
4 900 901 987 986
4 983 986 988 985
4 986 987 989 988
4 541 984 990 547
4 984 985 991 990
4 547 990 992 549
4 990 991 993 992
4 985 988 994 991
4 988 989 995 994
4 991 994 996 993
4 994 995 997 996
4 901 912 998 987
4 912 913 999 998
4 987 998 1000 989
4 998 999 1001 1000
4 913 916 1002 999
4 916 917 1003 1002
4 999 1002 1004 1001
4 1002 1003 1005 1004
4 989 1000 1006 995
4 1000 1001 1007 1006
4 995 1006 1008 997
4 1006 1007 1009 1008
4 1001 1004 1010 1007
4 1004 1005 1011 1010
4 1007 1010 1012 1009
4 1010 1011 1013 1012
4 549 992 1014 571
4 992 993 1015 1014
4 571 1014 1016 573
4 1014 1015 1017 1016
4 993 996 1018 1015
4 996 997 1019 1018
4 1015 1018 1020 1017
4 1018 1019 1021 1020
4 573 1016 1022 579
4 1016 1017 1023 1022
4 579 1022 1024 581
4 1022 1023 1025 1024
4 1017 1020 1026 1023
4 1020 1021 1027 1026
4 1023 1026 1028 1025
4 1026 1027 1029 1028
4 997 1008 1030 1019
4 1008 1009 1031 1030
4 1019 1030 1032 1021
4 1030 1031 1033 1032
4 1009 1012 1034 1031
4 1012 1013 1035 1034
4 1031 1034 1036 1033
4 1034 1035 1037 1036
4 1021 1032 1038 1027
4 1032 1033 1039 1038
4 1027 1038 1040 1029
4 1038 1039 1041 1040
4 1033 1036 1042 1039
4 1036 1037 1043 1042
4 1039 1042 1044 1041
4 1042 1043 1045 1044
4 917 960 1046 1003
4 960 961 1047 1046
4 1003 1046 1048 1005
4 1046 1047 1049 1048
4 961 964 1050 1047
4 964 965 1051 1050
4 1047 1050 1052 1049
4 1050 1051 1053 1052
4 1005 1048 1054 1011
4 1048 1049 1055 1054
4 1011 1054 1056 1013
4 1054 1055 1057 1056
4 1049 1052 1058 1055
4 1052 1053 1059 1058
4 1055 1058 1060 1057
4 1058 1059 1061 1060
4 965 976 1062 1051
4 976 977 1063 1062
4 1051 1062 1064 1053
4 1062 1063 1065 1064
4 977 980 1066 1063
4 980 981 1067 1066
4 1063 1066 1068 1065
4 1066 1067 1069 1068
4 1053 1064 1070 1059
4 1064 1065 1071 1070
4 1059 1070 1072 1061
4 1070 1071 1073 1072
4 1065 1068 1074 1071
4 1068 1069 1075 1074
4 1071 1074 1076 1073
4 1074 1075 1077 1076
4 1013 1056 1078 1035
4 1056 1057 1079 1078
4 1035 1078 1080 1037
4 1078 1079 1081 1080
4 1057 1060 1082 1079
4 1060 1061 1083 1082
4 1079 1082 1084 1081
4 1082 1083 1085 1084
4 1037 1080 1086 1043
4 1080 1081 1087 1086
4 1043 1086 1088 1045
4 1086 1087 1089 1088
4 1081 1084 1090 1087
4 1084 1085 1091 1090
4 1087 1090 1092 1089
4 1090 1091 1093 1092
4 1061 1072 1094 1083
4 1072 1073 1095 1094
4 1083 1094 1096 1085
4 1094 1095 1097 1096
4 1073 1076 1098 1095
4 1076 1077 1099 1098
4 1095 1098 1100 1097
4 1098 1099 1101 1100
4 1085 1096 1102 1091
4 1096 1097 1103 1102
4 1091 1102 1104 1093
4 1102 1103 1105 1104
4 1097 1100 1106 1103
4 1100 1101 1107 1106
4 1103 1106 1108 1105
4 1106 1107 1109 1108
1 2 4 5 8 10 13 15 18 20 23 25 28 30 32 37 40 46 48 52 54 67 70 77 80 102 104 108 110 122 124 128 130 175 178 185 188 211 214 221 224 311 314 321 324 347 350 357 360 447 450 457 460 483 486 493 495 496 497 500 501 512 513 516 517 560 561 564 565 576 577 580 581 582 584 588 590 602 604 608 610 654 656 660 662 674 676 680 682 683 685 691 693 715 717 723 725 811 813 819 821 843 845 851 853 939 941 947 949 971 973 979 981 1024 1025 1028 1029 1040 1041 1044 1045 1067 1069 1075 1077 1088 1089 1092 1093 1099 1101 1104 1105 1107 1108 1109
