113 88 1
0 0
0.03125 0
0.03125 0.03125
0 0.03125
0.0625 0
0.0625 0.03125
0.03125 0.0625
0 0.0625
0.0625 0.0625
0.09375 0
0.09375 0.03125
0.125 0
0.125 0.03125
0.09375 0.0625
0.125 0.0625
0.03125 0.09375
0 0.09375
0.0625 0.09375
0.03125 0.125
0 0.125
0.0625 0.125
0.09375 0.09375
0.125 0.09375
0.09375 0.125
0.125 0.125
0.1875 0
0.1875 0.0625
0.25 0
0.25 0.0625
0.1875 0.125
0.25 0.125
0.0625 0.1875
0 0.1875
0.125 0.1875
0.0625 0.25
0 0.25
0.125 0.25
0.1875 0.1875
0.25 0.1875
0.1875 0.25
0.25 0.25
0.125 0.375
0 0.375
0.25 0.375
0.125 0.5
0 0.5
0.25 0.5
0.125 0.625
0 0.625
0.25 0.625
0.125 0.75
0 0.75
0.25 0.75
0.125 0.875
0 0.875
0.25 0.875
0.125 1
0 1
0.25 1
0.375 0
0.375 0.125
0.5 0
0.5 0.125
0.375 0.25
0.5 0.25
0.375 0.375
0.5 0.375
0.375 0.5
0.5 0.5
0.375 0.625
0.5 0.625
0.375 0.75
0.5 0.75
0.375 0.875
0.5 0.875
0.375 1
0.5 1
0.625 0
0.625 0.125
0.75 0
0.75 0.125
0.625 0.25
0.75 0.25
0.625 0.375
0.75 0.375
0.625 0.5
0.75 0.5
0.625 0.625
0.75 0.625
0.625 0.75
0.75 0.75
0.625 0.875
0.75 0.875
0.625 1
0.75 1
0.875 0
0.875 0.125
1 0
1 0.125
0.875 0.25
1 0.25
0.875 0.375
1 0.375
0.875 0.5
1 0.5
0.875 0.625
1 0.625
0.875 0.75
1 0.75
0.875 0.875
1 0.875
0.875 1
1 1
4 1 2 3 4
4 2 5 6 3
4 4 3 7 8
4 3 6 9 7
4 5 10 11 6
4 10 12 13 11
4 6 11 14 9
4 11 13 15 14
4 8 7 16 17
4 7 9 18 16
4 17 16 19 20
4 16 18 21 19
4 9 14 22 18
4 14 15 23 22
4 18 22 24 21
4 22 23 25 24
5 12 26 27 15 13
4 26 28 29 27
5 15 27 30 25 23
4 27 29 31 30
5 20 19 21 32 33
5 21 24 25 34 32
4 33 32 35 36
4 32 34 37 35
4 25 30 38 34
4 30 31 39 38
4 34 38 40 37
4 38 39 41 40
5 36 35 37 42 43
5 37 40 41 44 42
4 43 42 45 46
4 42 44 47 45
4 46 45 48 49
4 45 47 50 48
4 49 48 51 52
4 48 50 53 51
4 52 51 54 55
4 51 53 56 54
4 55 54 57 58
4 54 56 59 57
5 28 60 61 31 29
4 60 62 63 61
5 31 61 64 41 39
4 61 63 65 64
4 41 64 66 44
4 64 65 67 66
4 44 66 68 47
4 66 67 69 68
4 47 68 70 50
4 68 69 71 70
4 50 70 72 53
4 70 71 73 72
4 53 72 74 56
4 72 73 75 74
4 56 74 76 59
4 74 75 77 76
4 62 78 79 63
4 78 80 81 79
4 63 79 82 65
4 79 81 83 82
4 65 82 84 67
4 82 83 85 84
4 67 84 86 69
4 84 85 87 86
4 69 86 88 71
4 86 87 89 88
4 71 88 90 73
4 88 89 91 90
4 73 90 92 75
4 90 91 93 92
4 75 92 94 77
4 92 93 95 94
4 80 96 97 81
4 96 98 99 97
4 81 97 100 83
4 97 99 101 100
4 83 100 102 85
4 100 101 103 102
4 85 102 104 87
4 102 103 105 104
4 87 104 106 89
4 104 105 107 106
4 89 106 108 91
4 106 107 109 108
4 91 108 110 93
4 108 109 111 110
4 93 110 112 95
4 110 111 113 112
1 2 4 5 8 10 12 17 20 26 28 33 36 43 46 49 52 55 57 58 59 60 62 76 77 78 80 94 95 96 98 99 101 103 105 107 109 111 112 113
