177 136 1
0 0
0.001953125 0
0.001953125 0.001953125
0 0.001953125
0.00390625 0
0.00390625 0.001953125
0.001953125 0.00390625
0 0.00390625
0.00390625 0.00390625
0.005859375 0
0.005859375 0.001953125
0.0078125 0
0.0078125 0.001953125
0.005859375 0.00390625
0.0078125 0.00390625
0.001953125 0.005859375
0 0.005859375
0.00390625 0.005859375
0.001953125 0.0078125
0 0.0078125
0.00390625 0.0078125
0.005859375 0.005859375
0.0078125 0.005859375
0.005859375 0.0078125
0.0078125 0.0078125
0.01171875 0
0.01171875 0.00390625
0.015625 0
0.015625 0.00390625
0.01171875 0.0078125
0.015625 0.0078125
0.00390625 0.01171875
0 0.01171875
0.0078125 0.01171875
0.00390625 0.015625
0 0.015625
0.0078125 0.015625
0.01171875 0.01171875
0.015625 0.01171875
0.01171875 0.015625
0.015625 0.015625
0.0234375 0
0.0234375 0.0078125
0.03125 0
0.03125 0.0078125
0.0234375 0.015625
0.03125 0.015625
0.0078125 0.0234375
0 0.0234375
0.015625 0.0234375
0.0078125 0.03125
0 0.03125
0.015625 0.03125
0.0234375 0.0234375
0.03125 0.0234375
0.0234375 0.03125
0.03125 0.03125
0.046875 0
0.046875 0.015625
0.0625 0
0.0625 0.015625
0.046875 0.03125
0.0625 0.03125
0.015625 0.046875
0 0.046875
0.03125 0.046875
0.015625 0.0625
0 0.0625
0.03125 0.0625
0.046875 0.046875
0.0625 0.046875
0.046875 0.0625
0.0625 0.0625
0.09375 0
0.09375 0.03125
0.125 0
0.125 0.03125
0.09375 0.0625
0.125 0.0625
0.03125 0.09375
0 0.09375
0.0625 0.09375
0.03125 0.125
0 0.125
0.0625 0.125
0.09375 0.09375
0.125 0.09375
0.09375 0.125
0.125 0.125
0.1875 0
0.1875 0.0625
0.25 0
0.25 0.0625
0.1875 0.125
0.25 0.125
0.0625 0.1875
0 0.1875
0.125 0.1875
0.0625 0.25
0 0.25
0.125 0.25
0.1875 0.1875
0.25 0.1875
0.1875 0.25
0.25 0.25
0.125 0.375
0 0.375
0.25 0.375
0.125 0.5
0 0.5
0.25 0.5
0.125 0.625
0 0.625
0.25 0.625
0.125 0.75
0 0.75
0.25 0.75
0.125 0.875
0 0.875
0.25 0.875
0.125 1
0 1
0.25 1
0.375 0
0.375 0.125
0.5 0
0.5 0.125
0.375 0.25
0.5 0.25
0.375 0.375
0.5 0.375
0.375 0.5
0.5 0.5
0.375 0.625
0.5 0.625
0.375 0.75
0.5 0.75
0.375 0.875
0.5 0.875
0.375 1
0.5 1
0.625 0
0.625 0.125
0.75 0
0.75 0.125
0.625 0.25
0.75 0.25
0.625 0.375
0.75 0.375
0.625 0.5
0.75 0.5
0.625 0.625
0.75 0.625
0.625 0.75
0.75 0.75
0.625 0.875
0.75 0.875
0.625 1
0.75 1
0.875 0
0.875 0.125
1 0
1 0.125
0.875 0.25
1 0.25
0.875 0.375
1 0.375
0.875 0.5
1 0.5
0.875 0.625
1 0.625
0.875 0.75
1 0.75
0.875 0.875
1 0.875
0.875 1
1 1
4 1 2 3 4
4 2 5 6 3
4 4 3 7 8
4 3 6 9 7
4 5 10 11 6
4 10 12 13 11
4 6 11 14 9
4 11 13 15 14
4 8 7 16 17
4 7 9 18 16
4 17 16 19 20
4 16 18 21 19
4 9 14 22 18
4 14 15 23 22
4 18 22 24 21
4 22 23 25 24
5 12 26 27 15 13
4 26 28 29 27
5 15 27 30 25 23
4 27 29 31 30
5 20 19 21 32 33
5 21 24 25 34 32
4 33 32 35 36
4 32 34 37 35
4 25 30 38 34
4 30 31 39 38
4 34 38 40 37
4 38 39 41 40
5 28 42 43 31 29
4 42 44 45 43
5 31 43 46 41 39
4 43 45 47 46
5 36 35 37 48 49
5 37 40 41 50 48
4 49 48 51 52
4 48 50 53 51
4 41 46 54 50
4 46 47 55 54
4 50 54 56 53
4 54 55 57 56
5 44 58 59 47 45
4 58 60 61 59
5 47 59 62 57 55
4 59 61 63 62
5 52 51 53 64 65
5 53 56 57 66 64
4 65 64 67 68
4 64 66 69 67
4 57 62 70 66
4 62 63 71 70
4 66 70 72 69
4 70 71 73 72
5 60 74 75 63 61
4 74 76 77 75
5 63 75 78 73 71
4 75 77 79 78
5 68 67 69 80 81
5 69 72 73 82 80
4 81 80 83 84
4 80 82 85 83
4 73 78 86 82
4 78 79 87 86
4 82 86 88 85
4 86 87 89 88
5 76 90 91 79 77
4 90 92 93 91
5 79 91 94 89 87
4 91 93 95 94
5 84 83 85 96 97
5 85 88 89 98 96
4 97 96 99 100
4 96 98 101 99
4 89 94 102 98
4 94 95 103 102
4 98 102 104 101
4 102 103 105 104
5 100 99 101 106 107
5 101 104 105 108 106
4 107 106 109 110
4 106 108 111 109
4 110 109 112 113
4 109 111 114 112
4 113 112 115 116
4 112 114 117 115
4 116 115 118 119
4 115 117 120 118
4 119 118 121 122
4 118 120 123 121
5 92 124 125 95 93
4 124 126 127 125
5 95 125 128 105 103
4 125 127 129 128
4 105 128 130 108
4 128 129 131 130
4 108 130 132 111
4 130 131 133 132
4 111 132 134 114
4 132 133 135 134
4 114 134 136 117
4 134 135 137 136
4 117 136 138 120
4 136 137 139 138
4 120 138 140 123
4 138 139 141 140
4 126 142 143 127
4 142 144 145 143
4 127 143 146 129
4 143 145 147 146
4 129 146 148 131
4 146 147 149 148
4 131 148 150 133
4 148 149 151 150
4 133 150 152 135
4 150 151 153 152
4 135 152 154 137
4 152 153 155 154
4 137 154 156 139
4 154 155 157 156
4 139 156 158 141
4 156 157 159 158
4 144 160 161 145
4 160 162 163 161
4 145 161 164 147
4 161 163 165 164
4 147 164 166 149
4 164 165 167 166
4 149 166 168 151
4 166 167 169 168
4 151 168 170 153
4 168 169 171 170
4 153 170 172 155
4 170 171 173 172
4 155 172 174 157
4 172 173 175 174
4 157 174 176 159
4 174 175 177 176
1 2 4 5 8 10 12 17 20 26 28 33 36 42 44 49 52 58 60 65 68 74 76 81 84 90 92 97 100 107 110 113 116 119 121 122 123 124 126 140 141 142 144 158 159 160 162 163 165 167 169 171 173 175 176 177
