30 19 1
0 0
0.125 0
0.125 0.125
0 0.125
0.25 0
0.25 0.125
0.125 0.25
0 0.25
0.25 0.25
0.5 0
0.5 0.25
0.25 0.5
0 0.5
0.5 0.5
0.25 0.75
0 0.75
0.5 0.75
0.25 1
0 1
0.5 1
0.75 0
0.75 0.25
1 0
1 0.25
0.75 0.5
1 0.5
0.75 0.75
1 0.75
0.75 1
1 1
4 1 2 3 4
4 2 5 6 3
4 4 3 7 8
4 3 6 9 7
5 5 10 11 9 6
5 8 7 9 12 13
4 9 11 14 12
4 13 12 15 16
4 12 14 17 15
4 16 15 18 19
4 15 17 20 18
4 10 21 22 11
4 21 23 24 22
4 11 22 25 14
4 22 24 26 25
4 14 25 27 17
4 25 26 28 27
4 17 27 29 20
4 27 28 30 29
1 2 4 5 8 10 13 16 18 19 20 21 23 24 26 28 29 30
