91 70 1
0 0
0.03125 0
0.03125 0.03125
0 0.03125
0.0625 0
0.0625 0.03125
0.03125 0.0625
0 0.0625
0.0625 0.0625
0.125 0
0.125 0.0625
0.0625 0.125
0 0.125
0.125 0.125
0.25 0
0.25 0.125
0.125 0.25
0 0.25
0.25 0.25
0.375 0
0.375 0.125
0.5 0
0.5 0.125
0.375 0.25
0.5 0.25
0.125 0.375
0 0.375
0.25 0.375
0.125 0.5
0 0.5
0.25 0.5
0.375 0.375
0.5 0.375
0.375 0.5
0.5 0.5
0.125 0.625
0 0.625
0.25 0.625
0.125 0.75
0 0.75
0.25 0.75
0.375 0.625
0.5 0.625
0.375 0.75
0.5 0.75
0.125 0.875
0 0.875
0.25 0.875
0.125 1
0 1
0.25 1
0.375 0.875
0.5 0.875
0.375 1
0.5 1
0.625 0
0.625 0.125
0.75 0
0.75 0.125
0.625 0.25
0.75 0.25
0.875 0
0.875 0.125
1 0
1 0.125
0.875 0.25
1 0.25
0.625 0.375
0.75 0.375
0.625 0.5
0.75 0.5
0.875 0.375
1 0.375
0.875 0.5
1 0.5
0.625 0.625
0.75 0.625
0.625 0.75
0.75 0.75
0.875 0.625
1 0.625
0.875 0.75
1 0.75
0.625 0.875
0.75 0.875
0.625 1
0.75 1
0.875 0.875
1 0.875
0.875 1
1 1
4 1 2 3 4
4 2 5 6 3
4 4 3 7 8
4 3 6 9 7
5 5 10 11 9 6
5 8 7 9 12 13
4 9 11 14 12
5 10 15 16 14 11
5 13 12 14 17 18
4 14 16 19 17
4 15 20 21 16
4 20 22 23 21
4 16 21 24 19
4 21 23 25 24
4 18 17 26 27
4 17 19 28 26
4 27 26 29 30
4 26 28 31 29
4 19 24 32 28
4 24 25 33 32
4 28 32 34 31
4 32 33 35 34
4 30 29 36 37
4 29 31 38 36
4 37 36 39 40
4 36 38 41 39
4 31 34 42 38
4 34 35 43 42
4 38 42 44 41
4 42 43 45 44
4 40 39 46 47
4 39 41 48 46
4 47 46 49 50
4 46 48 51 49
4 41 44 52 48
4 44 45 53 52
4 48 52 54 51
4 52 53 55 54
4 22 56 57 23
4 56 58 59 57
4 23 57 60 25
4 57 59 61 60
4 58 62 63 59
4 62 64 65 63
4 59 63 66 61
4 63 65 67 66
4 25 60 68 33
4 60 61 69 68
4 33 68 70 35
4 68 69 71 70
4 61 66 72 69
4 66 67 73 72
4 69 72 74 71
4 72 73 75 74
4 35 70 76 43
4 70 71 77 76
4 43 76 78 45
4 76 77 79 78
4 71 74 80 77
4 74 75 81 80
4 77 80 82 79
4 80 81 83 82
4 45 78 84 53
4 78 79 85 84
4 53 84 86 55
4 84 85 87 86
4 79 82 88 85
4 82 83 89 88
4 85 88 90 87
4 88 89 91 90
1 2 4 5 8 10 13 15 18 20 22 27 30 37 40 47 49 50 51 54 55 56 58 62 64 65 67 73 75 81 83 86 87 89 90 91
