1153 1072 1
0 0
0.001953125 0
0.001953125 0.001953125
0 0.001953125
0.00390625 0
0.00390625 0.001953125
0.001953125 0.00390625
0 0.00390625
0.00390625 0.00390625
0.005859375 0
0.005859375 0.001953125
0.0078125 0
0.0078125 0.001953125
0.005859375 0.00390625
0.0078125 0.00390625
0.001953125 0.005859375
0 0.005859375
0.00390625 0.005859375
0.001953125 0.0078125
0 0.0078125
0.00390625 0.0078125
0.005859375 0.005859375
0.0078125 0.005859375
0.005859375 0.0078125
0.0078125 0.0078125
0.01171875 0
0.01171875 0.00390625
0.015625 0
0.015625 0.00390625
0.01171875 0.0078125
0.015625 0.0078125
0.00390625 0.01171875
0 0.01171875
0.0078125 0.01171875
0.00390625 0.015625
0 0.015625
0.0078125 0.015625
0.01171875 0.01171875
0.015625 0.01171875
0.01171875 0.015625
0.015625 0.015625
0.0234375 0
0.0234375 0.0078125
0.03125 0
0.03125 0.0078125
0.0234375 0.015625
0.03125 0.015625
0.0078125 0.0234375
0 0.0234375
0.015625 0.0234375
0.0078125 0.03125
0 0.03125
0.015625 0.03125
0.0234375 0.0234375
0.03125 0.0234375
0.0234375 0.03125
0.03125 0.03125
0.046875 0
0.046875 0.015625
0.0625 0
0.0625 0.015625
0.046875 0.03125
0.0625 0.03125
0.015625 0.046875
0 0.046875
0.03125 0.046875
0.015625 0.0625
0 0.0625
0.03125 0.0625
0.046875 0.046875
0.0625 0.046875
0.046875 0.0625
0.0625 0.0625
0.09375 0
0.09375 0.03125
0.125 0
0.125 0.03125
0.09375 0.0625
0.125 0.0625
0.03125 0.09375
0 0.09375
0.0625 0.09375
0.03125 0.125
0 0.125
0.0625 0.125
0.09375 0.09375
0.125 0.09375
0.09375 0.125
0.125 0.125
0.15625 0
0.15625 0.03125
0.1875 0
0.1875 0.03125
0.15625 0.0625
0.1875 0.0625
0.21875 0
0.21875 0.03125
0.25 0
0.25 0.03125
0.21875 0.0625
0.25 0.0625
0.15625 0.09375
0.1875 0.09375
0.15625 0.125
0.1875 0.125
0.21875 0.09375
0.25 0.09375
0.21875 0.125
0.25 0.125
0.03125 0.15625
0 0.15625
0.0625 0.15625
0.03125 0.1875
0 0.1875
0.0625 0.1875
0.09375 0.15625
0.125 0.15625
0.09375 0.1875
0.125 0.1875
0.03125 0.21875
0 0.21875
0.0625 0.21875
0.03125 0.25
0 0.25
0.0625 0.25
0.09375 0.21875
0.125 0.21875
0.09375 0.25
0.125 0.25
0.15625 0.15625
0.1875 0.15625
0.15625 0.1875
0.1875 0.1875
0.21875 0.15625
0.25 0.15625
0.21875 0.1875
0.25 0.1875
0.15625 0.21875
0.1875 0.21875
0.15625 0.25
0.1875 0.25
0.21875 0.21875
0.25 0.21875
0.21875 0.25
0.25 0.25
0.03125 0.28125
0 0.28125
0.0625 0.28125
0.03125 0.3125
0 0.3125
0.0625 0.3125
0.09375 0.28125
0.125 0.28125
0.09375 0.3125
0.125 0.3125
0.03125 0.34375
0 0.34375
0.0625 0.34375
0.03125 0.375
0 0.375
0.0625 0.375
0.09375 0.34375
0.125 0.34375
0.09375 0.375
0.125 0.375
0.15625 0.28125
0.1875 0.28125
0.15625 0.3125
0.1875 0.3125
0.21875 0.28125
0.25 0.28125
0.21875 0.3125
0.25 0.3125
0.15625 0.34375
0.1875 0.34375
0.15625 0.375
0.1875 0.375
0.21875 0.34375
0.25 0.34375
0.21875 0.375
0.25 0.375
0.03125 0.40625
0 0.40625
0.0625 0.40625
0.03125 0.4375
0 0.4375
0.0625 0.4375
0.09375 0.40625
0.125 0.40625
0.09375 0.4375
0.125 0.4375
0.03125 0.46875
0 0.46875
0.0625 0.46875
0.03125 0.5
0 0.5
0.0625 0.5
0.09375 0.46875
0.125 0.46875
0.09375 0.5
0.125 0.5
0.15625 0.40625
0.1875 0.40625
0.15625 0.4375
0.1875 0.4375
0.21875 0.40625
0.25 0.40625
0.21875 0.4375
0.25 0.4375
0.15625 0.46875
0.1875 0.46875
0.15625 0.5
0.1875 0.5
0.21875 0.46875
0.25 0.46875
0.21875 0.5
0.25 0.5
0.03125 0.53125
0 0.53125
0.0625 0.53125
0.03125 0.5625
0 0.5625
0.0625 0.5625
0.09375 0.53125
0.125 0.53125
0.09375 0.5625
0.125 0.5625
0.03125 0.59375
0 0.59375
0.0625 0.59375
0.03125 0.625
0 0.625
0.0625 0.625
0.09375 0.59375
0.125 0.59375
0.09375 0.625
0.125 0.625
0.15625 0.53125
0.1875 0.53125
0.15625 0.5625
0.1875 0.5625
0.21875 0.53125
0.25 0.53125
0.21875 0.5625
0.25 0.5625
0.15625 0.59375
0.1875 0.59375
0.15625 0.625
0.1875 0.625
0.21875 0.59375
0.25 0.59375
0.21875 0.625
0.25 0.625
0.03125 0.65625
0 0.65625
0.0625 0.65625
0.03125 0.6875
0 0.6875
0.0625 0.6875
0.09375 0.65625
0.125 0.65625
0.09375 0.6875
0.125 0.6875
0.03125 0.71875
0 0.71875
0.0625 0.71875
0.03125 0.75
0 0.75
0.0625 0.75
0.09375 0.71875
0.125 0.71875
0.09375 0.75
0.125 0.75
0.15625 0.65625
0.1875 0.65625
0.15625 0.6875
0.1875 0.6875
0.21875 0.65625
0.25 0.65625
0.21875 0.6875
0.25 0.6875
0.15625 0.71875
0.1875 0.71875
0.15625 0.75
0.1875 0.75
0.21875 0.71875
0.25 0.71875
0.21875 0.75
0.25 0.75
0.03125 0.78125
0 0.78125
0.0625 0.78125
0.03125 0.8125
0 0.8125
0.0625 0.8125
0.09375 0.78125
0.125 0.78125
0.09375 0.8125
0.125 0.8125
0.03125 0.84375
0 0.84375
0.0625 0.84375
0.03125 0.875
0 0.875
0.0625 0.875
0.09375 0.84375
0.125 0.84375
0.09375 0.875
0.125 0.875
0.15625 0.78125
0.1875 0.78125
0.15625 0.8125
0.1875 0.8125
0.21875 0.78125
0.25 0.78125
0.21875 0.8125
0.25 0.8125
0.15625 0.84375
0.1875 0.84375
0.15625 0.875
0.1875 0.875
0.21875 0.84375
0.25 0.84375
0.21875 0.875
0.25 0.875
0.03125 0.90625
0 0.90625
0.0625 0.90625
0.03125 0.9375
0 0.9375
0.0625 0.9375
0.09375 0.90625
0.125 0.90625
0.09375 0.9375
0.125 0.9375
0.03125 0.96875
0 0.96875
0.0625 0.96875
0.03125 1
0 1
0.0625 1
0.09375 0.96875
0.125 0.96875
0.09375 1
0.125 1
0.15625 0.90625
0.1875 0.90625
0.15625 0.9375
0.1875 0.9375
0.21875 0.90625
0.25 0.90625
0.21875 0.9375
0.25 0.9375
0.15625 0.96875
0.1875 0.96875
0.15625 1
0.1875 1
0.21875 0.96875
0.25 0.96875
0.21875 1
0.25 1
0.28125 0
0.28125 0.03125
0.3125 0
0.3125 0.03125
0.28125 0.0625
0.3125 0.0625
0.34375 0
0.34375 0.03125
0.375 0
0.375 0.03125
0.34375 0.0625
0.375 0.0625
0.28125 0.09375
0.3125 0.09375
0.28125 0.125
0.3125 0.125
0.34375 0.09375
0.375 0.09375
0.34375 0.125
0.375 0.125
0.40625 0
0.40625 0.03125
0.4375 0
0.4375 0.03125
0.40625 0.0625
0.4375 0.0625
0.46875 0
0.46875 0.03125
0.5 0
0.5 0.03125
0.46875 0.0625
0.5 0.0625
0.40625 0.09375
0.4375 0.09375
0.40625 0.125
0.4375 0.125
0.46875 0.09375
0.5 0.09375
0.46875 0.125
0.5 0.125
0.28125 0.15625
0.3125 0.15625
0.28125 0.1875
0.3125 0.1875
0.34375 0.15625
0.375 0.15625
0.34375 0.1875
0.375 0.1875
0.28125 0.21875
0.3125 0.21875
0.28125 0.25
0.3125 0.25
0.34375 0.21875
0.375 0.21875
0.34375 0.25
0.375 0.25
0.40625 0.15625
0.4375 0.15625
0.40625 0.1875
0.4375 0.1875
0.46875 0.15625
0.5 0.15625
0.46875 0.1875
0.5 0.1875
0.40625 0.21875
0.4375 0.21875
0.40625 0.25
0.4375 0.25
0.46875 0.21875
0.5 0.21875
0.46875 0.25
0.5 0.25
0.28125 0.28125
0.3125 0.28125
0.28125 0.3125
0.3125 0.3125
0.34375 0.28125
0.375 0.28125
0.34375 0.3125
0.375 0.3125
0.28125 0.34375
0.3125 0.34375
0.28125 0.375
0.3125 0.375
0.34375 0.34375
0.375 0.34375
0.34375 0.375
0.375 0.375
0.40625 0.28125
0.4375 0.28125
0.40625 0.3125
0.4375 0.3125
0.46875 0.28125
0.5 0.28125
0.46875 0.3125
0.5 0.3125
0.40625 0.34375
0.4375 0.34375
0.40625 0.375
0.4375 0.375
0.46875 0.34375
0.5 0.34375
0.46875 0.375
0.5 0.375
0.28125 0.40625
0.3125 0.40625
0.28125 0.4375
0.3125 0.4375
0.34375 0.40625
0.375 0.40625
0.34375 0.4375
0.375 0.4375
0.28125 0.46875
0.3125 0.46875
0.28125 0.5
0.3125 0.5
0.34375 0.46875
0.375 0.46875
0.34375 0.5
0.375 0.5
0.40625 0.40625
0.4375 0.40625
0.40625 0.4375
0.4375 0.4375
0.46875 0.40625
0.5 0.40625
0.46875 0.4375
0.5 0.4375
0.40625 0.46875
0.4375 0.46875
0.40625 0.5
0.4375 0.5
0.46875 0.46875
0.5 0.46875
0.46875 0.5
0.5 0.5
0.28125 0.53125
0.3125 0.53125
0.28125 0.5625
0.3125 0.5625
0.34375 0.53125
0.375 0.53125
0.34375 0.5625
0.375 0.5625
0.28125 0.59375
0.3125 0.59375
0.28125 0.625
0.3125 0.625
0.34375 0.59375
0.375 0.59375
0.34375 0.625
0.375 0.625
0.40625 0.53125
0.4375 0.53125
0.40625 0.5625
0.4375 0.5625
0.46875 0.53125
0.5 0.53125
0.46875 0.5625
0.5 0.5625
0.40625 0.59375
0.4375 0.59375
0.40625 0.625
0.4375 0.625
0.46875 0.59375
0.5 0.59375
0.46875 0.625
0.5 0.625
0.28125 0.65625
0.3125 0.65625
0.28125 0.6875
0.3125 0.6875
0.34375 0.65625
0.375 0.65625
0.34375 0.6875
0.375 0.6875
0.28125 0.71875
0.3125 0.71875
0.28125 0.75
0.3125 0.75
0.34375 0.71875
0.375 0.71875
0.34375 0.75
0.375 0.75
0.40625 0.65625
0.4375 0.65625
0.40625 0.6875
0.4375 0.6875
0.46875 0.65625
0.5 0.65625
0.46875 0.6875
0.5 0.6875
0.40625 0.71875
0.4375 0.71875
0.40625 0.75
0.4375 0.75
0.46875 0.71875
0.5 0.71875
0.46875 0.75
0.5 0.75
0.28125 0.78125
0.3125 0.78125
0.28125 0.8125
0.3125 0.8125
0.34375 0.78125
0.375 0.78125
0.34375 0.8125
0.375 0.8125
0.28125 0.84375
0.3125 0.84375
0.28125 0.875
0.3125 0.875
0.34375 0.84375
0.375 0.84375
0.34375 0.875
0.375 0.875
0.40625 0.78125
0.4375 0.78125
0.40625 0.8125
0.4375 0.8125
0.46875 0.78125
0.5 0.78125
0.46875 0.8125
0.5 0.8125
0.40625 0.84375
0.4375 0.84375
0.40625 0.875
0.4375 0.875
0.46875 0.84375
0.5 0.84375
0.46875 0.875
0.5 0.875
0.28125 0.90625
0.3125 0.90625
0.28125 0.9375
0.3125 0.9375
0.34375 0.90625
0.375 0.90625
0.34375 0.9375
0.375 0.9375
0.28125 0.96875
0.3125 0.96875
0.28125 1
0.3125 1
0.34375 0.96875
0.375 0.96875
0.34375 1
0.375 1
0.40625 0.90625
0.4375 0.90625
0.40625 0.9375
0.4375 0.9375
0.46875 0.90625
0.5 0.90625
0.46875 0.9375
0.5 0.9375
0.40625 0.96875
0.4375 0.96875
0.40625 1
0.4375 1
0.46875 0.96875
0.5 0.96875
0.46875 1
0.5 1
0.53125 0
0.53125 0.03125
0.5625 0
0.5625 0.03125
0.53125 0.0625
0.5625 0.0625
0.59375 0
0.59375 0.03125
0.625 0
0.625 0.03125
0.59375 0.0625
0.625 0.0625
0.53125 0.09375
0.5625 0.09375
0.53125 0.125
0.5625 0.125
0.59375 0.09375
0.625 0.09375
0.59375 0.125
0.625 0.125
0.65625 0
0.65625 0.03125
0.6875 0
0.6875 0.03125
0.65625 0.0625
0.6875 0.0625
0.71875 0
0.71875 0.03125
0.75 0
0.75 0.03125
0.71875 0.0625
0.75 0.0625
0.65625 0.09375
0.6875 0.09375
0.65625 0.125
0.6875 0.125
0.71875 0.09375
0.75 0.09375
0.71875 0.125
0.75 0.125
0.53125 0.15625
0.5625 0.15625
0.53125 0.1875
0.5625 0.1875
0.59375 0.15625
0.625 0.15625
0.59375 0.1875
0.625 0.1875
0.53125 0.21875
0.5625 0.21875
0.53125 0.25
0.5625 0.25
0.59375 0.21875
0.625 0.21875
0.59375 0.25
0.625 0.25
0.65625 0.15625
0.6875 0.15625
0.65625 0.1875
0.6875 0.1875
0.71875 0.15625
0.75 0.15625
0.71875 0.1875
0.75 0.1875
0.65625 0.21875
0.6875 0.21875
0.65625 0.25
0.6875 0.25
0.71875 0.21875
0.75 0.21875
0.71875 0.25
0.75 0.25
0.53125 0.28125
0.5625 0.28125
0.53125 0.3125
0.5625 0.3125
0.59375 0.28125
0.625 0.28125
0.59375 0.3125
0.625 0.3125
0.53125 0.34375
0.5625 0.34375
0.53125 0.375
0.5625 0.375
0.59375 0.34375
0.625 0.34375
0.59375 0.375
0.625 0.375
0.65625 0.28125
0.6875 0.28125
0.65625 0.3125
0.6875 0.3125
0.71875 0.28125
0.75 0.28125
0.71875 0.3125
0.75 0.3125
0.65625 0.34375
0.6875 0.34375
0.65625 0.375
0.6875 0.375
0.71875 0.34375
0.75 0.34375
0.71875 0.375
0.75 0.375
0.53125 0.40625
0.5625 0.40625
0.53125 0.4375
0.5625 0.4375
0.59375 0.40625
0.625 0.40625
0.59375 0.4375
0.625 0.4375
0.53125 0.46875
0.5625 0.46875
0.53125 0.5
0.5625 0.5
0.59375 0.46875
0.625 0.46875
0.59375 0.5
0.625 0.5
0.65625 0.40625
0.6875 0.40625
0.65625 0.4375
0.6875 0.4375
0.71875 0.40625
0.75 0.40625
0.71875 0.4375
0.75 0.4375
0.65625 0.46875
0.6875 0.46875
0.65625 0.5
0.6875 0.5
0.71875 0.46875
0.75 0.46875
0.71875 0.5
0.75 0.5
0.53125 0.53125
0.5625 0.53125
0.53125 0.5625
0.5625 0.5625
0.59375 0.53125
0.625 0.53125
0.59375 0.5625
0.625 0.5625
0.53125 0.59375
0.5625 0.59375
0.53125 0.625
0.5625 0.625
0.59375 0.59375
0.625 0.59375
0.59375 0.625
0.625 0.625
0.65625 0.53125
0.6875 0.53125
0.65625 0.5625
0.6875 0.5625
0.71875 0.53125
0.75 0.53125
0.71875 0.5625
0.75 0.5625
0.65625 0.59375
0.6875 0.59375
0.65625 0.625
0.6875 0.625
0.71875 0.59375
0.75 0.59375
0.71875 0.625
0.75 0.625
0.53125 0.65625
0.5625 0.65625
0.53125 0.6875
0.5625 0.6875
0.59375 0.65625
0.625 0.65625
0.59375 0.6875
0.625 0.6875
0.53125 0.71875
0.5625 0.71875
0.53125 0.75
0.5625 0.75
0.59375 0.71875
0.625 0.71875
0.59375 0.75
0.625 0.75
0.65625 0.65625
0.6875 0.65625
0.65625 0.6875
0.6875 0.6875
0.71875 0.65625
0.75 0.65625
0.71875 0.6875
0.75 0.6875
0.65625 0.71875
0.6875 0.71875
0.65625 0.75
0.6875 0.75
0.71875 0.71875
0.75 0.71875
0.71875 0.75
0.75 0.75
0.53125 0.78125
0.5625 0.78125
0.53125 0.8125
0.5625 0.8125
0.59375 0.78125
0.625 0.78125
0.59375 0.8125
0.625 0.8125
0.53125 0.84375
0.5625 0.84375
0.53125 0.875
0.5625 0.875
0.59375 0.84375
0.625 0.84375
0.59375 0.875
0.625 0.875
0.65625 0.78125
0.6875 0.78125
0.65625 0.8125
0.6875 0.8125
0.71875 0.78125
0.75 0.78125
0.71875 0.8125
0.75 0.8125
0.65625 0.84375
0.6875 0.84375
0.65625 0.875
0.6875 0.875
0.71875 0.84375
0.75 0.84375
0.71875 0.875
0.75 0.875
0.53125 0.90625
0.5625 0.90625
0.53125 0.9375
0.5625 0.9375
0.59375 0.90625
0.625 0.90625
0.59375 0.9375
0.625 0.9375
0.53125 0.96875
0.5625 0.96875
0.53125 1
0.5625 1
0.59375 0.96875
0.625 0.96875
0.59375 1
0.625 1
0.65625 0.90625
0.6875 0.90625
0.65625 0.9375
0.6875 0.9375
0.71875 0.90625
0.75 0.90625
0.71875 0.9375
0.75 0.9375
0.65625 0.96875
0.6875 0.96875
0.65625 1
0.6875 1
0.71875 0.96875
0.75 0.96875
0.71875 1
0.75 1
0.78125 0
0.78125 0.03125
0.8125 0
0.8125 0.03125
0.78125 0.0625
0.8125 0.0625
0.84375 0
0.84375 0.03125
0.875 0
0.875 0.03125
0.84375 0.0625
0.875 0.0625
0.78125 0.09375
0.8125 0.09375
0.78125 0.125
0.8125 0.125
0.84375 0.09375
0.875 0.09375
0.84375 0.125
0.875 0.125
0.90625 0
0.90625 0.03125
0.9375 0
0.9375 0.03125
0.90625 0.0625
0.9375 0.0625
0.96875 0
0.96875 0.03125
1 0
1 0.03125
0.96875 0.0625
1 0.0625
0.90625 0.09375
0.9375 0.09375
0.90625 0.125
0.9375 0.125
0.96875 0.09375
1 0.09375
0.96875 0.125
1 0.125
0.78125 0.15625
0.8125 0.15625
0.78125 0.1875
0.8125 0.1875
0.84375 0.15625
0.875 0.15625
0.84375 0.1875
0.875 0.1875
0.78125 0.21875
0.8125 0.21875
0.78125 0.25
0.8125 0.25
0.84375 0.21875
0.875 0.21875
0.84375 0.25
0.875 0.25
0.90625 0.15625
0.9375 0.15625
0.90625 0.1875
0.9375 0.1875
0.96875 0.15625
1 0.15625
0.96875 0.1875
1 0.1875
0.90625 0.21875
0.9375 0.21875
0.90625 0.25
0.9375 0.25
0.96875 0.21875
1 0.21875
0.96875 0.25
1 0.25
0.78125 0.28125
0.8125 0.28125
0.78125 0.3125
0.8125 0.3125
0.84375 0.28125
0.875 0.28125
0.84375 0.3125
0.875 0.3125
0.78125 0.34375
0.8125 0.34375
0.78125 0.375
0.8125 0.375
0.84375 0.34375
0.875 0.34375
0.84375 0.375
0.875 0.375
0.90625 0.28125
0.9375 0.28125
0.90625 0.3125
0.9375 0.3125
0.96875 0.28125
1 0.28125
0.96875 0.3125
1 0.3125
0.90625 0.34375
0.9375 0.34375
0.90625 0.375
0.9375 0.375
0.96875 0.34375
1 0.34375
0.96875 0.375
1 0.375
0.78125 0.40625
0.8125 0.40625
0.78125 0.4375
0.8125 0.4375
0.84375 0.40625
0.875 0.40625
0.84375 0.4375
0.875 0.4375
0.78125 0.46875
0.8125 0.46875
0.78125 0.5
0.8125 0.5
0.84375 0.46875
0.875 0.46875
0.84375 0.5
0.875 0.5
0.90625 0.40625
0.9375 0.40625
0.90625 0.4375
0.9375 0.4375
0.96875 0.40625
1 0.40625
0.96875 0.4375
1 0.4375
0.90625 0.46875
0.9375 0.46875
0.90625 0.5
0.9375 0.5
0.96875 0.46875
1 0.46875
0.96875 0.5
1 0.5
0.78125 0.53125
0.8125 0.53125
0.78125 0.5625
0.8125 0.5625
0.84375 0.53125
0.875 0.53125
0.84375 0.5625
0.875 0.5625
0.78125 0.59375
0.8125 0.59375
0.78125 0.625
0.8125 0.625
0.84375 0.59375
0.875 0.59375
0.84375 0.625
0.875 0.625
0.90625 0.53125
0.9375 0.53125
0.90625 0.5625
0.9375 0.5625
0.96875 0.53125
1 0.53125
0.96875 0.5625
1 0.5625
0.90625 0.59375
0.9375 0.59375
0.90625 0.625
0.9375 0.625
0.96875 0.59375
1 0.59375
0.96875 0.625
1 0.625
0.78125 0.65625
0.8125 0.65625
0.78125 0.6875
0.8125 0.6875
0.84375 0.65625
0.875 0.65625
0.84375 0.6875
0.875 0.6875
0.78125 0.71875
0.8125 0.71875
0.78125 0.75
0.8125 0.75
0.84375 0.71875
0.875 0.71875
0.84375 0.75
0.875 0.75
0.90625 0.65625
0.9375 0.65625
0.90625 0.6875
0.9375 0.6875
0.96875 0.65625
1 0.65625
0.96875 0.6875
1 0.6875
0.90625 0.71875
0.9375 0.71875
0.90625 0.75
0.9375 0.75
0.96875 0.71875
1 0.71875
0.96875 0.75
1 0.75
0.78125 0.78125
0.8125 0.78125
0.78125 0.8125
0.8125 0.8125
0.84375 0.78125
0.875 0.78125
0.84375 0.8125
0.875 0.8125
0.78125 0.84375
0.8125 0.84375
0.78125 0.875
0.8125 0.875
0.84375 0.84375
0.875 0.84375
0.84375 0.875
0.875 0.875
0.90625 0.78125
0.9375 0.78125
0.90625 0.8125
0.9375 0.8125
0.96875 0.78125
1 0.78125
0.96875 0.8125
1 0.8125
0.90625 0.84375
0.9375 0.84375
0.90625 0.875
0.9375 0.875
0.96875 0.84375
1 0.84375
0.96875 0.875
1 0.875
0.78125 0.90625
0.8125 0.90625
0.78125 0.9375
0.8125 0.9375
0.84375 0.90625
0.875 0.90625
0.84375 0.9375
0.875 0.9375
0.78125 0.96875
0.8125 0.96875
0.78125 1
0.8125 1
0.84375 0.96875
0.875 0.96875
0.84375 1
0.875 1
0.90625 0.90625
0.9375 0.90625
0.90625 0.9375
0.9375 0.9375
0.96875 0.90625
1 0.90625
0.96875 0.9375
1 0.9375
0.90625 0.96875
0.9375 0.96875
0.90625 1
0.9375 1
0.96875 0.96875
1 0.96875
0.96875 1
1 1
4 1 2 3 4
4 2 5 6 3
4 4 3 7 8
4 3 6 9 7
4 5 10 11 6
4 10 12 13 11
4 6 11 14 9
4 11 13 15 14
4 8 7 16 17
4 7 9 18 16
4 17 16 19 20
4 16 18 21 19
4 9 14 22 18
4 14 15 23 22
4 18 22 24 21
4 22 23 25 24
5 12 26 27 15 13
4 26 28 29 27
5 15 27 30 25 23
4 27 29 31 30
5 20 19 21 32 33
5 21 24 25 34 32
4 33 32 35 36
4 32 34 37 35
4 25 30 38 34
4 30 31 39 38
4 34 38 40 37
4 38 39 41 40
5 28 42 43 31 29
4 42 44 45 43
5 31 43 46 41 39
4 43 45 47 46
5 36 35 37 48 49
5 37 40 41 50 48
4 49 48 51 52
4 48 50 53 51
4 41 46 54 50
4 46 47 55 54
4 50 54 56 53
4 54 55 57 56
5 44 58 59 47 45
4 58 60 61 59
5 47 59 62 57 55
4 59 61 63 62
5 52 51 53 64 65
5 53 56 57 66 64
4 65 64 67 68
4 64 66 69 67
4 57 62 70 66
4 62 63 71 70
4 66 70 72 69
4 70 71 73 72
5 60 74 75 63 61
4 74 76 77 75
5 63 75 78 73 71
4 75 77 79 78
5 68 67 69 80 81
5 69 72 73 82 80
4 81 80 83 84
4 80 82 85 83
4 73 78 86 82
4 78 79 87 86
4 82 86 88 85
4 86 87 89 88
4 76 90 91 77
4 90 92 93 91
4 77 91 94 79
4 91 93 95 94
4 92 96 97 93
4 96 98 99 97
4 93 97 100 95
4 97 99 101 100
4 79 94 102 87
4 94 95 103 102
4 87 102 104 89
4 102 103 105 104
4 95 100 106 103
4 100 101 107 106
4 103 106 108 105
4 106 107 109 108
4 84 83 110 111
4 83 85 112 110
4 111 110 113 114
4 110 112 115 113
4 85 88 116 112
4 88 89 117 116
4 112 116 118 115
4 116 117 119 118
4 114 113 120 121
4 113 115 122 120
4 121 120 123 124
4 120 122 125 123
4 115 118 126 122
4 118 119 127 126
4 122 126 128 125
4 126 127 129 128
4 89 104 130 117
4 104 105 131 130
4 117 130 132 119
4 130 131 133 132
4 105 108 134 131
4 108 109 135 134
4 131 134 136 133
4 134 135 137 136
4 119 132 138 127
4 132 133 139 138
4 127 138 140 129
4 138 139 141 140
4 133 136 142 139
4 136 137 143 142
4 139 142 144 141
4 142 143 145 144
4 124 123 146 147
4 123 125 148 146
4 147 146 149 150
4 146 148 151 149
4 125 128 152 148
4 128 129 153 152
4 148 152 154 151
4 152 153 155 154
4 150 149 156 157
4 149 151 158 156
4 157 156 159 160
4 156 158 161 159
4 151 154 162 158
4 154 155 163 162
4 158 162 164 161
4 162 163 165 164
4 129 140 166 153
4 140 141 167 166
4 153 166 168 155
4 166 167 169 168
4 141 144 170 167
4 144 145 171 170
4 167 170 172 169
4 170 171 173 172
4 155 168 174 163
4 168 169 175 174
4 163 174 176 165
4 174 175 177 176
4 169 172 178 175
4 172 173 179 178
4 175 178 180 177
4 178 179 181 180
4 160 159 182 183
4 159 161 184 182
4 183 182 185 186
4 182 184 187 185
4 161 164 188 184
4 164 165 189 188
4 184 188 190 187
4 188 189 191 190
4 186 185 192 193
4 185 187 194 192
4 193 192 195 196
4 192 194 197 195
4 187 190 198 194
4 190 191 199 198
4 194 198 200 197
4 198 199 201 200
4 165 176 202 189
4 176 177 203 202
4 189 202 204 191
4 202 203 205 204
4 177 180 206 203
4 180 181 207 206
4 203 206 208 205
4 206 207 209 208
4 191 204 210 199
4 204 205 211 210
4 199 210 212 201
4 210 211 213 212
4 205 208 214 211
4 208 209 215 214
4 211 214 216 213
4 214 215 217 216
4 196 195 218 219
4 195 197 220 218
4 219 218 221 222
4 218 220 223 221
4 197 200 224 220
4 200 201 225 224
4 220 224 226 223
4 224 225 227 226
4 222 221 228 229
4 221 223 230 228
4 229 228 231 232
4 228 230 233 231
4 223 226 234 230
4 226 227 235 234
4 230 234 236 233
4 234 235 237 236
4 201 212 238 225
4 212 213 239 238
4 225 238 240 227
4 238 239 241 240
4 213 216 242 239
4 216 217 243 242
4 239 242 244 241
4 242 243 245 244
4 227 240 246 235
4 240 241 247 246
4 235 246 248 237
4 246 247 249 248
4 241 244 250 247
4 244 245 251 250
4 247 250 252 249
4 250 251 253 252
4 232 231 254 255
4 231 233 256 254
4 255 254 257 258
4 254 256 259 257
4 233 236 260 256
4 236 237 261 260
4 256 260 262 259
4 260 261 263 262
4 258 257 264 265
4 257 259 266 264
4 265 264 267 268
4 264 266 269 267
4 259 262 270 266
4 262 263 271 270
4 266 270 272 269
4 270 271 273 272
4 237 248 274 261
4 248 249 275 274
4 261 274 276 263
4 274 275 277 276
4 249 252 278 275
4 252 253 279 278
4 275 278 280 277
4 278 279 281 280
4 263 276 282 271
4 276 277 283 282
4 271 282 284 273
4 282 283 285 284
4 277 280 286 283
4 280 281 287 286
4 283 286 288 285
4 286 287 289 288
4 268 267 290 291
4 267 269 292 290
4 291 290 293 294
4 290 292 295 293
4 269 272 296 292
4 272 273 297 296
4 292 296 298 295
4 296 297 299 298
4 294 293 300 301
4 293 295 302 300
4 301 300 303 304
4 300 302 305 303
4 295 298 306 302
4 298 299 307 306
4 302 306 308 305
4 306 307 309 308
4 273 284 310 297
4 284 285 311 310
4 297 310 312 299
4 310 311 313 312
4 285 288 314 311
4 288 289 315 314
4 311 314 316 313
4 314 315 317 316
4 299 312 318 307
4 312 313 319 318
4 307 318 320 309
4 318 319 321 320
4 313 316 322 319
4 316 317 323 322
4 319 322 324 321
4 322 323 325 324
4 304 303 326 327
4 303 305 328 326
4 327 326 329 330
4 326 328 331 329
4 305 308 332 328
4 308 309 333 332
4 328 332 334 331
4 332 333 335 334
4 330 329 336 337
4 329 331 338 336
4 337 336 339 340
4 336 338 341 339
4 331 334 342 338
4 334 335 343 342
4 338 342 344 341
4 342 343 345 344
4 309 320 346 333
4 320 321 347 346
4 333 346 348 335
4 346 347 349 348
4 321 324 350 347
4 324 325 351 350
4 347 350 352 349
4 350 351 353 352
4 335 348 354 343
4 348 349 355 354
4 343 354 356 345
4 354 355 357 356
4 349 352 358 355
4 352 353 359 358
4 355 358 360 357
4 358 359 361 360
4 98 362 363 99
4 362 364 365 363
4 99 363 366 101
4 363 365 367 366
4 364 368 369 365
4 368 370 371 369
4 365 369 372 367
4 369 371 373 372
4 101 366 374 107
4 366 367 375 374
4 107 374 376 109
4 374 375 377 376
4 367 372 378 375
4 372 373 379 378
4 375 378 380 377
4 378 379 381 380
4 370 382 383 371
4 382 384 385 383
4 371 383 386 373
4 383 385 387 386
4 384 388 389 385
4 388 390 391 389
4 385 389 392 387
4 389 391 393 392
4 373 386 394 379
4 386 387 395 394
4 379 394 396 381
4 394 395 397 396
4 387 392 398 395
4 392 393 399 398
4 395 398 400 397
4 398 399 401 400
4 109 376 402 135
4 376 377 403 402
4 135 402 404 137
4 402 403 405 404
4 377 380 406 403
4 380 381 407 406
4 403 406 408 405
4 406 407 409 408
4 137 404 410 143
4 404 405 411 410
4 143 410 412 145
4 410 411 413 412
4 405 408 414 411
4 408 409 415 414
4 411 414 416 413
4 414 415 417 416
4 381 396 418 407
4 396 397 419 418
4 407 418 420 409
4 418 419 421 420
4 397 400 422 419
4 400 401 423 422
4 419 422 424 421
4 422 423 425 424
4 409 420 426 415
4 420 421 427 426
4 415 426 428 417
4 426 427 429 428
4 421 424 430 427
4 424 425 431 430
4 427 430 432 429
4 430 431 433 432
4 145 412 434 171
4 412 413 435 434
4 171 434 436 173
4 434 435 437 436
4 413 416 438 435
4 416 417 439 438
4 435 438 440 437
4 438 439 441 440
4 173 436 442 179
4 436 437 443 442
4 179 442 444 181
4 442 443 445 444
4 437 440 446 443
4 440 441 447 446
4 443 446 448 445
4 446 447 449 448
4 417 428 450 439
4 428 429 451 450
4 439 450 452 441
4 450 451 453 452
4 429 432 454 451
4 432 433 455 454
4 451 454 456 453
4 454 455 457 456
4 441 452 458 447
4 452 453 459 458
4 447 458 460 449
4 458 459 461 460
4 453 456 462 459
4 456 457 463 462
4 459 462 464 461
4 462 463 465 464
4 181 444 466 207
4 444 445 467 466
4 207 466 468 209
4 466 467 469 468
4 445 448 470 467
4 448 449 471 470
4 467 470 472 469
4 470 471 473 472
4 209 468 474 215
4 468 469 475 474
4 215 474 476 217
4 474 475 477 476
4 469 472 478 475
4 472 473 479 478
4 475 478 480 477
4 478 479 481 480
4 449 460 482 471
4 460 461 483 482
4 471 482 484 473
4 482 483 485 484
4 461 464 486 483
4 464 465 487 486
4 483 486 488 485
4 486 487 489 488
4 473 484 490 479
4 484 485 491 490
4 479 490 492 481
4 490 491 493 492
4 485 488 494 491
4 488 489 495 494
4 491 494 496 493
4 494 495 497 496
4 217 476 498 243
4 476 477 499 498
4 243 498 500 245
4 498 499 501 500
4 477 480 502 499
4 480 481 503 502
4 499 502 504 501
4 502 503 505 504
4 245 500 506 251
4 500 501 507 506
4 251 506 508 253
4 506 507 509 508
4 501 504 510 507
4 504 505 511 510
4 507 510 512 509
4 510 511 513 512
4 481 492 514 503
4 492 493 515 514
4 503 514 516 505
4 514 515 517 516
4 493 496 518 515
4 496 497 519 518
4 515 518 520 517
4 518 519 521 520
4 505 516 522 511
4 516 517 523 522
4 511 522 524 513
4 522 523 525 524
4 517 520 526 523
4 520 521 527 526
4 523 526 528 525
4 526 527 529 528
4 253 508 530 279
4 508 509 531 530
4 279 530 532 281
4 530 531 533 532
4 509 512 534 531
4 512 513 535 534
4 531 534 536 533
4 534 535 537 536
4 281 532 538 287
4 532 533 539 538
4 287 538 540 289
4 538 539 541 540
4 533 536 542 539
4 536 537 543 542
4 539 542 544 541
4 542 543 545 544
4 513 524 546 535
4 524 525 547 546
4 535 546 548 537
4 546 547 549 548
4 525 528 550 547
4 528 529 551 550
4 547 550 552 549
4 550 551 553 552
4 537 548 554 543
4 548 549 555 554
4 543 554 556 545
4 554 555 557 556
4 549 552 558 555
4 552 553 559 558
4 555 558 560 557
4 558 559 561 560
4 289 540 562 315
4 540 541 563 562
4 315 562 564 317
4 562 563 565 564
4 541 544 566 563
4 544 545 567 566
4 563 566 568 565
4 566 567 569 568
4 317 564 570 323
4 564 565 571 570
4 323 570 572 325
4 570 571 573 572
4 565 568 574 571
4 568 569 575 574
4 571 574 576 573
4 574 575 577 576
4 545 556 578 567
4 556 557 579 578
4 567 578 580 569
4 578 579 581 580
4 557 560 582 579
4 560 561 583 582
4 579 582 584 581
4 582 583 585 584
4 569 580 586 575
4 580 581 587 586
4 575 586 588 577
4 586 587 589 588
4 581 584 590 587
4 584 585 591 590
4 587 590 592 589
4 590 591 593 592
4 325 572 594 351
4 572 573 595 594
4 351 594 596 353
4 594 595 597 596
4 573 576 598 595
4 576 577 599 598
4 595 598 600 597
4 598 599 601 600
4 353 596 602 359
4 596 597 603 602
4 359 602 604 361
4 602 603 605 604
4 597 600 606 603
4 600 601 607 606
4 603 606 608 605
4 606 607 609 608
4 577 588 610 599
4 588 589 611 610
4 599 610 612 601
4 610 611 613 612
4 589 592 614 611
4 592 593 615 614
4 611 614 616 613
4 614 615 617 616
4 601 612 618 607
4 612 613 619 618
4 607 618 620 609
4 618 619 621 620
4 613 616 622 619
4 616 617 623 622
4 619 622 624 621
4 622 623 625 624
4 390 626 627 391
4 626 628 629 627
4 391 627 630 393
4 627 629 631 630
4 628 632 633 629
4 632 634 635 633
4 629 633 636 631
4 633 635 637 636
4 393 630 638 399
4 630 631 639 638
4 399 638 640 401
4 638 639 641 640
4 631 636 642 639
4 636 637 643 642
4 639 642 644 641
4 642 643 645 644
4 634 646 647 635
4 646 648 649 647
4 635 647 650 637
4 647 649 651 650
4 648 652 653 649
4 652 654 655 653
4 649 653 656 651
4 653 655 657 656
4 637 650 658 643
4 650 651 659 658
4 643 658 660 645
4 658 659 661 660
4 651 656 662 659
4 656 657 663 662
4 659 662 664 661
4 662 663 665 664
4 401 640 666 423
4 640 641 667 666
4 423 666 668 425
4 666 667 669 668
4 641 644 670 667
4 644 645 671 670
4 667 670 672 669
4 670 671 673 672
4 425 668 674 431
4 668 669 675 674
4 431 674 676 433
4 674 675 677 676
4 669 672 678 675
4 672 673 679 678
4 675 678 680 677
4 678 679 681 680
4 645 660 682 671
4 660 661 683 682
4 671 682 684 673
4 682 683 685 684
4 661 664 686 683
4 664 665 687 686
4 683 686 688 685
4 686 687 689 688
4 673 684 690 679
4 684 685 691 690
4 679 690 692 681
4 690 691 693 692
4 685 688 694 691
4 688 689 695 694
4 691 694 696 693
4 694 695 697 696
4 433 676 698 455
4 676 677 699 698
4 455 698 700 457
4 698 699 701 700
4 677 680 702 699
4 680 681 703 702
4 699 702 704 701
4 702 703 705 704
4 457 700 706 463
4 700 701 707 706
4 463 706 708 465
4 706 707 709 708
4 701 704 710 707
4 704 705 711 710
4 707 710 712 709
4 710 711 713 712
4 681 692 714 703
4 692 693 715 714
4 703 714 716 705
4 714 715 717 716
4 693 696 718 715
4 696 697 719 718
4 715 718 720 717
4 718 719 721 720
4 705 716 722 711
4 716 717 723 722
4 711 722 724 713
4 722 723 725 724
4 717 720 726 723
4 720 721 727 726
4 723 726 728 725
4 726 727 729 728
4 465 708 730 487
4 708 709 731 730
4 487 730 732 489
4 730 731 733 732
4 709 712 734 731
4 712 713 735 734
4 731 734 736 733
4 734 735 737 736
4 489 732 738 495
4 732 733 739 738
4 495 738 740 497
4 738 739 741 740
4 733 736 742 739
4 736 737 743 742
4 739 742 744 741
4 742 743 745 744
4 713 724 746 735
4 724 725 747 746
4 735 746 748 737
4 746 747 749 748
4 725 728 750 747
4 728 729 751 750
4 747 750 752 749
4 750 751 753 752
4 737 748 754 743
4 748 749 755 754
4 743 754 756 745
4 754 755 757 756
4 749 752 758 755
4 752 753 759 758
4 755 758 760 757
4 758 759 761 760
4 497 740 762 519
4 740 741 763 762
4 519 762 764 521
4 762 763 765 764
4 741 744 766 763
4 744 745 767 766
4 763 766 768 765
4 766 767 769 768
4 521 764 770 527
4 764 765 771 770
4 527 770 772 529
4 770 771 773 772
4 765 768 774 771
4 768 769 775 774
4 771 774 776 773
4 774 775 777 776
4 745 756 778 767
4 756 757 779 778
4 767 778 780 769
4 778 779 781 780
4 757 760 782 779
4 760 761 783 782
4 779 782 784 781
4 782 783 785 784
4 769 780 786 775
4 780 781 787 786
4 775 786 788 777
4 786 787 789 788
4 781 784 790 787
4 784 785 791 790
4 787 790 792 789
4 790 791 793 792
4 529 772 794 551
4 772 773 795 794
4 551 794 796 553
4 794 795 797 796
4 773 776 798 795
4 776 777 799 798
4 795 798 800 797
4 798 799 801 800
4 553 796 802 559
4 796 797 803 802
4 559 802 804 561
4 802 803 805 804
4 797 800 806 803
4 800 801 807 806
4 803 806 808 805
4 806 807 809 808
4 777 788 810 799
4 788 789 811 810
4 799 810 812 801
4 810 811 813 812
4 789 792 814 811
4 792 793 815 814
4 811 814 816 813
4 814 815 817 816
4 801 812 818 807
4 812 813 819 818
4 807 818 820 809
4 818 819 821 820
4 813 816 822 819
4 816 817 823 822
4 819 822 824 821
4 822 823 825 824
4 561 804 826 583
4 804 805 827 826
4 583 826 828 585
4 826 827 829 828
4 805 808 830 827
4 808 809 831 830
4 827 830 832 829
4 830 831 833 832
4 585 828 834 591
4 828 829 835 834
4 591 834 836 593
4 834 835 837 836
4 829 832 838 835
4 832 833 839 838
4 835 838 840 837
4 838 839 841 840
4 809 820 842 831
4 820 821 843 842
4 831 842 844 833
4 842 843 845 844
4 821 824 846 843
4 824 825 847 846
4 843 846 848 845
4 846 847 849 848
4 833 844 850 839
4 844 845 851 850
4 839 850 852 841
4 850 851 853 852
4 845 848 854 851
4 848 849 855 854
4 851 854 856 853
4 854 855 857 856
4 593 836 858 615
4 836 837 859 858
4 615 858 860 617
4 858 859 861 860
4 837 840 862 859
4 840 841 863 862
4 859 862 864 861
4 862 863 865 864
4 617 860 866 623
4 860 861 867 866
4 623 866 868 625
4 866 867 869 868
4 861 864 870 867
4 864 865 871 870
4 867 870 872 869
4 870 871 873 872
4 841 852 874 863
4 852 853 875 874
4 863 874 876 865
4 874 875 877 876
4 853 856 878 875
4 856 857 879 878
4 875 878 880 877
4 878 879 881 880
4 865 876 882 871
4 876 877 883 882
4 871 882 884 873
4 882 883 885 884
4 877 880 886 883
4 880 881 887 886
4 883 886 888 885
4 886 887 889 888
4 654 890 891 655
4 890 892 893 891
4 655 891 894 657
4 891 893 895 894
4 892 896 897 893
4 896 898 899 897
4 893 897 900 895
4 897 899 901 900
4 657 894 902 663
4 894 895 903 902
4 663 902 904 665
4 902 903 905 904
4 895 900 906 903
4 900 901 907 906
4 903 906 908 905
4 906 907 909 908
4 898 910 911 899
4 910 912 913 911
4 899 911 914 901
4 911 913 915 914
4 912 916 917 913
4 916 918 919 917
4 913 917 920 915
4 917 919 921 920
4 901 914 922 907
4 914 915 923 922
4 907 922 924 909
4 922 923 925 924
4 915 920 926 923
4 920 921 927 926
4 923 926 928 925
4 926 927 929 928
4 665 904 930 687
4 904 905 931 930
4 687 930 932 689
4 930 931 933 932
4 905 908 934 931
4 908 909 935 934
4 931 934 936 933
4 934 935 937 936
4 689 932 938 695
4 932 933 939 938
4 695 938 940 697
4 938 939 941 940
4 933 936 942 939
4 936 937 943 942
4 939 942 944 941
4 942 943 945 944
4 909 924 946 935
4 924 925 947 946
4 935 946 948 937
4 946 947 949 948
4 925 928 950 947
4 928 929 951 950
4 947 950 952 949
4 950 951 953 952
4 937 948 954 943
4 948 949 955 954
4 943 954 956 945
4 954 955 957 956
4 949 952 958 955
4 952 953 959 958
4 955 958 960 957
4 958 959 961 960
4 697 940 962 719
4 940 941 963 962
4 719 962 964 721
4 962 963 965 964
4 941 944 966 963
4 944 945 967 966
4 963 966 968 965
4 966 967 969 968
4 721 964 970 727
4 964 965 971 970
4 727 970 972 729
4 970 971 973 972
4 965 968 974 971
4 968 969 975 974
4 971 974 976 973
4 974 975 977 976
4 945 956 978 967
4 956 957 979 978
4 967 978 980 969
4 978 979 981 980
4 957 960 982 979
4 960 961 983 982
4 979 982 984 981
4 982 983 985 984
4 969 980 986 975
4 980 981 987 986
4 975 986 988 977
4 986 987 989 988
4 981 984 990 987
4 984 985 991 990
4 987 990 992 989
4 990 991 993 992
4 729 972 994 751
4 972 973 995 994
4 751 994 996 753
4 994 995 997 996
4 973 976 998 995
4 976 977 999 998
4 995 998 1000 997
4 998 999 1001 1000
4 753 996 1002 759
4 996 997 1003 1002
4 759 1002 1004 761
4 1002 1003 1005 1004
4 997 1000 1006 1003
4 1000 1001 1007 1006
4 1003 1006 1008 1005
4 1006 1007 1009 1008
4 977 988 1010 999
4 988 989 1011 1010
4 999 1010 1012 1001
4 1010 1011 1013 1012
4 989 992 1014 1011
4 992 993 1015 1014
4 1011 1014 1016 1013
4 1014 1015 1017 1016
4 1001 1012 1018 1007
4 1012 1013 1019 1018
4 1007 1018 1020 1009
4 1018 1019 1021 1020
4 1013 1016 1022 1019
4 1016 1017 1023 1022
4 1019 1022 1024 1021
4 1022 1023 1025 1024
4 761 1004 1026 783
4 1004 1005 1027 1026
4 783 1026 1028 785
4 1026 1027 1029 1028
4 1005 1008 1030 1027
4 1008 1009 1031 1030
4 1027 1030 1032 1029
4 1030 1031 1033 1032
4 785 1028 1034 791
4 1028 1029 1035 1034
4 791 1034 1036 793
4 1034 1035 1037 1036
4 1029 1032 1038 1035
4 1032 1033 1039 1038
4 1035 1038 1040 1037
4 1038 1039 1041 1040
4 1009 1020 1042 1031
4 1020 1021 1043 1042
4 1031 1042 1044 1033
4 1042 1043 1045 1044
4 1021 1024 1046 1043
4 1024 1025 1047 1046
4 1043 1046 1048 1045
4 1046 1047 1049 1048
4 1033 1044 1050 1039
4 1044 1045 1051 1050
4 1039 1050 1052 1041
4 1050 1051 1053 1052
4 1045 1048 1054 1051
4 1048 1049 1055 1054
4 1051 1054 1056 1053
4 1054 1055 1057 1056
4 793 1036 1058 815
4 1036 1037 1059 1058
4 815 1058 1060 817
4 1058 1059 1061 1060
4 1037 1040 1062 1059
4 1040 1041 1063 1062
4 1059 1062 1064 1061
4 1062 1063 1065 1064
4 817 1060 1066 823
4 1060 1061 1067 1066
4 823 1066 1068 825
4 1066 1067 1069 1068
4 1061 1064 1070 1067
4 1064 1065 1071 1070
4 1067 1070 1072 1069
4 1070 1071 1073 1072
4 1041 1052 1074 1063
4 1052 1053 1075 1074
4 1063 1074 1076 1065
4 1074 1075 1077 1076
4 1053 1056 1078 1075
4 1056 1057 1079 1078
4 1075 1078 1080 1077
4 1078 1079 1081 1080
4 1065 1076 1082 1071
4 1076 1077 1083 1082
4 1071 1082 1084 1073
4 1082 1083 1085 1084
4 1077 1080 1086 1083
4 1080 1081 1087 1086
4 1083 1086 1088 1085
4 1086 1087 1089 1088
4 825 1068 1090 847
4 1068 1069 1091 1090
4 847 1090 1092 849
4 1090 1091 1093 1092
4 1069 1072 1094 1091
4 1072 1073 1095 1094
4 1091 1094 1096 1093
4 1094 1095 1097 1096
4 849 1092 1098 855
4 1092 1093 1099 1098
4 855 1098 1100 857
4 1098 1099 1101 1100
4 1093 1096 1102 1099
4 1096 1097 1103 1102
4 1099 1102 1104 1101
4 1102 1103 1105 1104
4 1073 1084 1106 1095
4 1084 1085 1107 1106
4 1095 1106 1108 1097
4 1106 1107 1109 1108
4 1085 1088 1110 1107
4 1088 1089 1111 1110
4 1107 1110 1112 1109
4 1110 1111 1113 1112
4 1097 1108 1114 1103
4 1108 1109 1115 1114
4 1103 1114 1116 1105
4 1114 1115 1117 1116
4 1109 1112 1118 1115
4 1112 1113 1119 1118
4 1115 1118 1120 1117
4 1118 1119 1121 1120
4 857 1100 1122 879
4 1100 1101 1123 1122
4 879 1122 1124 881
4 1122 1123 1125 1124
4 1101 1104 1126 1123
4 1104 1105 1127 1126
4 1123 1126 1128 1125
4 1126 1127 1129 1128
4 881 1124 1130 887
4 1124 1125 1131 1130
4 887 1130 1132 889
4 1130 1131 1133 1132
4 1125 1128 1134 1131
4 1128 1129 1135 1134
4 1131 1134 1136 1133
4 1134 1135 1137 1136
4 1105 1116 1138 1127
4 1116 1117 1139 1138
4 1127 1138 1140 1129
4 1138 1139 1141 1140
4 1117 1120 1142 1139
4 1120 1121 1143 1142
4 1139 1142 1144 1141
4 1142 1143 1145 1144
4 1129 1140 1146 1135
4 1140 1141 1147 1146
4 1135 1146 1148 1137
4 1146 1147 1149 1148
4 1141 1144 1150 1147
4 1144 1145 1151 1150
4 1147 1150 1152 1149
4 1150 1151 1153 1152
1 2 4 5 8 10 12 17 20 26 28 33 36 42 44 49 52 58 60 65 68 74 76 81 84 90 92 96 98 111 114 121 124 147 150 157 160 183 186 193 196 219 222 229 232 255 258 265 268 291 294 301 304 327 330 337 339 340 341 344 345 356 357 360 361 362 364 368 370 382 384 388 390 604 605 608 609 620 621 624 625 626 628 632 634 646 648 652 654 868 869 872 873 884 885 888 889 890 892 896 898 910 912 916 918 919 921 927 929 951 953 959 961 983 985 991 993 1015 1017 1023 1025 1047 1049 1055 1057 1079 1081 1087 1089 1111 1113 1119 1121 1132 1133 1136 1137 1143 1145 1148 1149 1151 1152 1153
