385 328 1
0 0
0.0009765625 0
0.0009765625 0.0009765625
0 0.0009765625
0.001953125 0
0.001953125 0.0009765625
0.0009765625 0.001953125
0 0.001953125
0.001953125 0.001953125
0.0029296875 0
0.0029296875 0.0009765625
0.00390625 0
0.00390625 0.0009765625
0.0029296875 0.001953125
0.00390625 0.001953125
0.0009765625 0.0029296875
0 0.0029296875
0.001953125 0.0029296875
0.0009765625 0.00390625
0 0.00390625
0.001953125 0.00390625
0.0029296875 0.0029296875
0.00390625 0.0029296875
0.0029296875 0.00390625
0.00390625 0.00390625
0.005859375 0
0.005859375 0.001953125
0.0078125 0
0.0078125 0.001953125
0.005859375 0.00390625
0.0078125 0.00390625
0.001953125 0.005859375
0 0.005859375
0.00390625 0.005859375
0.001953125 0.0078125
0 0.0078125
0.00390625 0.0078125
0.005859375 0.005859375
0.0078125 0.005859375
0.005859375 0.0078125
0.0078125 0.0078125
0.01171875 0
0.01171875 0.00390625
0.015625 0
0.015625 0.00390625
0.01171875 0.0078125
0.015625 0.0078125
0.00390625 0.01171875
0 0.01171875
0.0078125 0.01171875
0.00390625 0.015625
0 0.015625
0.0078125 0.015625
0.01171875 0.01171875
0.015625 0.01171875
0.01171875 0.015625
0.015625 0.015625
0.0234375 0
0.0234375 0.0078125
0.03125 0
0.03125 0.0078125
0.0234375 0.015625
0.03125 0.015625
0.0078125 0.0234375
0 0.0234375
0.015625 0.0234375
0.0078125 0.03125
0 0.03125
0.015625 0.03125
0.0234375 0.0234375
0.03125 0.0234375
0.0234375 0.03125
0.03125 0.03125
0.046875 0
0.046875 0.015625
0.0625 0
0.0625 0.015625
0.046875 0.03125
0.0625 0.03125
0.015625 0.046875
0 0.046875
0.03125 0.046875
0.015625 0.0625
0 0.0625
0.03125 0.0625
0.046875 0.046875
0.0625 0.046875
0.046875 0.0625
0.0625 0.0625
0.09375 0
0.09375 0.03125
0.125 0
0.125 0.03125
0.09375 0.0625
0.125 0.0625
0.03125 0.09375
0 0.09375
0.0625 0.09375
0.03125 0.125
0 0.125
0.0625 0.125
0.09375 0.09375
0.125 0.09375
0.09375 0.125
0.125 0.125
0.1875 0
0.1875 0.0625
0.25 0
0.25 0.0625
0.1875 0.125
0.25 0.125
0.0625 0.1875
0 0.1875
0.125 0.1875
0.0625 0.25
0 0.25
0.125 0.25
0.1875 0.1875
0.25 0.1875
0.1875 0.25
0.25 0.25
0.0625 0.3125
0 0.3125
0.125 0.3125
0.0625 0.375
0 0.375
0.125 0.375
0.1875 0.3125
0.25 0.3125
0.1875 0.375
0.25 0.375
0.0625 0.4375
0 0.4375
0.125 0.4375
0.0625 0.5
0 0.5
0.125 0.5
0.1875 0.4375
0.25 0.4375
0.1875 0.5
0.25 0.5
0.0625 0.5625
0 0.5625
0.125 0.5625
0.0625 0.625
0 0.625
0.125 0.625
0.1875 0.5625
0.25 0.5625
0.1875 0.625
0.25 0.625
0.0625 0.6875
0 0.6875
0.125 0.6875
0.0625 0.75
0 0.75
0.125 0.75
0.1875 0.6875
0.25 0.6875
0.1875 0.75
0.25 0.75
0.0625 0.8125
0 0.8125
0.125 0.8125
0.0625 0.875
0 0.875
0.125 0.875
0.1875 0.8125
0.25 0.8125
0.1875 0.875
0.25 0.875
0.0625 0.9375
0 0.9375
0.125 0.9375
0.0625 1
0 1
0.125 1
0.1875 0.9375
0.25 0.9375
0.1875 1
0.25 1
0.3125 0
0.3125 0.0625
0.375 0
0.375 0.0625
0.3125 0.125
0.375 0.125
0.4375 0
0.4375 0.0625
0.5 0
0.5 0.0625
0.4375 0.125
0.5 0.125
0.3125 0.1875
0.375 0.1875
0.3125 0.25
0.375 0.25
0.4375 0.1875
0.5 0.1875
0.4375 0.25
0.5 0.25
0.3125 0.3125
0.375 0.3125
0.3125 0.375
0.375 0.375
0.4375 0.3125
0.5 0.3125
0.4375 0.375
0.5 0.375
0.3125 0.4375
0.375 0.4375
0.3125 0.5
0.375 0.5
0.4375 0.4375
0.5 0.4375
0.4375 0.5
0.5 0.5
0.3125 0.5625
0.375 0.5625
0.3125 0.625
0.375 0.625
0.4375 0.5625
0.5 0.5625
0.4375 0.625
0.5 0.625
0.3125 0.6875
0.375 0.6875
0.3125 0.75
0.375 0.75
0.4375 0.6875
0.5 0.6875
0.4375 0.75
0.5 0.75
0.3125 0.8125
0.375 0.8125
0.3125 0.875
0.375 0.875
0.4375 0.8125
0.5 0.8125
0.4375 0.875
0.5 0.875
0.3125 0.9375
0.375 0.9375
0.3125 1
0.375 1
0.4375 0.9375
0.5 0.9375
0.4375 1
0.5 1
0.5625 0
0.5625 0.0625
0.625 0
0.625 0.0625
0.5625 0.125
0.625 0.125
0.6875 0
0.6875 0.0625
0.75 0
0.75 0.0625
0.6875 0.125
0.75 0.125
0.5625 0.1875
0.625 0.1875
0.5625 0.25
0.625 0.25
0.6875 0.1875
0.75 0.1875
0.6875 0.25
0.75 0.25
0.5625 0.3125
0.625 0.3125
0.5625 0.375
0.625 0.375
0.6875 0.3125
0.75 0.3125
0.6875 0.375
0.75 0.375
0.5625 0.4375
0.625 0.4375
0.5625 0.5
0.625 0.5
0.6875 0.4375
0.75 0.4375
0.6875 0.5
0.75 0.5
0.5625 0.5625
0.625 0.5625
0.5625 0.625
0.625 0.625
0.6875 0.5625
0.75 0.5625
0.6875 0.625
0.75 0.625
0.5625 0.6875
0.625 0.6875
0.5625 0.75
0.625 0.75
0.6875 0.6875
0.75 0.6875
0.6875 0.75
0.75 0.75
0.5625 0.8125
0.625 0.8125
0.5625 0.875
0.625 0.875
0.6875 0.8125
0.75 0.8125
0.6875 0.875
0.75 0.875
0.5625 0.9375
0.625 0.9375
0.5625 1
0.625 1
0.6875 0.9375
0.75 0.9375
0.6875 1
0.75 1
0.8125 0
0.8125 0.0625
0.875 0
0.875 0.0625
0.8125 0.125
0.875 0.125
0.9375 0
0.9375 0.0625
1 0
1 0.0625
0.9375 0.125
1 0.125
0.8125 0.1875
0.875 0.1875
0.8125 0.25
0.875 0.25
0.9375 0.1875
1 0.1875
0.9375 0.25
1 0.25
0.8125 0.3125
0.875 0.3125
0.8125 0.375
0.875 0.375
0.9375 0.3125
1 0.3125
0.9375 0.375
1 0.375
0.8125 0.4375
0.875 0.4375
0.8125 0.5
0.875 0.5
0.9375 0.4375
1 0.4375
0.9375 0.5
1 0.5
0.8125 0.5625
0.875 0.5625
0.8125 0.625
0.875 0.625
0.9375 0.5625
1 0.5625
0.9375 0.625
1 0.625
0.8125 0.6875
0.875 0.6875
0.8125 0.75
0.875 0.75
0.9375 0.6875
1 0.6875
0.9375 0.75
1 0.75
0.8125 0.8125
0.875 0.8125
0.8125 0.875
0.875 0.875
0.9375 0.8125
1 0.8125
0.9375 0.875
1 0.875
0.8125 0.9375
0.875 0.9375
0.8125 1
0.875 1
0.9375 0.9375
1 0.9375
0.9375 1
1 1
4 1 2 3 4
4 2 5 6 3
4 4 3 7 8
4 3 6 9 7
4 5 10 11 6
4 10 12 13 11
4 6 11 14 9
4 11 13 15 14
4 8 7 16 17
4 7 9 18 16
4 17 16 19 20
4 16 18 21 19
4 9 14 22 18
4 14 15 23 22
4 18 22 24 21
4 22 23 25 24
5 12 26 27 15 13
4 26 28 29 27
5 15 27 30 25 23
4 27 29 31 30
5 20 19 21 32 33
5 21 24 25 34 32
4 33 32 35 36
4 32 34 37 35
4 25 30 38 34
4 30 31 39 38
4 34 38 40 37
4 38 39 41 40
5 28 42 43 31 29
4 42 44 45 43
5 31 43 46 41 39
4 43 45 47 46
5 36 35 37 48 49
5 37 40 41 50 48
4 49 48 51 52
4 48 50 53 51
4 41 46 54 50
4 46 47 55 54
4 50 54 56 53
4 54 55 57 56
5 44 58 59 47 45
4 58 60 61 59
5 47 59 62 57 55
4 59 61 63 62
5 52 51 53 64 65
5 53 56 57 66 64
4 65 64 67 68
4 64 66 69 67
4 57 62 70 66
4 62 63 71 70
4 66 70 72 69
4 70 71 73 72
5 60 74 75 63 61
4 74 76 77 75
5 63 75 78 73 71
4 75 77 79 78
5 68 67 69 80 81
5 69 72 73 82 80
4 81 80 83 84
4 80 82 85 83
4 73 78 86 82
4 78 79 87 86
4 82 86 88 85
4 86 87 89 88
5 76 90 91 79 77
4 90 92 93 91
5 79 91 94 89 87
4 91 93 95 94
5 84 83 85 96 97
5 85 88 89 98 96
4 97 96 99 100
4 96 98 101 99
4 89 94 102 98
4 94 95 103 102
4 98 102 104 101
4 102 103 105 104
5 92 106 107 95 93
4 106 108 109 107
5 95 107 110 105 103
4 107 109 111 110
5 100 99 101 112 113
5 101 104 105 114 112
4 113 112 115 116
4 112 114 117 115
4 105 110 118 114
4 110 111 119 118
4 114 118 120 117
4 118 119 121 120
4 116 115 122 123
4 115 117 124 122
4 123 122 125 126
4 122 124 127 125
4 117 120 128 124
4 120 121 129 128
4 124 128 130 127
4 128 129 131 130
4 126 125 132 133
4 125 127 134 132
4 133 132 135 136
4 132 134 137 135
4 127 130 138 134
4 130 131 139 138
4 134 138 140 137
4 138 139 141 140
4 136 135 142 143
4 135 137 144 142
4 143 142 145 146
4 142 144 147 145
4 137 140 148 144
4 140 141 149 148
4 144 148 150 147
4 148 149 151 150
4 146 145 152 153
4 145 147 154 152
4 153 152 155 156
4 152 154 157 155
4 147 150 158 154
4 150 151 159 158
4 154 158 160 157
4 158 159 161 160
4 156 155 162 163
4 155 157 164 162
4 163 162 165 166
4 162 164 167 165
4 157 160 168 164
4 160 161 169 168
4 164 168 170 167
4 168 169 171 170
4 166 165 172 173
4 165 167 174 172
4 173 172 175 176
4 172 174 177 175
4 167 170 178 174
4 170 171 179 178
4 174 178 180 177
4 178 179 181 180
4 108 182 183 109
4 182 184 185 183
4 109 183 186 111
4 183 185 187 186
4 184 188 189 185
4 188 190 191 189
4 185 189 192 187
4 189 191 193 192
4 111 186 194 119
4 186 187 195 194
4 119 194 196 121
4 194 195 197 196
4 187 192 198 195
4 192 193 199 198
4 195 198 200 197
4 198 199 201 200
4 121 196 202 129
4 196 197 203 202
4 129 202 204 131
4 202 203 205 204
4 197 200 206 203
4 200 201 207 206
4 203 206 208 205
4 206 207 209 208
4 131 204 210 139
4 204 205 211 210
4 139 210 212 141
4 210 211 213 212
4 205 208 214 211
4 208 209 215 214
4 211 214 216 213
4 214 215 217 216
4 141 212 218 149
4 212 213 219 218
4 149 218 220 151
4 218 219 221 220
4 213 216 222 219
4 216 217 223 222
4 219 222 224 221
4 222 223 225 224
4 151 220 226 159
4 220 221 227 226
4 159 226 228 161
4 226 227 229 228
4 221 224 230 227
4 224 225 231 230
4 227 230 232 229
4 230 231 233 232
4 161 228 234 169
4 228 229 235 234
4 169 234 236 171
4 234 235 237 236
4 229 232 238 235
4 232 233 239 238
4 235 238 240 237
4 238 239 241 240
4 171 236 242 179
4 236 237 243 242
4 179 242 244 181
4 242 243 245 244
4 237 240 246 243
4 240 241 247 246
4 243 246 248 245
4 246 247 249 248
4 190 250 251 191
4 250 252 253 251
4 191 251 254 193
4 251 253 255 254
4 252 256 257 253
4 256 258 259 257
4 253 257 260 255
4 257 259 261 260
4 193 254 262 199
4 254 255 263 262
4 199 262 264 201
4 262 263 265 264
4 255 260 266 263
4 260 261 267 266
4 263 266 268 265
4 266 267 269 268
4 201 264 270 207
4 264 265 271 270
4 207 270 272 209
4 270 271 273 272
4 265 268 274 271
4 268 269 275 274
4 271 274 276 273
4 274 275 277 276
4 209 272 278 215
4 272 273 279 278
4 215 278 280 217
4 278 279 281 280
4 273 276 282 279
4 276 277 283 282
4 279 282 284 281
4 282 283 285 284
4 217 280 286 223
4 280 281 287 286
4 223 286 288 225
4 286 287 289 288
4 281 284 290 287
4 284 285 291 290
4 287 290 292 289
4 290 291 293 292
4 225 288 294 231
4 288 289 295 294
4 231 294 296 233
4 294 295 297 296
4 289 292 298 295
4 292 293 299 298
4 295 298 300 297
4 298 299 301 300
4 233 296 302 239
4 296 297 303 302
4 239 302 304 241
4 302 303 305 304
4 297 300 306 303
4 300 301 307 306
4 303 306 308 305
4 306 307 309 308
4 241 304 310 247
4 304 305 311 310
4 247 310 312 249
4 310 311 313 312
4 305 308 314 311
4 308 309 315 314
4 311 314 316 313
4 314 315 317 316
4 258 318 319 259
4 318 320 321 319
4 259 319 322 261
4 319 321 323 322
4 320 324 325 321
4 324 326 327 325
4 321 325 328 323
4 325 327 329 328
4 261 322 330 267
4 322 323 331 330
4 267 330 332 269
4 330 331 333 332
4 323 328 334 331
4 328 329 335 334
4 331 334 336 333
4 334 335 337 336
4 269 332 338 275
4 332 333 339 338
4 275 338 340 277
4 338 339 341 340
4 333 336 342 339
4 336 337 343 342
4 339 342 344 341
4 342 343 345 344
4 277 340 346 283
4 340 341 347 346
4 283 346 348 285
4 346 347 349 348
4 341 344 350 347
4 344 345 351 350
4 347 350 352 349
4 350 351 353 352
4 285 348 354 291
4 348 349 355 354
4 291 354 356 293
4 354 355 357 356
4 349 352 358 355
4 352 353 359 358
4 355 358 360 357
4 358 359 361 360
4 293 356 362 299
4 356 357 363 362
4 299 362 364 301
4 362 363 365 364
4 357 360 366 363
4 360 361 367 366
4 363 366 368 365
4 366 367 369 368
4 301 364 370 307
4 364 365 371 370
4 307 370 372 309
4 370 371 373 372
4 365 368 374 371
4 368 369 375 374
4 371 374 376 373
4 374 375 377 376
4 309 372 378 315
4 372 373 379 378
4 315 378 380 317
4 378 379 381 380
4 373 376 382 379
4 376 377 383 382
4 379 382 384 381
4 382 383 385 384
1 2 4 5 8 10 12 17 20 26 28 33 36 42 44 49 52 58 60 65 68 74 76 81 84 90 92 97 100 106 108 113 116 123 126 133 136 143 146 153 156 163 166 173 175 176 177 180 181 182 184 188 190 244 245 248 249 250 252 256 258 312 313 316 317 318 320 324 326 327 329 335 337 343 345 351 353 359 361 367 369 375 377 380 381 383 384 385
